 0 1 2 3 4
above 0.0 2.03454915536e-304 0.0 0.00167435669038 0.0
absence 0.00194337240107 0.0 0.0 0.0 0.0
absent 0.0 0.0 0.0 0.00167435669038 0.0
account 7.39455335235e-231 0.00170039560501 0.0 0.0 0.0
accuse 0.0 0.0 0.00221078793428 0.0 0.0
achieve 0.0 0.0 0.0 0.0 0.00341576226701
acquainted 0.0 0.0 0.0 0.0 0.00341576226701
act 0.0 0.00170039560501 0.0 0.0 0.0
actor 0.0 0.00170039560501 0.0 0.0 0.0
admitted 0.00194337240107 0.0 0.0 1.11298411757e-61 0.0
advantage 0.0 0.00170039560501 0.0 0.0 0.0
after 0.0 0.0 0.00221078793428 0.0 0.0
against 0.0 0.0 0.00663236380283 0.00334871338076 0.0
age 0.0 0.0 0.0 0.00167435669038 0.0
ah 0.0 0.0 0.00442157586855 0.0 0.0
aid 0.0 0.0 0.0 0.0 0.00341576226701
air 0.0 0.00170039560501 0.0 0.0 0.0
alack 0.0 0.0 0.00221078793428 0.0 0.0
alas 0.0 0.0 0.00221078793428 0.0 0.0
alien 0.00194337240107 0.0 0.0 0.0 0.0
alike 0.0 0.00170039560501 0.0 0.0 0.0
all 0.00363990523821 0.00126672508937 0.00691156229565 0.0104743868527 0.00683152453402
allayed 0.0 0.0 0.0 0.0 0.00341576226701
alone 0.0 0.00170039560501 0.0 0.0 0.00341576226701
alteration 0.00194337240107 0.0 0.0 8.90889407032e-120 0.0
altered 0.00194337240107 0.0 0.0 0.0 0.0
alters 0.0 0.00170039560501 0.0 0.0 0.0
am 0.0101900579966 0.00298675816967 4.23492070267e-193 0.0 0.0
amends 0.0 0.0 0.0 0.0 0.00341576226701
amis 0.0 0.0 0.0 0.0 0.00341576226701
amiss 0.0 0.0 0.0 0.0 0.00341576226701
an 0.0 0.00170039560501 0.0 0.0 0.0
and 0.000828910055189 8.22982004014e-275 0.0345823104524 0.0501150713325 0.0
angel 0.0 0.0 0.0 0.00167435669038 0.0
any 0.0 0.0 0.0 0.0 0.00341576226701
appearing 0.0 0.0 0.0 0.00167435669038 0.0
appetite 0.00194337240107 0.0 0.0 0.0 0.0
applying 0.0 0.0 0.00221078793428 0.0 0.0
are 0.0 0.0 0.00673758862455 0.0133676850386 0.00330861031913
argument 0.0 0.00340079121003 0.0 0.0 0.0
arrest 0.0 0.0 0.0 0.0 0.00341576226701
art 0.00583841861822 0.00849471452293 0.0 0.0 0.00341576226701
as 0.00670292238081 0.00593739648236 0.0239878386394 0.0103956627952 0.0
aside 0.0 0.0 0.0 0.0 0.00341576226701
asleep 0.0 0.0 0.0 0.0 0.00683152453402
at 0.0 0.00680158242005 0.0 0.0 0.0
aught 0.0 0.00170039560501 0.0 0.0 0.0
away 0.0 0.0 0.0 0.0 0.00341576226701
babe 0.0 0.00170039560501 0.0 0.0 0.0
bar 0.0 0.0 0.0 0.00167435669038 0.0
bare 1.59283261485e-147 0.00170039560501 7.21708590335e-219 0.0 0.0
barren 0.0 0.00170039560501 0.0 0.0 0.0
bars 0.0 0.0 0.0 0.0 0.00341576226701
base 0.0 0.00170039560501 0.0 0.0 0.0
bases 0.00194337240107 0.0 0.0 0.0 0.0
bastard 0.0 0.0 0.0 0.00167435669038 0.0
be 0.00237896494973 0.00622939028066 0.00226436114709 0.0168976430596 0.00681823366898
bear 0.00194337240107 0.0 0.0 0.0 0.00341576226701
bearst 0.00194337240107 0.0 2.29710913359e-292 0.0 0.0
beauteous 0.00194337240107 0.0 0.0 0.00167435669038 0.0
beauties 0.00194337240107 0.0 0.0 0.0 0.0
beautiful 0.0 0.0 0.00221078793428 0.0 0.0
beauty 5.35299511612e-272 0.0153035604451 0.0 0.0 0.0
beautys 0.0 0.0 0.0 0.00167435669038 0.0
bed 0.0 0.00170039560501 0.0 0.0 0.00341576226701
been 0.0 0.00170039560501 0.0 0.0 0.00341576226701
befits 0.0 0.0 0.0 0.0 0.00341576226701
before 0.0 0.00163493081371 0.00229590269833 0.0 0.00341576226701
befriends 0.00194337240107 0.0 0.0 0.0 0.0
begins 0.0 0.0 0.0 0.00167435669038 0.0
behold 0.0 0.00170039560501 0.0 0.0 0.00683152453402
being 0.0 0.0 0.00221078793428 0.00167435669038 0.0
believe 0.0 3.59705936463e-176 0.0 0.00167435669038 0.0
beloved 0.00194337240107 0.0 0.0 0.0 0.0
bequest 0.0 0.00170039560501 0.0 0.0 0.0
beshrew 0.0 0.0 0.00221078793428 0.0 0.0
besiege 0.0 3.44459090913e-220 0.0 0.00167435669038 0.0
best 0.00194337240107 0.0 0.0 0.0 0.0
bestowst 0.0 0.0 0.0 0.0 0.00341576226701
better 0.00185177097145 0.00348093985691 0.0 0.0 0.0
betwixt 0.0 0.0 0.00221078793428 0.0 0.0
birth 0.0 0.0 0.0 0.00167435669038 0.0
black 0.0 0.00510118681504 0.0 0.0 0.0
blame 0.0 0.0 0.0 0.0 0.00341576226701
blamed 0.0 0.0 0.0 0.00167435669038 0.0
blessed 0.00194337240107 0.0 0.0 0.0 0.0
blind 0.0 0.00170039560501 0.0 0.0 0.00341576226701
blood 0.0 0.00169223876088 0.0 0.00168238862512 0.0
bloody 0.0 0.00170039560501 0.0 0.0 0.0
blots 0.0 0.00170039560501 1.3773742248e-193 0.0 0.0
blunt 0.0 0.0 0.0 0.00167435669038 0.0
boast 0.00194337240107 2.8231675375e-304 0.0 0.0 0.0
body 0.0 0.00170039560501 3.68011649357e-188 0.0 0.0
bootless 0.0 0.00170039560501 0.0 0.0 0.0
bore 4.30559438592e-07 0.00170001887774 0.0 3.43046913813e-21 0.0
born 0.0 0.0 0.0 0.0 0.00341576226701
bosom 0.0 0.00170039560501 0.0 0.0 0.0
both 0.0 0.0 0.00442157586855 0.00167435669038 0.0
boughs 0.0 0.00170039560501 1.40717992226e-178 0.0 0.0
boundless 0.0 0.0 0.0 0.00167435669038 0.0
bow 0.0 0.0 0.0 0.0 0.00683152453402
brain 0.00388674480215 8.54832719953e-26 0.0 0.0 0.00341576226701
brand 0.0 0.00170039560501 0.0 0.0 0.0
brass 0.0 0.0 0.00221078793428 0.0 0.0
breasts 0.0 0.00170039560501 0.0 0.0 0.0
bright 0.00194337240107 0.0 0.0 0.0 0.0
bring 0.0 0.0 0.0 0.0 0.00341576226701
brings 0.0 0.0 0.0 0.00167435669038 0.0
broke 0.0 0.00170039560501 0.0 0.0 0.0
broken 0.0 0.0 0.0 0.0 0.00341576226701
brought 0.0 0.0 0.0 0.0 0.00341576226701
brow 0.0 0.0 0.0 0.0 0.00683152453402
budding 0.0 0.00170039560501 0.0 0.0 0.0
buds 0.0 0.0 0.0 0.00167435669038 0.0
but 0.0070047912996 5.179747717e-22 0.0331571569466 0.00903760381037 0.0
by 0.00580718254073 0.0 0.0 0.00839154333197 0.0
call 0.0 0.0 0.00442157586855 0.0 0.00683152453402
called 0.00194337240107 0.0 0.0 0.0 0.0
calls 0.0 0.00170039560501 0.0 0.0 0.0
can 0.00206160748189 0.00793459256222 0.00281397566268 0.0 0.0
cannot 0.00194337240107 0.0 0.0 0.0 0.0
canopy 0.0 0.0 0.0 0.0 0.00341576226701
canst 0.0 0.0 0.00221078793428 0.0 0.0
care 0.0 0.0 0.0 0.00167435669038 0.0
careful 0.0 0.00340079121003 0.0 0.0 0.0
case 0.0 0.00170039560501 0.0 0.0 0.0
cast 1.13115226055e-62 0.00170039560501 0.0 0.0 0.0
catch 0.0 0.0 0.0 0.0 0.00341576226701
centre 2.56713295665e-235 0.00170039560501 0.0 0.0 0.0
change 0.0 0.0 0.0 0.0 0.00341576226701
changing 0.0 0.00170039560501 0.0 0.0 0.0
character 0.0 0.0 0.0 0.00167435669038 0.00341576226701
charter 0.0 0.00170039560501 0.0 0.0 0.0
chaste 0.0 0.0 0.0 0.00167435669038 0.0
cheap 0.00194337240107 0.0 0.0 0.0 0.0
cheater 0.0 0.0 0.0 0.00167435669038 0.0
check 0.0 0.0 0.0 0.00167435669038 0.0
cheek 0.0 0.00170039560501 0.0 0.0 0.0
chide 0.0 0.0 0.0 0.0 0.00341576226701
chief 0.0 0.0 0.0 0.0 0.00341576226701
child 8.90930018427e-218 0.00170039560501 0.0 0.0 0.0
chronicle 2.45616382395e-226 0.00170039560501 0.0 0.0 0.0
clock 0.0 0.00170039560501 0.0 0.0 0.0
clouds 0.0 0.0 0.00221078793428 0.00167435669038 0.0
cold 0.0 0.0 0.0 0.0 0.00683152453402
come 0.0 0.00170039560501 0.0 0.0 0.00683152453402
comfort 0.0 0.00170039560501 0.0 0.0 0.0
coming 0.0 0.0 0.0 0.00167435669038 0.0
commits 0.0 0.0 0.0 0.0 0.00341576226701
compare 2.86383843732e-31 0.00340079121003 3.8094130648e-204 0.0 0.0
confess 0.0 1.53609130072e-101 0.0 0.00167435669038 0.0
confessed 0.0 0.00170039560501 0.0 0.0 0.0
confine 0.00194337240107 0.0 0.0 0.0 0.0
conscience 0.00194337240107 1.01167866359e-204 0.0 0.0 0.0
consider 0.00194337240107 0.0 2.12621522616e-226 0.0 0.0
contented 6.86124824285e-266 0.0 0.0 0.00334871338076 0.0
contents 0.0 0.0 0.0 0.0 0.00341576226701
control 0.0 0.0 0.0 0.0 0.00341576226701
count 0.0 0.00170039560501 0.0 0.0 0.0
counted 0.00194337240107 0.0 0.0 5.98465640817e-301 0.0
crave 0.0 0.0 0.0 0.0 0.00341576226701
creatures 0.0 0.0 0.0 0.00167435669038 0.0
cries 0.0 0.0 0.0 0.00167435669038 0.0
crowned 0.0 0.00170039560501 0.0 0.0 0.0
cruel 0.00388674480215 0.0 0.0 0.0 0.0
cry 0.0 0.0 0.0 0.0 0.00341576226701
cupid 0.0 0.0 0.00221078793428 0.0 0.0
dark 0.00194337240107 0.0 0.0 0.0 0.0
darling 0.0 0.00170039560501 0.0 0.0 0.0
day 0.0 0.0 0.0 0.0 0.010247286801
days 0.00583011720322 0.0 0.0 0.0 0.0
dead 0.0 0.0 0.0 0.0 0.00341576226701
deaf 0.00194337240107 1.14582060035e-233 0.0 0.0 0.0
dear 0.00807916808276 0.0 0.00186304691892 0.0 0.00341576226701
dearest 0.00388674480215 0.0 4.58600342776e-76 0.0 0.0
dearth 0.0 0.0 0.0 0.0 0.00341576226701
death 0.00583011720322 0.0 0.0 0.0 0.0
decay 0.0 0.0 0.0 0.0 0.00341576226701
decayed 0.0 0.0 0.0 0.0 0.00341576226701
decease 0.0 0.0 0.0 0.0 0.00341576226701
decrepit 0.0 0.00170039560501 0.0 0.0 0.0
dedicated 0.0 0.00170039560501 0.0 0.0 0.0
deem 0.0 0.0 0.0 0.0 0.00341576226701
deemed 0.0 0.0 0.0 0.0 0.00341576226701
deface 0.0 0.0 0.0 0.0 0.00341576226701
defaced 0.0 0.0 0.0 0.0 0.00341576226701
defect 0.0 0.0 0.0 0.0 0.00341576226701
delight 0.0 0.0 0.0 0.0 0.00341576226701
deny 0.0 0.0 0.0 0.00167435669038 0.0
depart 0.0 0.0 0.0 0.0 0.00341576226701
depends 0.0 0.0 0.0 0.0 0.00341576226701
desire 0.00198788680037 0.00166144677108 0.0 1.89859166578e-228 0.00341576226701
despair 0.0 0.0 0.0 0.0 0.00341576226701
despise 0.0 0.0 0.0 0.0 0.00341576226701
despite 0.0 0.00170039560501 0.0 0.0 0.0
devouring 0.0 0.0 0.00221078793428 0.0 0.0
did 0.00670723867617 0.00153246239589 0.0 0.00610708438123 0.0
didst 0.00269165258269 0.00104567171811 0.0 0.0 0.0
die 0.0 0.0 0.0 0.0 0.00341576226701
disgrace 0.0 0.0 0.0 0.00167435669038 0.0
dispatch 0.0 0.0 0.0 0.0 0.00341576226701
disposed 0.0 0.00170039560501 0.0 0.0 0.0
do 0.00679436091854 0.00183369885957 0.00676196501356 0.0173577411277 0.0
done 0.0 0.0 0.0 0.0 0.00341576226701
dost 1.18962016166e-41 0.00659513448333 0.00247920347606 0.0 0.0
doth 0.00397628626254 0.0 0.0110359093142 0.00663393570507 0.0
doting 0.00194337240107 0.0 0.0 0.0 0.0
down 0.001952844285 0.00169210797584 0.0 0.0 0.0
drained 0.0 0.00170039560501 0.0 0.0 0.0
dreams 0.0 0.00170039560501 7.05258507122e-276 0.0 0.0
drunk 3.83314888336e-226 0.00170039560501 0.0 0.0 0.0
due 0.0 0.0 0.0 0.0 0.00341576226701
dull 0.0 0.0 0.00221078793428 0.0 0.0
dun 0.0 0.0 0.0 0.0 0.00341576226701
each 0.0 0.0 0.00221078793428 0.0 0.0
earth 0.0 0.0 0.0 0.00167435669038 0.00341576226701
eased 0.00194337240107 0.0 0.0 0.0 0.0
easy 0.0 0.00170039560501 0.0 0.0 0.0
eclipses 0.0 0.0 0.00221078793428 0.0 0.0
embassage 0.0 0.0 0.0 0.0 0.00341576226701
end 0.0 0.0 0.00221078793428 0.0 0.0
endeared 0.0 0.0 0.00221078793428 0.0 0.0
enough 0.0 0.00141115619602 0.0 0.00195916684758 0.0
epitaph 1.83398717395e-35 0.00170039560501 0.0 7.34713597536e-205 0.0
esteemed 0.0 0.0 0.0 0.0 0.00341576226701
esteeming 0.0 0.0 0.0 0.0 0.00341576226701
eternity 0.0 0.0 0.0 0.0 0.00341576226701
ever 0.00388674480215 0.0 0.0 0.0 0.0
every 0.0116602344064 0.0 0.0 0.0 0.0
evil 0.00194337240107 0.0 0.0 0.0 0.0
exceed 0.0 0.0 0.0 0.0 0.00341576226701
excellent 0.0 0.0 0.0 0.0 0.00341576226701
excuse 1.00870374757e-123 0.0 0.0 0.00167435669038 0.0
expense 0.0 0.00170039560501 0.0 0.0 0.0
express 0.0 0.0 0.0 0.0 0.00341576226701
eye 0.0 0.0153035604451 0.0 0.0 0.00683152453402
eyes 0.00204761743976 0.0 0.00226442050496 0.00321918157385 0.0102454468778
face 2.53569904289e-138 0.00510118681504 0.0 0.0 0.0
faint 0.0 0.00170039560501 0.0 0.0 0.0
fair 2.36706895501e-297 0.00510118681504 0.0 0.0 0.00683152453402
fairer 0.00194337240107 0.0 0.0 0.0 0.0
fairest 0.0 0.00170039560501 0.0 0.0 0.0
faith 0.0 0.00170039560501 0.0 0.00167435669038 0.0
false 0.0 0.00170039560501 0.0 0.0 0.0
famished 0.00194337240107 0.0 0.0 0.0 0.0
fangled 0.0 0.0 0.0 0.00167435669038 0.0
farewell 0.0 0.0 0.00221078793428 0.0 0.0
fast 5.37427524682e-109 0.00340079121003 0.0 0.0 0.0
father 0.0 0.0 0.0 0.00167435669038 0.0
fault 1.08018631407e-156 0.00170039560501 0.0 0.0 0.00341576226701
faults 0.0 0.00170039560501 0.0 0.0 0.0
favour 0.0 0.0 0.0 0.00167435669038 0.0
fear 0.0 0.00170039560501 0.0 0.0 0.0
fears 0.00194591965157 0.00169816683324 1.80191440733e-31 0.0 0.00341576226701
feeding 8.37791274584e-196 0.00166309533353 0.00225928429001 0.0 0.0
fell 0.00583011720322 0.0 0.0 0.0 0.0
felt 0.0 0.00170039560501 0.0 0.0 0.0
fever 0.0 0.00170039560501 0.0 0.0 0.0
fierce 0.0 0.00340079121003 0.0 0.0 0.0
fight 0.0 0.0 0.0 0.0 0.00341576226701
fill 0.0 0.0 0.0 0.0 0.00341576226701
filled 1.63283196695e-223 0.00170039560501 0.0 0.0 0.0
finds 0.0 0.0 0.0 0.0 0.00341576226701
fingers 0.0 9.33181524631e-266 0.0 0.00167435669038 0.0
fire 0.0 0.00170039560501 0.0 0.0 0.00341576226701
first 0.0 0.00340079121003 0.0 0.0 0.0
fled 0.0 0.0 0.0 0.0 0.00683152453402
flesh 0.0 0.00170039560501 0.0 0.0 0.0
food 0.00194337240107 0.0 0.0 0.0 0.0
fool 0.0 0.0 0.0 0.00167435669038 0.0
for 0.0211875858014 0.000874245348291 0.0144747006855 0.00173475080275 0.0
forbid 0.0 0.00170039560501 0.0 0.0 0.0
force 0.0 0.00170039560501 0.0 0.0 0.0
forfeit 0.0 0.00170039560501 0.0 0.0 0.0
forget 0.00194337240107 0.0 0.0 0.0 0.0
forgetst 0.0 0.00170039560501 0.0 0.0 0.0
forgot 0.0 0.0 0.00221078793428 0.0 0.00341576226701
forsake 0.00194337240107 0.0 0.0 0.0 0.0
forsworn 0.0 0.0 0.0 0.0 0.00341576226701
forth 0.0 0.0 0.0 0.0 0.00341576226701
fortify 0.0 0.00170039560501 0.0 0.0 0.0
fortune 0.00397135921507 2.19157780983e-158 0.00165109739631 0.00369969770197 0.0
fortunes 0.00194337240107 0.0 0.0 0.0 0.0
forty 0.0 0.00170039560501 0.0 0.0 0.0
found 0.0 0.0 0.00221078793428 0.00167435669038 0.0
frame 0.00194337240107 0.0 0.0 0.0 0.00341576226701
freezings 0.0 0.00170039560501 0.0 0.0 0.0
fresh 0.0 0.00340079121003 0.0 0.0 0.0
friend 0.0 0.0 0.0 0.00167435669038 0.0
from 4.29919504482e-186 0.00432634169631 0.012061363023 0.0 0.0
full 0.0 0.0 0.00221676099374 0.00501854633012 0.0
function 0.0 0.00170039560501 0.0 0.0 0.0
furrows 0.00194337240107 0.0 0.0 0.0 0.0
fury 0.0 0.00170039560501 0.0 0.0 0.0
garments 0.0 0.00170039560501 0.0 0.0 0.0
gazed 0.0 0.00170039560501 0.0 0.0 0.0
gentle 0.0 0.00170039560501 0.00221379404153 0.00167207999268 0.0
gently 0.00194337240107 0.0 0.0 0.0 0.0
gift 0.0 0.00170039560501 0.0 0.0 0.0
gilded 0.00194337240107 0.0 0.0 0.0 0.0
give 0.0 0.00151076393234 0.00241505257175 0.00170638310593 0.0
gives 0.0 0.0 0.0 0.00334871338076 0.0
gladly 0.0 0.0 0.0 0.0 0.00341576226701
glance 0.00194337240107 0.0 0.0 0.0 0.0
glass 0.0 0.00510118681504 0.0 0.0 0.0
glorious 0.0 0.0 0.0 0.00167435669038 0.0
glory 0.0 0.00170039560501 0.0 0.0 0.0
god 0.00195823118973 0.0 0.00219388451903 0.0 0.0
goes 0.00194337240107 0.0 0.0 0.0 0.0
golden 0.0 0.0 0.0 0.00334871338076 0.0
gone 0.00194337240107 0.0 0.0 0.0 0.0
good 6.56651166209e-84 0.00170039560501 0.0 0.0 0.0
gored 0.0 0.0 0.00221078793428 0.0 0.0
got 0.00194337240107 0.0 0.0 0.0 0.0
grace 0.0 0.00170039560501 0.0 0.0 0.0
gracious 0.00206963666307 0.0 0.00206714922313 0.0 0.0
grant 0.0 0.0 0.00442157586855 0.0 0.0
great 0.00194084628163 0.0 0.0 0.00167653312604 0.0
green 0.0 0.0 0.0 0.00167435669038 0.0
grief 0.0 0.0 0.0 0.0 0.00341576226701
grieved 0.0 0.0 0.00221078793428 0.0 0.0
groan 0.0 0.0 0.0 0.0 0.00341576226701
grows 0.0 0.0 0.0 0.0 0.00341576226701
growst 0.0 0.0 0.0 0.0 0.00341576226701
halt 0.0 0.0 0.0 0.0 0.00341576226701
hand 0.00971686200537 0.0 9.30336570271e-184 0.0 0.0
hap 0.00194337240107 0.0 0.0 0.0 0.0
happy 0.0 0.00170039560501 0.0 0.0 0.0
hast 0.00489272164198 0.00252059007294 0.0 0.0 0.0
haste 2.18403649621e-200 0.00340079121003 0.0 0.0 0.0
hate 0.0 0.00170039560501 1.83558939503e-303 0.0 0.00683152453402
hath 0.0114332706333 2.96241050033e-102 0.00241461450501 0.00673860299226 0.0
have 4.42291118719e-131 0.0 0.00742761317124 0.0211643489491 0.0
he 0.0 0.00510118681504 0.0 0.0 0.0
head 0.0 0.0 0.0 0.0 0.00683152453402
hear 0.0 0.00170039560501 0.0 0.0 0.0
hearst 0.00194337240107 4.53982172201e-145 0.0 0.0 0.0
heart 0.0 0.0119027692351 0.0 4.84383987321e-229 0.00683152453402
hearts 0.0 0.0 0.0 0.0 0.00341576226701
heaven 0.00404493267744 8.12210164323e-133 0.0 0.00153806632875 0.0
heavy 0.0 0.00170039560501 0.0 0.0 0.0
heir 0.0 0.0 0.0 0.0 0.00341576226701
held 0.0 0.0 0.0 0.0 0.00341576226701
hence 0.0 0.00170039560501 0.0 0.0 0.0
her 0.00681568982197 0.0 0.0 0.00417392756651 0.0
here 1.50574344106e-281 0.00170039560501 0.0 0.0 0.0
him 0.0 0.0 0.00221078793428 0.0 0.0
his 0.00368914556228 1.16625032711e-160 0.00629963573365 0.00879402364972 0.0
hold 0.0 0.0 0.0 0.00334871338076 0.0
holds 0.00194337240107 0.0 0.0 0.0 0.0
homage 0.0 0.00170039560501 0.0 0.0 0.0
hopes 0.0 0.00340079121003 0.0 0.0 0.0
hour 0.00194337240107 0.0 0.0 0.0 0.0
hours 0.0 0.00510118681504 0.0 0.0 0.0
how 1.4358611603e-243 0.00100154855179 0.025227280913 0.0 0.0
huge 0.0 0.0 0.0 0.00167435669038 0.0
hurt 0.0 0.00170039560501 0.0 0.0 0.0
huswife 0.0 0.0 0.0 0.00167435669038 0.0
idle 0.0 0.00170039560501 0.0 0.0 0.0
idolatry 0.0 0.0 0.0 0.0 0.00341576226701
if 0.00547391946022 7.04402233583e-24 0.0203023033339 1.57332028411e-85 0.0
ill 0.00193148933575 0.0 0.0 0.00168576811139 0.0102448932253
image 0.0 0.00170039560501 0.0 0.0 0.0
immured 0.00194337240107 0.0 0.0 0.0 0.0
impression 0.00194337240107 0.0 0.0 0.0 0.0
imprint 0.0 0.0 0.0 0.00167435669038 0.0
in 0.0169681491606 0.0219037922724 0.0115767526655 0.0136470798302 0.0
increase 0.0 0.0 0.0 0.0 0.00341576226701
infection 0.0 0.00170039560501 0.0 0.0 0.0
inhearse 0.0 0.0 0.0 0.0 0.00341576226701
ink 0.00194337240107 0.0 0.0 0.0 0.0
interest 0.0 0.0 0.0 0.0 0.00341576226701
invent 0.0 0.0 0.0 0.0 0.00341576226701
invention 0.00194337240107 0.0 0.0 0.0 0.0
invoked 5.68491798888e-219 0.00170039560501 0.0 0.0 0.0
is 0.0159427613619 0.00996835325068 0.0126879705936 0.0304659912812 0.00682883568482
issueless 0.00194337240107 0.0 0.0 0.0 0.0
ist 0.0 0.0 0.00221078793428 0.0 0.0
it 0.0154755487509 0.00856447764489 1.95935269364e-221 7.12064665739e-61 0.0
jaws 0.0 0.0 0.0 0.0 0.00341576226701
join 0.0 0.0 0.00221078793428 0.0 0.0
jollity 0.0 0.0 0.0 0.0 0.00341576226701
journey 1.75963404027e-96 0.00340079121003 1.36562123311e-192 0.0 0.0
judgement 0.00194337240107 0.0 0.0 0.0 0.0
judgment 0.00206589228754 0.0 0.00207140883917 0.0 0.0
just 0.0 0.00170039560501 0.0 0.0 0.0
justify 1.45305290657e-173 0.00170039560501 0.0 0.0 0.0
keen 0.0 0.00170039560501 0.0 0.0 0.00341576226701
keep 0.00194337240107 0.0 0.0 0.0 0.00341576226701
key 0.0 0.0 0.0 0.0 0.00341576226701
kindling 0.0 0.0 0.0 0.00167435669038 0.0
kissing 0.0 0.0 0.00221078793428 0.0 0.0
knew 0.0 0.00170039560501 4.83393432866e-256 0.0 0.0
know 0.0 0.00340079121003 0.0 0.0 0.0
knows 0.00186850276387 0.0 2.09263767766e-198 0.00173886232908 0.0
knowst 0.00388674206569 2.39431871165e-09 0.0 0.0 0.0
labouring 0.00194337240107 6.33393719583e-225 1.63827691574e-185 0.0 0.0
lack 0.0 0.00170039560501 0.0 0.0 0.0
laid 0.0 0.00340079121003 0.0 0.0 0.0
lame 0.0 0.0 0.0 0.00167435669038 0.0
lameness 0.0 0.00170039560501 0.0 0.0 0.0
languished 0.00194337240107 0.0 0.0 0.0 0.0
league 0.0 0.0 0.0 0.00167435669038 0.0
lease 1.711170371e-241 0.00170039560501 0.0 0.0 0.0
leaves 0.0 0.0 0.0 0.00167435669038 0.0
left 0.0 0.0 0.00221078793428 0.0 0.0
lend 0.0 0.0 0.0 0.00167435669038 0.00341576226701
less 0.0 0.0 0.0 0.0 0.00341576226701
lest 0.0 0.0 0.00442157586855 0.0 0.0
let 0.0 0.0 0.0132647276057 0.0 0.0
liberty 0.00194337240107 0.0 0.0 0.0 0.0
lie 3.01832656436e-203 0.00170039560501 0.0 0.0 0.00341576226701
lies 0.0 0.0 0.0 0.0 0.00341576226701
life 0.00221455033614 0.00486391383087 0.0 0.0 0.00341576226701
light 0.0 0.0 0.0 0.0 0.00683152453402
like 1.22933832046e-288 0.00337688542926 0.00445265723075 0.0 0.0
line 0.00194337240107 0.0 0.0 8.78883970939e-197 0.0
lines 0.0 0.00170039560501 0.0 0.0 0.0
lions 0.00194337240107 0.0 0.0 0.0 0.0
lips 0.0 0.00170039560501 0.0 0.0 0.0
little 0.00194337240107 0.0 1.13554402391e-202 0.0 0.0
live 0.0 3.69139606398e-298 0.0 0.00502307007114 0.0
livery 0.0 0.00170039560501 0.0 0.0 0.0
lo 0.0 0.0 0.00442157586855 0.0 0.0
lofty 0.0 0.0 0.0 0.00167435669038 0.0
long 0.0 0.0 0.0 0.0 0.00341576226701
longer 0.000956522350462 0.0 0.00333343235571 0.0 0.0
longing 0.0 0.0 0.0 0.00167435669038 0.0
look 0.0 0.00168276755513 0.00223370723604 0.0 0.00341576226701
looks 0.0 0.0 0.0 0.00167435669038 0.0
lord 0.0 0.0 0.00221078793428 0.0 0.0
lost 0.0 0.00170039560501 3.09088812472e-210 0.0 0.0
love 0.0241076447928 0.0363839811152 0.00485838520364 0.0 0.0
loved 0.0 0.00170039560501 0.0 0.0 0.0
loveliness 0.0 0.00170039560501 0.0 0.0 0.0
lovely 0.0 0.0 0.00221078793428 0.0 0.0
loves 0.00204692899081 0.00671097334793 0.0 0.0 0.0
loving 3.7704213275e-142 0.00340032000271 0.0 0.00167482068189 0.0
lovst 1.77983909444e-284 0.00170039560501 0.0 0.0 0.0
luck 0.0 0.0 0.0 0.0 0.00341576226701
lying 0.00194337240107 0.0 0.0 0.0 0.0
made 0.0 0.00510118681504 0.0 0.0 0.00341576226701
make 9.47053076778e-30 0.00673656554943 0.00229007706516 0.00167911968538 0.00682990888026
makes 0.0 0.00340079121003 0.0 0.0 0.0
making 0.0 0.0 0.0 0.00167435669038 0.0
maladies 0.00194337240107 0.0 0.0 0.0 0.0
man 0.0 0.00170039560501 0.0 0.0 0.0
manners 0.00388674480215 0.0 0.0 0.0 0.0
many 0.0 0.00510118681504 0.0 0.0 0.00341576226701
map 4.65552531158e-225 0.00170039560501 0.0 0.0 0.0
marble 0.0 0.0 0.00221078793428 0.0 0.0
marriage 5.04969591684e-25 0.00170039560501 0.0 0.0 0.0
married 0.00194337240107 0.0 0.0 0.0 0.0
may 0.00388674480215 0.0 0.00221078793428 0.0 0.00341576226701
mayst 0.00388674480215 0.0 0.0 0.0 0.0
me 0.012235717675 0.0122501359771 0.00906654755567 0.0224339351212 0.00341576226701
meadows 0.0 0.00170039560501 0.0 0.0 0.0
memory 0.00194337240107 0.0 0.0 0.0 0.0
mens 0.00194337240107 0.0 0.0 0.0 0.0
merchandized 0.00194337240107 0.0 0.0 0.0 0.0
might 0.0 0.0016543696938 0.0 0.00339543072282 0.00682867612974
mightier 3.91442193079e-07 0.0 0.0 0.00167401943446 0.0
mind 0.0 0.00170039560501 0.0 0.0 0.00341576226701
minds 0.0 0.00170039560501 0.0 0.0 0.00341576226701
mine 0.0103086729201 1.66657381883e-292 0.0114834562059 0.00950307799786 0.00281981720267
mistress 0.0 0.00170039560501 0.0 0.0 0.0
monuments 0.0 0.0 0.0 0.0 0.00341576226701
moon 0.0 0.00170039560501 0.0 0.0 0.0
more 0.00976819648376 0.00490393421067 0.00240884976368 0.0 0.00341576226701
morning 0.0 0.00170039560501 0.0 0.0 0.0
mortal 0.0 0.0 0.0 0.00167435669038 0.0
most 0.00388170022467 0.0017048094669 0.0 0.0 0.0
mourn 0.00194337240107 6.42442518234e-193 4.29064637911e-118 0.0 0.0
mourners 0.0 0.0 0.0 0.00167435669038 0.0
moving 0.0 0.00170039560501 0.0 0.0 0.0
much 0.00197269138586 0.0 0.00217743454417 0.0 0.0
murdrous 0.0 0.0 0.0 0.00167435669038 0.0
muse 1.07990478478e-282 0.00850197802506 0.0 0.0 0.010247286801
music 0.00582903304732 0.0 0.00221202127421 0.0 0.0
must 0.0 0.00340079121003 0.0 0.0 0.0
my 0.0522765332073 0.0 0.032709266511 0.0457179691727 0.0
name 0.0 0.0 0.0 0.00167435669038 0.0
natures 0.00184476270012 0.0 0.00232296671017 0.0 0.0
near 0.0 0.0 0.0 0.0 0.00341576226701
need 0.0 0.0 0.0 0.0 0.00341576226701
needs 0.0 0.0 0.00221078793428 0.0 0.0
needy 0.00194337240107 0.0 1.4319552781e-197 0.0 0.0
never 0.0 0.0 0.00442157586855 0.00167435669038 0.0
new 7.06113417423e-99 0.0102023736301 0.0 0.0 0.00341576226701
night 0.0 0.0 0.0 0.0 0.00341576226701
no 0.00184786666642 0.0 0.0110507532016 0.00343341181516 0.0
none 0.0 0.0 0.0 0.0 0.00341576226701
nor 0.0 0.00850197802506 0.0 0.0 0.0
not 0.0280822734842 0.00618370930808 0.0176444112052 0.00659228196343 0.00339812778295
nothing 0.00790987021107 1.03551478233e-256 0.0042664287646 0.0 0.0
nought 1.30480474159e-108 0.00170039560501 0.0 0.0 0.0
novel 0.00194337240107 0.0 0.0 0.0 0.0
now 2.42077966006e-142 0.00850197802506 0.0 0.0 0.013663049068
numbers 0.0 0.00170039560501 0.0 0.0 0.0
nymphs 0.0 0.0 0.0 0.00167435669038 0.0
oertake 0.0 0.00170039560501 0.0 0.0 0.0
of 0.0158096316541 0.00536236666264 2.72708423399e-68 0.049747226239 0.0
offence 0.0 0.0 0.0 0.0 0.00341576226701
oft 0.0 0.00340079121003 0.0 0.0 0.0
old 0.0 0.00340079121003 0.0 0.0 0.00683152453402
on 0.0 0.0017180236549 0.0 0.0133774954193 0.0
once 0.00583011720322 0.0 0.0 0.0 0.0
one 0.00583011720322 0.0 0.0 0.0 0.0
open 0.0 0.0 0.0 0.0 0.00341576226701
oppression 0.00194337240107 0.0 0.0 0.0 0.0
or 0.00245062742654 0.0 0.0176836620176 0.00291367680386 0.0
orient 1.63806514281e-96 0.00170039560501 0.0 0.0 0.0
ornament 0.00187475764041 0.00176043157002 0.0 0.0 0.0
other 0.00242936950669 0.00297555755847 0.0 0.0 0.0
others 0.0 0.0 0.0 0.00167435669038 0.0
our 0.0 0.0 0.0 0.00334871338076 0.0
outworn 0.0 0.0 0.0 0.0 0.00341576226701
own 0.013247703698 0.0 0.0026156646835 3.73172401216e-168 0.0
painted 0.0 0.0 0.0 0.0 0.00341576226701
painter 0.0 0.00170039560501 0.0 0.0 0.0
painting 0.00194337240107 0.0 0.0 0.0 0.0
part 0.0 0.00170039560501 0.0 0.0 0.0
partly 0.00194337240107 0.0 0.0 3.45216079322e-54 0.0
parts 0.0 0.00170039560501 0.0 0.0 0.00341576226701
past 0.0 0.0 0.0 0.00167435669038 0.0
paws 0.0 0.0 0.0 0.0 0.00341576226701
peace 0.0 0.00170039560501 0.0 0.0 0.0
pebbled 0.00194337240107 0.0 0.0 0.0 0.0
pen 0.00194337240107 0.0 0.0 0.0 0.0
perjured 0.0 0.00170039560501 0.0 0.0 0.0
persuade 0.00194337240107 3.91532481334e-241 0.0 0.0 0.0
pictures 0.0 0.00170039560501 0.0 0.0 0.0
pine 0.0 0.0 0.00221078793428 0.0 0.0
pity 5.78181842017e-134 0.00170039560501 0.0 0.0 0.0
pitying 0.00194337240107 3.7229710078e-202 0.0 0.0 0.0
place 0.0 0.0 0.0 0.00167435669038 0.00341576226701
play 0.0 0.00170039560501 0.0 0.0 0.0
played 0.0 0.00170039560501 0.0 0.0 0.0
playst 0.0 0.0 0.0 0.0 0.00341576226701
plea 0.0 0.0 0.0 0.0 0.00341576226701
pleasure 0.0 0.0 0.0 0.00167435669038 0.0
plight 0.0 0.0 0.0 0.00167435669038 0.0
pluck 0.0 0.0 0.00221078793428 0.0 0.00341576226701
poor 0.0 0.0 0.00221078793428 0.0 0.0
possesseth 0.00194337240107 0.0 0.0 0.0 0.0
possessing 0.0 0.0 0.0 0.0 0.00341576226701
potions 0.0 0.00170039560501 0.0 0.0 0.0
poverty 0.0 0.00170039560501 0.0 3.66567419124e-106 0.0
power 0.0 0.00169636616583 0.0 0.00167832442496 0.0
powerful 0.0 0.0 0.0 0.00167435669038 0.0
praise 0.00157320550824 0.00202428111318 0.0 0.0 0.0
praises 0.00194337240107 0.0 0.0 0.0 0.0
precious 0.0 0.00170039560501 0.0 0.0 0.0
prepare 0.0 0.0 0.0 0.0 0.00341576226701
presenteth 0.0 0.0 0.0 0.00167435669038 0.0
preserve 3.04072268223e-25 0.00170039560501 0.0 0.0 0.0
press 0.0 0.0 0.0 0.0 0.00341576226701
pretty 0.0 0.00170039560501 0.0 0.0 0.0
prevent 0.0 0.00170039560501 0.0 0.0 0.0
pride 0.0 0.0 0.0 0.00167435669038 0.0
prime 0.0 0.0 0.0 0.0 0.00341576226701
promise 0.00194337240107 0.0 0.0 0.0 0.0
prophetic 0.0 0.00170039560501 0.0 0.0 0.0
proud 0.0 0.00169485747654 0.0 0.00167981001103 0.0
provide 0.0 0.0 0.0 0.0 0.00341576226701
purging 0.00194337240107 0.0 0.0 0.0 0.0
put 0.00188378700844 0.00345292673469 2.23594126269e-128 3.09671388263e-203 0.0
quickly 0.0 0.00170039560501 0.0 0.0 0.0
quill 0.0 0.0 0.0 0.0 0.00341576226701
quite 0.0 0.0 0.0 0.0 0.00341576226701
rage 0.0 0.00170039560501 0.0 0.0 0.00341576226701
ragged 0.00194337240107 0.0 0.0 0.0 0.0
rank 0.0 0.0 0.0 0.00167435669038 0.0
rased 0.0 0.0 0.0 0.0 0.00341576226701
reason 0.0 0.00170039560501 0.0 0.0 0.0
receivst 0.00194337240107 0.0 0.0 0.0 0.0
recite 0.0 0.0 0.0 0.0 0.00341576226701
register 0.0 0.0 0.0 0.0 0.00341576226701
reigns 0.0 0.0 0.0 0.00167435669038 0.0
releasing 0.0 0.0 0.0 0.0 0.00341576226701
remain 0.0 0.0 0.0 0.0 0.00683152453402
remedy 0.0 0.0 0.0 0.0 0.00341576226701
renew 0.0 0.0 0.0 0.00167435669038 0.0
renewest 0.0 0.0 0.0 0.0 0.00341576226701
repair 0.0 0.0 0.0 0.00167435669038 0.0
replete 0.0 0.0 0.00221078793428 0.0 0.0
repose 1.41235661093e-123 0.00170039560501 0.0 0.0 0.0
reserve 0.0 0.0 0.00221078793428 0.0 0.0
restful 0.00194337240107 0.0 0.0 0.0 0.0
resurvey 0.0 0.0 0.0 0.0 0.00341576226701
return 0.0 0.00170039560501 0.0 0.0 0.0
rhyme 0.0 0.0 0.0 0.00167435669038 0.0
rich 0.00388674480215 0.0 0.0 0.0 0.0
right 0.0 0.0 0.0 0.00167435669038 0.0
ripe 0.00194337240107 0.0 0.0 0.0 0.0
riper 0.0 0.00170039560501 0.0 0.0 0.0
rose 0.0 0.00170039560501 0.0 0.0 0.0
rough 0.0 0.0 0.00221078793428 0.0 0.0
runs 1.79449147273e-226 0.00170039560501 0.0 0.0 0.0
sadly 0.0 0.0 0.0 0.0 0.00341576226701
said 0.0 0.0 0.0 0.0 0.00341576226701
sail 4.16622579839e-247 0.00170039560501 0.0 0.0 0.0
saith 0.0 0.0 0.0 0.00167435669038 0.0
sake 0.0 0.00170039560501 0.0 0.0 0.00341576226701
same 0.0 0.0 0.0 0.0 0.00341576226701
saw 0.0 0.00170039560501 0.0 0.0 0.0
say 0.00391868085738 0.00461972125123 0.00280044007082 0.0 0.00341576226701
says 0.00194337240107 0.0 0.0 0.0 0.0
scanted 0.00194337240107 0.0 0.0 0.0 0.0
sea 0.0 0.0 0.0 0.0 0.00341576226701
see 0.00388674480215 0.0 0.0 0.0 0.00341576226701
seem 0.0 0.0 0.0 0.00167565132845 0.00341312114765
seeming 0.0 0.0 0.0 0.0 0.00341576226701
seems 0.0 0.00170039560501 0.0 0.0 0.0
seen 0.0 0.00170039560501 0.0 0.0 0.00683152453402
self 0.015202211835 0.00200205725594 0.0 4.4923115865e-271 0.0
send 0.0 0.0 0.0 0.00167435669038 0.0
sessions 0.0 0.00170039560501 0.0 0.0 0.0
set 5.3635798972e-171 0.00170039560501 0.0 0.0 0.0
sets 0.0 0.0 0.00221078793428 0.0 0.0
shade 0.0 0.0 0.0 0.0 0.00341576226701
shake 0.0 0.00340079121003 0.0 0.0 0.0
shall 0.0 0.0112072668572 0.00322556721262 0.00828808465585 0.0
shalt 0.00353260197562 0.00541105172072 1.1042935811e-263 0.0 0.0
shame 0.0 0.00170039560501 0.0 0.0 0.00683152453402
she 0.0 0.00510118681504 0.0 0.0 0.0
shine 0.00194337240107 0.0 0.0 0.0 0.0
shore 0.0 0.0 0.0 0.0 0.00341576226701
should 0.0 0.0 0.000927211801621 0.014366979457 0.0
show 0.0 0.00170039560501 0.0 0.0 0.0
shows 0.0 0.0 0.0 0.0 0.00341576226701
side 0.0 0.00170039560501 0.0 0.0 0.0
sigh 0.0 0.0 0.00221078793428 0.0 0.0
sight 0.0 0.0 0.0 0.0016764672945 0.00682721880756
signs 0.0 0.00170039560501 0.0 0.0 0.0
silent 0.0 0.0 0.0 0.00167435669038 0.0
sin 0.0 0.00337919085107 0.00229781861564 0.00162971293938 0.0
since 0.0 0.0 0.00884315173711 0.0 0.0
sinful 0.00194337240107 0.0 0.0 0.0 0.0
sing 0.0 0.0 0.0 0.0 0.00341576226701
siren 0.00194337240107 0.0 0.0 0.0 0.0
skill 0.0 0.0 0.0 0.0 0.00341576226701
slave 0.0 0.0 3.85285864136e-259 0.00167565132845 0.00341312114765
sleep 0.0 0.00170039560501 0.0 0.0 0.0
slight 0.0 0.0 0.00221078793428 0.0 0.0
slow 0.00194337240107 0.0 0.0 0.0 0.0
slumbers 0.0 0.00170039560501 0.0 0.0 0.0
snow 0.0 0.00170039560501 0.0 0.0 0.0
so 0.0 0.0 0.019783489312 0.0118065342257 0.0
sold 0.00194337240107 0.0 0.0 0.0 0.0
some 0.0122174571457 0.0 0.0112005296271 0.00108324777284 0.0
sometime 0.0 0.00170039560501 0.0 0.0 0.0
song 0.0 0.0 0.0 0.0 0.00341576226701
songs 0.0 0.00170039560501 0.0 0.0 0.0
sorrow 0.0 0.00170039560501 0.0 0.0 0.0
sought 0.0 0.0 0.0 0.0 0.00341576226701
soul 2.35972961343e-234 0.00508869517468 0.0 0.00168665704069 0.0
souls 0.0 0.00170039560501 9.087515243e-295 0.0 0.0
space 0.0 0.0 0.00221078793428 0.0 0.0
speak 0.0 0.00149827987256 0.00247357091331 0.0 0.0
spend 0.0 0.0 0.0 0.0 0.00683152453402
spends 1.66201871442e-219 0.00170039560501 0.0 0.0 0.0
spendst 0.0 0.0 0.00221078793428 0.0 0.0
spirit 0.0 0.00169734351882 0.0 0.00167736203862 0.0
spite 0.0 0.00170039560501 0.0 0.0 0.00341576226701
spot 0.0 0.00170039560501 0.0 0.0 0.0
spring 0.0 0.0 0.0 0.0 0.00341576226701
stage 0.0 0.00170039560501 0.0 0.0 0.00341576226701
stain 0.0 0.00170039560501 5.03406402208e-260 0.0 0.0
stars 2.52461225222e-233 0.00170039560501 0.0 0.0 0.00341576226701
state 0.0 0.0 0.0 0.0 0.00683152453402
stay 0.0 0.0 0.0 0.0 0.00683152453402
steal 1.20996291827e-243 0.00170039560501 0.0 0.0 0.0
steep 0.0 0.0 0.0 0.00167435669038 0.0
stelled 0.0 0.0 0.0 0.0 0.00341576226701
still 0.0 0.00170039560501 0.0 0.00167521948587 0.0102455266598
stone 0.0 0.0 0.0 0.00167565132845 0.00341312114765
store 0.0 0.0 0.0 0.0 0.00341576226701
straight 2.02945788127e-286 0.00170039560501 0.0 0.0 0.0
strange 0.0 0.0 0.0 0.0 0.00341576226701
strengthened 0.0 0.00170039560501 0.0 0.0 0.0
strife 0.0 0.0 0.0 0.0 0.00341576226701
subject 0.0 0.00340079121003 0.0 0.0 0.0
substance 2.44008851996e-296 4.02549881754e-06 0.00441634207226 0.0 0.0
successive 0.00194337240107 0.0 0.0 0.0 0.0
such 0.00582801144103 0.0 0.00221318345746 0.0 0.0
suffer 0.00194337240107 0.0 0.0 0.0 0.0
sum 0.0 0.0 0.0 0.0 0.00341576226701
summers 0.00194337240107 0.0 0.0 0.0 0.0
sun 0.0 0.0 0.0 0.0 0.00683152453402
supposing 0.00194337240107 4.06689476028e-142 0.0 0.0 0.0
survey 0.0 0.0 0.0 0.0 0.00341576226701
survive 0.0 0.00170039560501 0.0 0.0 0.0
suspect 0.0 0.0 0.0 0.0 0.00341576226701
swayst 0.0 0.0 0.0 0.0 0.00341576226701
swears 0.0 0.0 0.0 0.00167435669038 0.0
sweet 3.57005564352e-135 0.00606864316209 0.00537451485715 0.0 0.0
swift 0.00194337240107 0.0 0.0 0.0 0.0
tables 0.0 0.00170039560501 0.0 0.0 0.0
take 0.00185091896903 0.0 0.00231596331494 0.0 0.00341576226701
takes 0.00194337240107 0.0 0.0 0.0 0.0
task 7.91796701732e-249 0.0 0.00221078793428 0.0 0.0
teach 0.0 0.00170039560501 0.0 0.0 0.0
tears 0.0 0.0 0.0 0.0 0.00341576226701
teeth 0.0 0.0 0.0 0.00167435669038 0.0
tell 0.0 0.00340079121003 0.0 0.0 0.0
tells 7.82751163194e-304 0.00170039560501 0.0 0.0 0.0
tend 0.0 0.0 0.0 0.0 0.00341576226701
th 0.00384212846714 0.0 0.00226154364896 0.0 0.0
than 0.0 0.00510118681504 0.0 0.0 0.0
that 0.0207942927565 0.00547465234319 0.0503205976173 0.0407184667146 0.0
the 0.0179265836163 0.0 0.0480505517565 0.0603453995645 0.0
thee 0.00497361930753 0.00903293653681 0.0 0.0119622046798 0.00336149644208
their 1.69025236579e-56 0.00339937798002 0.0 0.00502446165972 0.0
them 0.00194337240107 0.0 0.0 0.0 0.0
themselves 0.0 0.00170039560501 0.0 0.0 0.0
then 0.0 0.00650317006481 0.00966136332323 0.00134852069214 0.0
thence 0.0 0.0 0.0 0.0 0.00341576226701
there 0.0 0.00510118681504 0.0 0.0 0.00683152453402
thereof 0.0 0.0 0.0 0.00167435669038 0.0
these 0.00375854095196 0.00176568772896 0.0022717428597 0.0 0.0
they 0.00258292682621 0.0026283473996 0.00463782215989 0.00172017332694 0.0
thine 0.00171609153005 0.0 0.00475091536518 0.00162200116335 0.00341320570858
thing 0.00194337240107 0.0 0.0 0.00334871338076 0.00341576226701
think 2.09142069583e-276 0.00340079121003 0.0 0.0 0.0
this 9.4983724529e-187 0.00845128247577 0.0 0.00339863260655 0.0
those 0.0 0.0 0.0160655084206 0.00122752119267 0.0
thou 0.0444384398238 7.55114837287e-71 0.0243005007124 0.025352364321 0.0
though 8.57756158579e-163 0.0 0.00222119308627 0.00501518965186 0.0
thought 0.0 0.00340079121003 0.0 0.0 0.00683152453402
thoughts 0.00583011720322 0.0 0.0 0.0 0.0
three 0.0 0.00170039560501 0.0 0.0 0.0
thus 0.0 0.0 0.00488306640144 0.00132484340179 0.0
thy 0.00752384546115 0.0 0.0352152363338 0.0254496227507 0.0
tied 0.0 0.0 0.0 0.00167435669038 0.0
tigers 0.0 0.0 0.0 0.00167435669038 0.0
time 0.00651329258021 0.00739928744506 0.0 0.00217239499916 0.00682981292867
times 0.00777348960429 0.0 0.0 0.0 0.0
tired 0.0 0.0 0.00221078793428 0.0 0.0
tis 0.00195675358243 0.00135422588966 0.00485642972474 0.0 0.0
to 0.0235590122287 0.00272377223356 0.0206660520789 0.0534581649858 0.0
today 0.0 0.00170039560501 0.0 0.0 0.0
toil 0.0 0.0 0.0 0.00167435669038 0.0
tomb 0.0 0.0 0.0 0.0 0.00341576226701
tongue 0.0 0.00170039560501 0.0 0.0 0.00341576226701
tongues 0.0 0.00170039560501 0.0 0.0 0.0
too 0.0 0.0 0.0 0.00669742676152 0.0
took 1.69417626678e-72 0.00170039560501 0.0 0.0 0.00341576226701
torn 0.0 0.0 0.0 0.0 0.00341576226701
torture 3.75764333213e-92 0.00170039560501 0.0 0.0 0.0
towards 1.71443581089e-257 0.00170039560501 0.0 0.0 0.0
towers 0.00194337240107 0.0 0.0 0.0 0.0
transgression 0.00194337240107 0.0 0.0 0.0 0.0
treasure 0.00194337240107 0.0 0.0 0.0 0.0
trimmed 0.00194337240107 0.0 0.0 0.0 0.0
triumph 0.00194337240107 0.0 0.0 0.0 0.0
trouble 0.00194337240107 0.0 5.36058804421e-228 0.0 0.0
truant 0.0 0.0 0.00221078793428 0.0 0.0
true 0.00777179176486 0.00170188116625 0.0 0.0 0.00683152453402
truth 0.0 0.00170039560501 0.0 0.0 0.00341576226701
twain 0.0 0.0 0.0 0.0 0.00341576226701
two 0.0 0.0 0.00221078793428 0.00334871338076 0.0
tyrannous 0.0 0.00170039560501 0.0 0.0 0.0
tyrants 2.84207465712e-220 0.00170039560501 0.0 0.0 0.0
under 0.0 0.0 0.0 0.00167435669038 0.0
unkind 0.00194337240107 0.0 0.0 0.0 0.0
unperfect 0.0 0.0 0.0 0.00167435669038 0.0
unseen 0.0 0.0 0.0 0.0 0.00341576226701
unthrifty 0.0 0.0 0.00221078793428 0.0 0.0
untutored 0.00194337240107 0.0 0.0 0.0 0.0
unused 4.13018590199e-28 0.0 0.0 0.00167435669038 0.0
upon 0.0 0.00333633944478 0.00450537353571 0.0 0.0
urge 0.00194337240107 0.0 0.0 0.0 0.0
use 0.00194337240107 0.0 0.0 0.0 0.010247286801
utmost 0.00194337240107 0.0 0.0 0.0 0.0
vacant 0.0 0.00170039560501 0.0 0.0 0.0
vassalage 0.0 0.0 0.0 0.0 0.00341576226701
verse 4.80331008159e-72 0.00340079121003 0.0 0.0 0.00341576226701
very 0.00194337240107 0.0 0.0 0.0 0.0
vex 2.82773357534e-45 0.00170039560501 0.0 0.0 0.0
vial 0.00194337240107 0.0 0.0 0.0 0.0
view 0.0 0.0 0.0 0.0 0.00341576226701
viewest 0.0 0.0 0.0 0.0 0.00341576226701
vile 0.0 0.0 0.0 0.00334871338076 0.0
violet 0.0 0.00170039560501 0.0 0.0 0.0
virtue 0.00194337240107 0.0 0.0 0.0 0.0
voice 0.0 0.00170039560501 0.0 0.0 0.0
vow 0.0 0.0 0.0 0.00167435669038 0.0
vowed 0.0 0.00170039560501 0.0 0.0 0.0
wailing 0.00194337240107 0.0 0.0 0.0 0.0
wane 0.0 2.69112117166e-87 0.0 0.00167435669038 0.0
want 0.0 0.0 0.0 0.00167435669038 0.0
wantonness 0.0 0.0 0.0 0.0 0.00341576226701
war 0.0 0.0 0.0 0.0 0.00341576226701
warning 0.0 0.00170039560501 0.0 0.0 0.0
was 0.0 0.0 0.0041330483236 0.00356723186359 0.0
waste 2.17649331847e-268 0.00170039560501 0.0 0.0 0.0
wasted 0.00194337240107 0.0 0.0 0.0 0.0
waves 0.0 0.00170039560501 0.0 0.0 0.0
way 0.0 0.0 0.0 0.0 0.013663049068
we 0.00388674480215 0.00170039560501 0.0 0.0 0.0
weak 0.00194337240107 0.0 0.0 1.80600972909e-161 0.0
wear 0.0 0.0 0.0 0.0 0.00341576226701
weary 0.0 0.0 0.00221078793428 0.0 0.0
well 0.00278210859196 0.00436731649149 0.0 0.0 0.0
were 0.0 0.0 0.0 0.0083717834519 0.0
weret 0.0 0.0 0.00221078793428 0.0 0.0
wert 0.00194337240107 0.0 0.0 0.0 0.0
wet 0.0 0.00170039560501 0.0 0.0 0.0
what 0.00183050104923 0.00687491978435 0.0114755291572 0.0114262354625 0.0
whats 0.0 0.0 0.00442157586855 0.0 0.0
when 0.00670813771092 1.78331395425e-118 0.0435881271434 0.00809064633269 0.0
where 0.0024896490563 0.00267949525318 0.002527142329 0.0 0.0
wherefore 0.0 0.00340079121003 0.0 0.0 0.0
wherein 0.00194337240107 0.0 0.0 0.0 0.0
whereof 0.0 0.00170039560501 0.0 0.0 0.0
whether 0.0 0.00340079121003 0.0 0.0 0.0
which 0.01303623766 1.54834106406e-05 0.0134667452424 0.00366929730703 0.0
whilst 0.0 0.0 0.00663236380283 0.0 0.0
white 0.0 0.00170039560501 0.0 0.0 0.0
who 0.0 0.00112580088721 0.0118010052751 0.0 0.0
whoever 0.0 0.0 0.00221078793428 0.0 0.0
whom 7.04004913223e-55 0.00340079121003 0.0 0.0 0.0
whose 0.00558716037749 0.0 0.00248717655572 0.0 0.0
why 0.0 0.0 0.0110539396714 0.0083717834519 0.0
widows 0.0 0.0 0.0 0.00167435669038 0.0
will 0.00228805618625 0.00644833397292 0.00241293951931 0.00659539667686 0.00341535001457
wilt 0.00388674480215 0.0 0.0 0.0 0.0
winds 0.0 0.00170039560501 0.0 0.0 0.0
wink 0.0 0.0 0.0 0.00167435669038 0.0
winter 0.0 5.70602948696e-293 0.0 0.00167435669038 0.0
winters 1.17125011723e-236 0.0 0.0 0.00502307007114 0.0
wise 0.0 0.00170039560501 0.0 0.0 0.0
wish 0.00194337240107 0.0 0.0 0.0 0.0
with 2.03936295827e-220 0.0352111917336 0.00234473457519 0.00875984138037 0.0
within 3.2354608004e-139 0.00340079121003 0.0 0.0 0.0
womans 0.0 0.0 0.00442157586855 0.0 0.0
words 0.00204301155225 0.000991030073072 0.0 0.00228701301544 0.0
work 0.00194337240107 1.76780866189e-15 0.0 0.0 0.0
world 2.63429103125e-196 0.00340079121003 0.0 0.0 0.0
worlds 0.0 0.0 0.00221078793428 0.0 0.0
worst 0.0 0.00170039560501 0.0 0.0 0.0
worth 0.0 0.00340079121003 0.0 0.0 0.00341576226701
worthless 0.00194337240107 0.0 0.0 0.0 0.0
would 0.0 0.00340079121003 0.0 0.0 0.0
wound 0.0 0.0 0.00221078793428 0.0 0.0
writ 5.98896443597e-256 0.00170039560501 0.0 0.0 0.0
write 0.0 0.0 0.0 0.0 0.00341576226701
writers 0.00194337240107 0.0 0.0 0.0 0.0
written 0.0 0.0 0.0 0.00167435669038 0.0
wrong 0.0 0.0 0.0 0.0 0.00341576226701
wrongs 0.0 0.0 0.0 0.00167435669038 0.0
yea 5.77855800754e-35 0.0 0.0 0.00167435669038 0.0
year 0.00194337240107 4.66283731393e-152 0.0 0.0 0.0
years 0.0 0.00170039560501 0.0 0.0 0.0
yet 0.0 0.00316393463318 0.00251873960193 0.0 0.0
you 0.00545007184616 0.0241380673537 0.0 0.0 0.00341576226701
young 0.0 0.00170039560501 0.0 0.0 0.0
youngly 0.00194337240107 0.0 0.0 0.0 0.0
your 0.00347066042828 0.00170039560501 0.00420858845359 0.0122402913913 0.0
youth 0.00388674480215 0.0 0.0 0.0 0.00341576226701
youths 0.0 0.00170039560501 0.0 0.0 0.0
