5.677107656795987722e-01 5.859068894345721172e-104 4.322892343204011723e-01 5.777789283284956392e-104 5.966758185189518929e-104 4.338491549792313561e-104 4.688104970622800513e-104 4.344211429105270622e-104 3.465127605065006434e-104 4.672640839811394959e-104
3.220408134524851973e-01 8.194615748848319334e-75 8.580794609231746917e-02 5.921512404551972919e-01 1.087966038467280883e-103 6.546908858666520647e-104 6.625567212452407334e-88 8.901299197884190757e-104 4.705181009196335009e-104 7.193078650158996766e-104
8.038693765411950602e-104 5.277602537509816331e-03 7.757229553464699252e-104 8.663431827720634772e-104 7.714330991063567696e-104 6.568352809636188478e-104 2.000660561301184863e-71 5.307245369769763385e-104 4.615881194721531855e-104 9.947223974624901377e-01
3.586702316630083213e-79 6.131315520672027120e-01 3.690665600771610988e-01 9.238090438933694178e-88 1.225497394282741211e-103 1.780188785563613374e-02 8.122959517213696484e-104 9.829046471610343294e-104 5.010934116574378548e-104 6.569789686730851089e-104
2.530345899542970067e-01 3.125016124991579214e-01 5.917843665622325243e-104 2.985380713097742222e-01 6.890804079172500910e-103 1.570572178576230826e-02 2.415156019231328772e-35 1.202200044510085136e-01 4.502323270755927608e-104 4.845360981304821233e-104
8.475397016443292789e-104 1.222000170052207485e-01 6.444223175470622697e-104 4.612024396232085321e-02 2.992292306557469845e-96 1.344593371142418578e-57 2.760358021246974158e-01 5.556439369077609269e-01 6.228143878953246057e-104 6.298825020870621879e-104
1.048595689578072238e-103 9.216809159187757628e-104 5.306832270319615402e-104 1.027091309642937655e-103 6.717315310309341925e-01 8.833705281092950499e-104 1.994853475571990986e-86 3.282684689690658075e-01 4.636418278728021776e-104 4.741693717510516032e-104
1.025662378001399108e-103 1.130692892054850764e-103 6.225239554562329932e-104 3.850120398923846070e-97 4.135948016026713137e-01 3.050987032243103379e-86 5.864051983973286308e-01 1.208835420581132923e-103 5.355642726701875536e-104 5.664925673648776023e-104
5.078269252302425318e-04 8.029483420169346493e-104 4.644761876241665523e-104 6.326964745831474802e-104 9.070128634596043192e-104 7.123921676167032091e-01 2.871000054580666316e-01 8.592246603313028239e-104 4.640371229698370144e-104 4.640371229698370144e-104
0.000000000000000000e+00 0.000000000000000000e+00 0.000000000000000000e+00 0.000000000000000000e+00 0.000000000000000000e+00 0.000000000000000000e+00 0.000000000000000000e+00 0.000000000000000000e+00 0.000000000000000000e+00 0.000000000000000000e+00
