A
[-5960.46669358 -5860.94918083 -5864.03180219 -5988.03517776 -5869.08120965
 -5892.70194114 -5886.2774467  -5886.97170246 -5909.14367161 -5947.50483433]
B
[-5783.80962358 -5735.63221207 -5751.85723802 -5830.28745033 -5735.35093916
 -5692.56412666 -5652.8594749  -5739.17664894 -5771.28615016 -5791.57123187]
C
[-5842.81100723 -5786.82812344 -5815.0904591  -5820.40286181 -5836.65280131
 -5795.75477793 -5822.48964565 -5793.33018319 -5777.44245512 -5889.26299296]
D
[-5778.7133772  -5787.42491557 -5743.40557484 -5737.06191933 -5728.14095158
 -5786.35320616 -5785.11085286 -5865.36176417 -5709.32652217 -5720.70114787]
E
[-5700.2938461  -5780.49042509 -5734.52529495 -5801.91250469 -5676.55277895
 -5712.99874153 -5778.41241375 -5764.61811776 -5664.70029369 -5732.12273284]
F
[-5752.13291029 -5934.68110762 -5871.25814935 -5780.78105138 -5806.33260845
 -5845.79950042 -5786.69415972 -5808.26748289 -5875.99156509 -5768.3374043 ]
G
[-6131.05983623 -6141.63969734 -6178.98453787 -6112.84791103 -6184.56703608
 -6234.81518264 -6149.87698019 -6148.97039562 -6156.50014438 -6185.44168282]
