A
[-4729.01831424 -4737.12874143 -4748.85216197 -4739.05452057 -4784.13560235
 -4713.52419431 -4692.6615136  -4694.36603522 -4712.04350065 -4720.50911563]
B
[-4576.39557979 -4565.59974316 -4560.33013678 -4606.29034151 -4578.42229878
 -4543.73833855 -4531.48682399 -4571.54179044 -4555.24782017 -4571.5786231 ]
C
[-4628.31837914 -4647.02952646 -4695.1420611  -4648.10223437 -4622.33315599
 -4640.59401349 -4683.57810178 -4655.55857516 -4672.41368261 -4628.26682259]
D
[-4569.20736922 -4510.15960872 -4483.13484538 -4532.34712854 -4523.02876521
 -4565.4427753  -4530.06803935 -4526.37316195 -4509.6511286  -4557.91770962]
E
[-4587.85471362 -4619.22027431 -4552.4234251  -4605.15515628 -4653.95592804
 -4560.15938916 -4583.86807536 -4589.46562255 -4586.45616347 -4575.3021047 ]
F
[-4631.40488469 -4641.23095066 -4629.65911315 -4643.93793555 -4658.63699318
 -4667.82753765 -4651.67476667 -4673.52086526 -4660.04847825 -4671.0046053 ]
G
[-5031.30758993 -4989.12658886 -5031.85380694 -5049.16539903 -5016.71397836
 -5016.97563141 -5024.36170354 -5014.89018275 -4995.7659333  -4996.31510326]
