A
[-5142.0456406  -5123.83234793 -5142.05251621 -5188.33563106 -5158.1239732
 -5198.82842586 -5170.29605662 -5131.85473413 -5088.38424568 -5169.13625281]
B
[-4991.3551564  -5021.71516539 -5012.44733385 -4980.69204382 -4888.20099107
 -4990.21071705 -4988.04802159 -4984.93736665 -5020.56007372 -5013.18143623]
C
[-5133.21949534 -5076.47890327 -5080.3276756  -5022.17007754 -5053.07906997
 -5033.23428239 -5056.18870849 -5045.92838635 -5028.02143329 -5063.78626835]
D
[-4914.35355037 -4972.13140257 -4956.45461758 -4950.22756693 -5012.3707241
 -4964.4262103  -5009.0015513  -4992.49454858 -4995.42625109 -4964.16084281]
E
[-5031.35608111 -4976.91005482 -4982.75569581 -4998.13107395 -5017.2778659
 -4985.09796773 -5024.02671761 -4987.02120065 -5017.08311686 -4975.42063698]
F
[-5030.85204094 -5140.82507215 -5003.58391496 -5073.54943393 -5085.29027574
 -5002.74152111 -5066.23534561 -5085.36027582 -4988.3121503  -4994.573128  ]
G
[-5423.98161397 -5397.76081294 -5418.1467548  -5444.36766584 -5418.31128447
 -5444.21686055 -5422.31894242 -5440.33406924 -5414.0181475  -5375.70187395]
