A
[-5534.53186837 -5558.82007416 -5538.40014481 -5499.73956335 -5507.83513369
 -5561.61752798 -5538.60143481 -5620.78642012 -5537.26315065 -5491.3245453 ]
B
[-5330.22335322 -5341.08623782 -5327.53066592 -5438.07698049 -5452.42522843
 -5402.99161725 -5369.23149492 -5339.37152047 -5351.27816611 -5290.34556582]
C
[-5490.93186255 -5494.53973305 -5557.86940809 -5461.20704141 -5456.6528823
 -5440.270135   -5440.37676037 -5449.33069594 -5517.5814277  -5419.93721088]
D
[-5426.31455528 -5408.4297725  -5353.88178457 -5332.0500636  -5332.8042389
 -5368.7341213  -5299.85466879 -5358.11884976 -5391.993133   -5394.25916997]
E
[-5388.79819303 -5385.43470079 -5401.02339681 -5364.86093882 -5396.02000039
 -5382.83604323 -5436.70944388 -5363.59299563 -5354.64270267 -5432.96205203]
F
[-5515.37242948 -5551.46855659 -5468.13421944 -5357.03331264 -5507.97016291
 -5481.89834447 -5529.36902789 -5473.7620318  -5373.70763994 -5482.35311595]
G
[-5823.61525412 -5806.25172456 -5804.20017245 -5816.39082161 -5770.82792777
 -5791.03836463 -5790.36553052 -5776.03390855 -5838.80306602 -5811.88471105]
