2.680481987705525116e-41 3.232343310786112700e-01 6.380913468472747585e-23 8.654769262751962899e-02 5.484822117828497268e-01 3.961342630736956748e-31 1.487830234213457285e-28 2.125801270560019989e-50 4.173576451101954771e-02 9.781918767005190486e-47 3.289473538249817981e-103 3.289473542921499224e-103
1.203900692141822249e-37 2.159369021691892876e-01 2.102112265843907904e-06 2.722605254479095238e-10 5.877854418126475800e-01 6.963016749988205500e-11 8.212128655541399328e-21 5.414762212850204635e-41 1.962755535640067495e-01 2.393630482854591006e-33 7.235876070045039714e-103 3.917725690947567518e-69
9.171461050922568959e-68 7.165982794509957570e-12 4.046153729573773379e-17 3.712857152617860673e-02 5.277133611573288086e-01 2.447884136458921070e-02 2.287789915307457123e-01 2.288976346811614414e-14 1.819002344137627680e-01 2.060330861287217220e-13 7.138890430978595721e-103 6.441722122567074094e-31
5.081101912653580381e-08 1.079049236593597539e-30 4.102716708209533598e-27 2.846801694908654978e-01 6.746563858259991507e-18 4.259337917983300746e-16 5.989182299511686291e-23 3.023530119249422144e-14 2.290358086000332875e-16 7.153197796980845791e-01 3.766818995261613250e-103 1.143845731127704202e-34
1.442236194663782178e-37 1.023878855052709821e-26 3.619559239313820396e-19 2.556215504732035071e-01 5.284506027507514941e-03 3.733739706298980776e-01 3.657199728693908969e-01 3.159860385994704389e-31 1.404314516968675675e-21 1.207140546270208313e-22 1.960728435502095997e-103 3.157646523713113809e-32
3.649096251850072741e-35 5.207228362105456587e-02 9.114465893513380957e-30 5.624274739016608323e-11 9.479266757463661319e-01 1.040576334855899219e-06 1.889661322981695489e-34 1.223299169464765695e-15 2.047606923022641408e-17 3.906883276460977787e-16 5.158486887571226374e-103 6.369310106680546883e-37
8.392736246640996069e-36 3.278817517418182603e-18 7.466216802831513262e-26 3.518842253916105886e-06 2.081656100784852209e-15 1.410117694219818835e-18 3.933773331230221160e-02 6.069231019981372599e-01 3.537356454363118630e-01 4.109926243093664377e-10 4.395228490576773566e-103 2.008064484670016984e-36
1.676115856141110071e-33 8.898135608935833556e-21 7.196594544468631590e-04 7.948451286798924320e-02 7.049364388969875644e-19 4.265614080730051474e-24 1.861018525831765929e-11 5.205879344266051675e-08 8.705182650840674184e-13 3.041799333244961379e-02 3.314885238789337334e-103 8.893777822668401667e-01
9.049522822022138815e-40 5.277326908985852088e-18 7.335409781719440803e-01 1.569427103046592075e-13 2.497490099703402917e-14 3.183042384714601432e-20 6.174655798907938830e-15 3.431814673202681495e-11 5.022958611471365492e-02 2.103347800311982756e-18 6.056543587036802648e-103 2.162294356788361793e-01
2.981594152897832637e-44 4.136045490532260898e-37 9.415959870938167553e-02 2.029013094370915593e-02 8.374309375298791963e-03 7.681043942762450424e-15 1.448286184405375575e-26 8.217083017662453193e-01 5.546765920185538212e-02 3.502135724241570511e-12 5.023196888680018814e-103 1.899508959450428920e-24
1.000000000000000000e+00 7.514056503338124573e-26 7.394311189765474319e-26 4.814592695597742643e-24 4.719464230215411435e-28 3.324510642017421642e-29 2.814911725590035673e-30 1.520593242836318269e-76 7.541990314931179046e-46 5.135514328161289132e-51 3.289473684210526616e-103 3.289473684210526616e-103
0.000000000000000000e+00 0.000000000000000000e+00 0.000000000000000000e+00 0.000000000000000000e+00 0.000000000000000000e+00 0.000000000000000000e+00 0.000000000000000000e+00 0.000000000000000000e+00 0.000000000000000000e+00 0.000000000000000000e+00 0.000000000000000000e+00 0.000000000000000000e+00
