2.146003228326373857e-01 3.630653260721299719e-61 4.085496393348171557e-24 2.014799963553333961e-01 7.892200765057595967e-20 2.147626029158634098e-01 3.217530531475073757e-14 2.920688266302924330e-01 9.390659450367852782e-24 7.708825126584108178e-02 3.849402763602662405e-103 1.694077613418017606e-53
6.340458389464041781e-32 1.170653409281310733e-83 4.119710619725567414e-72 9.100572725777641097e-29 4.125852590580340635e-07 2.059115858319147452e-66 4.731883961534583754e-47 8.618649703163355769e-01 6.541962110578962368e-40 1.381346170984054100e-01 5.282763748577402041e-103 5.283142268048029253e-103
2.494013682615999303e-40 5.860110169483473234e-03 1.855805816221431601e-34 5.808350691349359884e-01 1.196472826917657192e-34 3.490418880165193083e-01 8.003237585168122801e-18 2.351738793506213569e-24 6.426293267906124651e-02 1.536311295233869859e-43 4.922805238391928118e-103 2.737927472139209118e-40
1.367835065672387933e-48 2.906235900134445406e-73 1.093732734326701844e-01 3.682010280652703780e-27 1.763252831696496711e-34 1.551632507258117744e-01 1.349922248207155104e-02 1.828149412608646098e-34 3.704939375424187756e-13 9.864169606088048022e-40 4.633768852065054041e-103 7.219642533590759914e-01
3.917729846661080706e-28 4.303089521474629891e-47 1.738837322005437223e-15 7.054344316645474880e-15 3.475776536580665998e-14 1.770611111599242477e-27 1.598971831685009615e-01 1.385256871262876834e-42 7.786177795354672915e-01 6.148503729598814999e-02 3.520037883357005434e-103 4.579433617179300417e-18
1.939235652060151991e-15 6.149256890782896587e-103 6.852574661312480497e-01 2.793971868265425207e-01 1.365789978741852342e-07 4.981303677446073110e-24 2.058830904184982477e-02 1.102589627037982736e-18 1.475690142135974159e-02 3.215701293905160102e-74 6.143590693857283256e-103 3.782436943547862745e-37
2.146165170139071197e-24 7.462438926466425171e-101 2.545909947052606426e-01 4.683612402107400781e-13 2.767658594024119684e-22 7.798474477370749820e-41 1.208510089185841482e-14 7.708795114623741386e-59 7.495827821335643899e-19 9.286041107149842211e-02 4.403309805934450963e-103 6.525485942227604585e-01
6.969920779527954930e-24 3.532768382119707976e-39 3.725769183811393492e-02 1.794049411276239454e-35 3.956321795797599350e-01 9.490741311610810527e-03 1.323270254977666760e-02 9.617401007117742617e-17 5.319145872316377588e-01 1.247209748910090010e-02 3.661917145702649101e-103 3.292312608184574221e-43
2.136338838472796246e-41 1.480543389183373969e-74 1.253633283373178365e-29 1.234561777865916833e-12 4.609702747909268927e-01 8.218333121722482195e-32 4.498443306539640085e-01 8.918539455387444748e-02 3.193609329433347395e-29 1.066286321387127986e-44 2.618433390165239077e-103 2.057503403236167651e-32
1.000000000000000000e+00 1.866094084339254810e-37 4.741211528649827161e-21 1.481278901223564261e-47 6.099078917358257491e-27 1.235555300031305639e-48 4.513240249237092757e-40 2.270372168225726470e-25 2.045501840692861580e-53 9.264775636745783939e-38 4.901202375694878114e-103 4.907582856615459155e-103
4.669579066702422555e-45 6.187646541035962677e-01 1.388924609708026582e-50 3.289605991114126509e-103 1.611590239381738367e-102 5.468235508647275484e-49 3.313425062683919120e-103 5.224678537342383624e-90 3.648380632028655983e-58 3.812353458964037878e-01 3.289473684210527112e-103 3.289473684210527112e-103
0.000000000000000000e+00 0.000000000000000000e+00 0.000000000000000000e+00 0.000000000000000000e+00 0.000000000000000000e+00 0.000000000000000000e+00 0.000000000000000000e+00 0.000000000000000000e+00 0.000000000000000000e+00 0.000000000000000000e+00 0.000000000000000000e+00 0.000000000000000000e+00
