 0 1 2 3 4
abused 2.03952552396e-103 1.74002790684e-103 2.11664657776e-103 1.3717485447e-103 0.00311969218148
accessary 3.20057546395e-87 0.00174002790684 2.11670671784e-103 1.37274538105e-103 3.11969218148e-103
add 7.80163813142e-61 1.96282061159e-82 5.88262040735e-35 0.0013717485447 3.11969218516e-103
adjunct 9.68946674049e-60 0.00174002790684 2.11664746835e-103 3.04836234796e-37 2.25809211832e-71
admiring 2.03952552396e-103 1.74002790684e-103 2.41502880539e-62 0.0013717485447 3.11969222001e-103
advance 2.03952552396e-103 1.74002790684e-103 2.11664657776e-103 1.3717485447e-103 0.00311969218148
after 1.03992594103e-55 5.86354740824e-47 2.60730272153e-40 0.0013717485447 2.67105642732e-70
again 2.22355139256e-38 6.20232915898e-84 0.00211569242848 8.4998226628e-59 0.00312109848713
against 4.21354759924e-14 1.3762252091e-13 4.8745967892e-08 0.00274346549816 3.11995001243e-103
age 3.55735874867e-27 2.34322640184e-83 3.18768042451e-05 0.00272283848712 3.11969218342e-103
ah 3.10033542487e-75 0.00174002790684 2.11664658103e-103 1.3717485447e-103 3.11969218148e-103
alive 0.00203952552396 1.74002790684e-103 2.11664781779e-103 1.37174859622e-103 2.42887914158e-92
all 0.00815967525558 0.0190420462589 1.88067777387e-05 0.00965994038992 0.00313451301123
allege 6.24811932862e-40 1.74002790684e-103 2.11664658152e-103 0.0013717485447 6.16859728835e-82
alone 0.00222262958003 0.00148735685597 1.30095870295e-25 2.37731743163e-76 0.00953201090085
am 0.00871609170557 0.0030538637687 1.31316925378e-21 0.00407593965724 3.55961544025e-83
an 2.03952891846e-103 0.00348005581367 2.11664657776e-103 1.3717485447e-103 2.38126249217e-67
and 0.0931472968762 0.0501447323843 0.0130407061648 0.01282525405 1.19940645293e-58
angel 2.36180394559e-45 8.87206642979e-102 0.00211664657776 1.3717485447e-103 3.11969218148e-103
another 4.13696492026e-23 1.41161853572e-59 1.37657723779e-19 0.0013717485447 1.37275908648e-88
answer 5.27446700481e-56 0.00174002790684 1.68147268637e-97 1.61441693383e-20 6.05636047581e-62
any 0.0040790510477 1.8601571579e-13 9.45179323796e-100 6.22171774497e-81 3.11969218149e-103
appeal 1.09632570375e-22 4.85362210657e-84 2.11664676154e-103 0.0013717485447 3.11969218148e-103
apple 8.59407083314e-54 0.00174002790684 2.89927369869e-92 2.87747204098e-37 3.11969218148e-103
are 0.0158702276103 0.00315954399692 1.30820083499e-22 0.00329612803387 1.43468366155e-65
arise 2.03952552396e-103 1.74002790684e-103 2.11664657776e-103 1.3717485447e-103 0.00311969218148
art 0.0104224913186 1.16365152482e-33 0.00264895464953 0.00223298688634 0.00315220165467
as 1.5553543629e-20 0.00138452390282 0.0383274806304 0.00287609901267 2.44161076629e-84
assure 4.49924054608e-62 8.39844988373e-80 1.01654519908e-35 0.0013717485447 3.11969218516e-103
awakes 1.97072166888e-44 0.00174002790684 2.76274554358e-26 1.3717485447e-103 3.11969218148e-103
awards 2.03952552396e-103 7.30270309754e-82 1.11819111273e-65 0.0013717485447 3.18025161253e-76
away 0.00611538785703 8.14977776524e-25 2.23245909254e-06 6.78326518277e-59 0.0093606636693
babe 1.66670527236e-39 0.00174002790684 1.80009845556e-68 7.25608462971e-87 2.12767993319e-45
back 0.00410408144734 6.14672816066e-20 0.002090669698 9.22281014792e-30 5.84849292914e-92
bad 0.00208318262609 1.27077535456e-25 0.00207076491052 4.0347653796e-40 0.00312053782103
badges 0.00203952552396 1.74002790684e-103 9.54280937543e-102 1.3717485937e-103 3.11970511851e-103
badness 2.93540810286e-58 1.74002790684e-103 3.87158798307e-82 0.0013717485447 3.11969222009e-103
bath 4.02551240503e-26 2.31082721953e-103 1.39022966049e-54 0.0013717485447 7.23461849472e-47
be 0.00672275861965 0.00544074146628 0.0146465681354 0.0132305187888 0.021876041324
bear 9.6510144228e-81 0.00348005581367 3.64394481783e-58 7.10483513847e-72 5.00270241818e-102
beauteous 1.49426031242e-07 3.04578348978e-53 0.0042331380792 2.8278583905e-59 2.22873492861e-86
beauty 1.61622716786e-06 3.29534442382e-19 0.0088254729338 0.00799681829745 7.50133157955e-81
beautys 0.00407905104792 7.88852987252e-30 7.80654990842e-77 1.69170616763e-27 3.11969218148e-103
because 2.31976923861e-83 0.00174002790684 2.11664659874e-103 1.3717485447e-103 3.11969218148e-103
becomes 2.03952552396e-103 2.22242299419e-87 3.4992659948e-82 0.0013717485447 3.11969222001e-103
becoming 9.7153111467e-32 3.11602121801e-79 0.00211605468547 3.83591380057e-07 3.11985855853e-103
before 6.85145379225e-10 2.3597788333e-71 2.11664679683e-103 0.00137174808389 3.12009591194e-103
begin 2.03952552396e-103 1.74002790684e-103 2.11664657776e-103 1.3717485447e-103 0.00311969218148
behind 2.03952552396e-103 1.74002790684e-103 2.11664657776e-103 1.3717485447e-103 0.00311969218148
behold 1.34853803354e-48 1.45817843839e-81 2.11664672337e-103 0.0013717485447 1.26003129098e-96
being 0.000291372634341 7.16671668369e-51 0.0187474288242 3.13644293363e-20 2.0365330876e-71
belied 0.00203952552396 1.74002803676e-103 7.21879836654e-68 7.27337093534e-33 0.00311969218148
belong 2.03952552396e-103 1.74002790684e-103 2.11664657776e-103 1.3717485447e-103 0.00311969218148
belongs 9.7405008749e-20 0.00174002790684 2.1166572955e-103 3.49887257602e-31 2.12335053295e-61
beloved 0.00203947218406 1.04994478801e-46 1.1443637554e-46 3.38124561359e-22 0.00311977377107
beseechers 1.68501505072e-86 4.52802270281e-78 5.1294877585e-81 0.0013717485447 3.11969222002e-103
besides 4.99215019537e-35 0.00174002790656 2.11664659039e-103 1.3717539871e-103 4.89008469321e-13
best 5.89429662361e-32 0.00345989734809 3.38761104091e-80 1.09219874088e-55 0.00315583424979
better 1.77445864692e-80 1.7979962985e-66 3.19293573714e-72 0.00274349708941 3.11969222004e-103
black 0.00403227532565 1.36519942366e-33 2.11664722109e-103 0.0027745266594 0.00312067226224
blame 0.00203952552395 8.56070646157e-15 2.78602845603e-99 4.53422110639e-22 2.15577299633e-101
blessed 0.00203953701736 4.28093105119e-16 0.00211663464975 2.70619986058e-28 4.31991305277e-78
blessings 0.00203952552396 1.74002790684e-103 2.11664657776e-103 1.37174859848e-103 3.11969218148e-103
blind 2.03952552396e-103 1.74002790684e-103 2.11664657776e-103 1.3717485447e-103 0.00623938436296
blood 0.00153842507793 1.87911488712e-23 1.4262223317e-67 0.0017087797804 1.84995811281e-77
blot 2.03952552396e-103 1.74002790684e-103 2.11664657776e-103 1.3717485447e-103 0.00311969218148
boast 1.03827124423e-56 0.00174002790684 1.39139489851e-88 8.56867665527e-82 9.67301407887e-61
book 2.03952552396e-103 1.74002790684e-103 2.11664657776e-103 1.3717485447e-103 0.00311969218148
born 4.17603713959e-66 0.00174002790684 6.1750323915e-97 1.00424626982e-84 3.11969218148e-103
bosom 2.03952603456e-103 7.29818111385e-78 5.94451598518e-72 0.0013717485447 3.11969222003e-103
both 0.00206103066245 8.13382127232e-44 0.00209432826045 1.37174859601e-103 1.35175871222e-60
brass 6.80600656522e-31 4.77628188014e-71 9.32118086718e-09 0.00137174250387 1.11784394267e-87
brave 6.72135474966e-48 0.00174002790684 1.18871303116e-15 1.3717485447e-103 2.80291302878e-64
breast 2.03952552396e-103 1.74002790684e-103 2.11664657776e-103 1.3717485447e-103 0.00311969218148
breath 0.00407905104792 2.62024790189e-40 6.54340532146e-39 2.88294010848e-35 3.11970351046e-103
breathe 1.10788994994e-16 1.74002790684e-103 2.11664658152e-103 0.0013717485447 9.3556445091e-40
breathes 1.70310729541e-33 5.92963179378e-59 2.11664657776e-103 1.37174854484e-103 0.00311969218148
bred 2.03952552396e-103 1.74002790684e-103 2.11664657776e-103 1.3717485447e-103 0.00623938436296
breed 2.03987612542e-103 0.00174002790684 2.11664657776e-103 1.3717485447e-103 5.61394428246e-64
bright 2.05024969884e-103 0.0017190342527 2.11664657776e-103 1.3717485447e-103 0.00627702383897
bring 3.71096179156e-40 2.29939553211e-70 3.062681728e-65 0.0013717485447 3.11969222031e-103
brings 2.03952552396e-103 1.74002790684e-103 2.11664657776e-103 1.3717485447e-103 0.00311969218148
but 1.23181318648e-29 0.0318606643438 0.033209268373 3.24701946706e-23 1.07940792039e-81
by 0.00837552985871 6.32107477227e-09 0.0238880599194 0.000833453323607 5.55730118956e-73
call 0.00407905104791 2.78223629928e-15 2.11811365772e-103 5.43489113075e-71 0.00623938436296
came 2.4408486374e-76 0.00174002790684 2.11665242216e-103 1.3717485447e-103 3.11969218148e-103
can 1.47711097006e-34 2.67718956194e-38 0.00211343123825 0.00823257505364 3.61088475055e-65
cannot 2.97143517748e-28 7.02503020817e-78 1.88344399159e-69 0.0013717485447 3.11969222189e-103
care 2.03952552396e-103 1.74002790684e-103 2.11664657776e-103 1.3717485447e-103 0.00311969218148
carved 0.00203952552396 1.74010898484e-103 1.10952011295e-76 1.74276097851e-94 6.68870580977e-83
cast 7.25653912674e-28 4.15362375688e-79 3.29637668949e-66 0.0013717485447 3.11969221955e-103
cause 2.03952552396e-103 1.74002790684e-103 2.11664657776e-103 1.3717485447e-103 0.00311969218148
change 0.0020277749824 1.91194733649e-24 1.21948675209e-05 1.00903335745e-26 3.11999366198e-103
cheeks 0.00203952552396 1.12099302505e-32 2.11664689391e-103 3.05808702334e-31 3.11969218148e-103
cheer 2.03952552396e-103 1.74002790684e-103 2.11664657776e-103 1.3717485447e-103 0.00311969218148
child 3.64460910082e-87 7.68282490199e-43 0.00211664657776 1.31187616622e-80 3.12077304804e-103
choose 2.03952552396e-103 1.74002790684e-103 2.11664657776e-103 1.3717485447e-103 0.00311969218148
cold 2.03952552396e-103 1.74002790684e-103 2.11664657776e-103 1.3717485447e-103 0.00311969218148
commits 2.03952552396e-103 1.74002790684e-103 2.11664657776e-103 1.3717485447e-103 0.00311969218148
common 3.23152370758e-62 4.40765613938e-80 3.00914284143e-36 0.0013717485447 3.11969218534e-103
compare 2.03952552396e-103 1.74002790684e-103 2.11664657776e-103 1.3717485447e-103 0.00311969218148
compared 7.13031475416e-45 5.44044575056e-30 0.00211664657776 1.3717485447e-103 3.11969218148e-103
complexion 2.05487884194e-103 9.21911026563e-74 1.874560578e-65 0.0013717485447 3.11969221994e-103
conceit 0.00203952552396 1.74002790684e-103 2.04728504849e-64 9.62766171942e-20 3.12071972398e-103
conquest 2.66410848532e-63 6.25557534565e-65 0.00211664657776 1.57422266276e-103 3.47785836557e-89
conscience 7.84857754722e-58 1.74003316137e-103 0.00211664657776 1.3717485447e-103 3.11969218148e-103
constancy 0.00203952552396 1.74002817089e-103 4.91599804916e-44 1.34632621977e-99 7.84473771496e-96
constant 3.85076436175e-34 4.48514437453e-15 1.69762463152e-16 0.0013717485447 3.1196922005e-103
contains 2.03952552396e-103 1.74002790684e-103 2.11664657776e-103 1.3717485447e-103 0.00311969218148
content 2.03952552396e-103 1.74002790684e-103 2.11664657776e-103 1.3717485447e-103 0.00311969218148
control 2.03952552396e-103 1.74002790684e-103 2.11664657776e-103 1.3717485447e-103 0.00311969218148
cools 0.00203952552396 3.11816527032e-89 2.11664667703e-103 4.97915399599e-34 7.65691028868e-89
copy 3.59466131509e-82 1.15932633726e-42 6.53849298328e-44 0.0013717485447 3.11969221936e-103
count 0.00203952552396 1.74002790684e-103 2.11664893125e-103 1.37174859607e-103 3.11975544098e-103
countenance 2.01973327252e-101 6.08278246322e-100 2.11664658311e-103 0.0013717485447 3.11969218148e-103
crests 1.07744314879e-62 7.33230830885e-68 0.00211664657776 7.34788306839e-92 1.07847164132e-94
crime 2.03952552396e-103 1.74002790684e-103 2.11664657776e-103 1.3717485447e-103 0.00311969218148
crooked 1.48920568131e-71 1.74002790684e-103 1.94710135971e-59 0.0013717485447 3.11969222003e-103
cruel 2.03952552396e-103 1.74002790684e-103 3.04572992672e-81 0.0013717485447 3.11969222001e-103
crying 2.03952552396e-103 1.74002790684e-103 2.69390698252e-82 0.0013717485447 3.11969222001e-103
cunning 2.80630160124e-42 0.00348005581367 1.38105522491e-76 1.37174854597e-103 2.37416200835e-65
cupid 5.31287885407e-41 1.70176487152e-69 0.00211664657776 1.3717485447e-103 3.11969218148e-103
cure 5.23166090921e-31 1.94646276681e-17 0.00214631783019 0.00272426785304 3.02041285101e-66
curious 2.03952559107e-103 1.74079198449e-103 9.46394332618e-80 0.0013717485447 3.11969222002e-103
curse 2.03952552396e-103 1.74002790684e-103 2.11664657776e-103 1.3717485447e-103 0.00311969218148
daily 0.00407905104758 4.18279067764e-68 2.13562445706e-46 2.27867828678e-13 3.11969218203e-103
dare 1.23849508561e-45 0.00174002790684 2.11664657776e-103 1.3717485447e-103 4.53436571808e-56
dark 0.00203952552396 6.81525598203e-94 2.11664663004e-103 4.98025377092e-66 3.12027542279e-103
date 2.03952552396e-103 1.74002790684e-103 2.11664657776e-103 1.3717485447e-103 0.00311969218148
day 0.0061185764594 5.50043267363e-28 9.46798738441e-82 5.11131505643e-92 0.00311969235352
days 1.62868677744e-69 0.00520602562723 2.67493057686e-37 1.10560265676e-93 0.0125039734502
dead 2.03952552396e-103 1.74002790689e-103 2.11664657776e-103 1.37174854474e-103 0.0124787687259
dear 4.18227237932e-31 0.00347405965685 0.0030151432347 0.00216061774588 0.00313177294764
death 0.00611857657187 3.16866844069e-29 4.41197208331e-83 2.66583011445e-24 1.10499854179e-45
deaths 0.00203952552396 3.4737429508e-17 2.1178351765e-103 4.46365490443e-73 3.11969218148e-103
debate 2.03952552396e-103 1.74002790684e-103 2.11664657776e-103 1.3717485447e-103 0.00311969218148
decay 2.03952552396e-103 1.74002790684e-103 2.11664657776e-103 1.3717485447e-103 0.00311969218148
deeds 2.03952552396e-103 1.74002790684e-103 2.11664657776e-103 1.3717485447e-103 0.00935907654445
defence 2.03952552396e-103 1.74002790684e-103 2.11664657776e-103 1.3717485447e-103 0.00311969218148
delight 2.03952552396e-103 1.74002790684e-103 2.11664657776e-103 1.3717485447e-103 0.00311969218148
denied 2.03952552396e-103 1.74002790684e-103 2.11664657776e-103 1.3717485447e-103 0.00311969218148
despite 1.12305704353e-36 1.43111211758e-60 1.49960083822e-06 0.0041142737783 7.81035880994e-77
devise 2.03952552396e-103 1.74002790684e-103 2.11664657776e-103 1.3717485447e-103 0.00311969218148
did 2.03952552396e-103 1.74002790684e-103 1.41821640371e-82 0.00274349708941 3.11969220075e-103
die 1.96025298065e-14 0.00320627166581 0.0024402857758 3.8505964449e-43 0.00313355243774
died 1.27724998748e-56 4.68830102219e-87 0.00211664657776 1.47039662021e-58 3.12027285604e-103
dies 2.03952567531e-103 1.74002790867e-103 1.04808775323e-69 0.0013717485447 3.11969218148e-103
diest 0.00203952552396 3.87127342714e-100 2.1166465792e-103 1.37174864203e-103 3.11969334036e-103
disdaineth 2.03952552396e-103 1.74002790684e-103 2.11664657776e-103 1.3717485447e-103 0.00311969218148
distilled 2.03952888549e-103 0.00174002790684 2.11664657776e-103 1.3717485447e-103 1.29217750426e-64
distills 2.03952552396e-103 1.74002790684e-103 2.11664658241e-103 0.0013717485447 5.59795680584e-87
do 6.8892263191e-16 0.0109716531935 0.00993671021251 4.25255910696e-24 3.24983198405e-67
doom 2.40502401991e-41 4.80373964731e-66 0.00211664657776 9.86719417847e-27 6.41684522637e-86
dost 0.00662888547679 5.23194915077e-58 2.03390189078e-41 0.00514376949766 1.69287164947e-43
doth 2.88050052122e-38 7.45914620163e-45 0.0065524322375 0.0108427577588 3.11979054678e-103
doubt 2.03952552396e-103 1.74002790684e-103 2.11664657776e-103 1.3717485447e-103 0.00311969218148
draw 0.00235937692596 1.27685127641e-61 4.44345579915e-10 0.00115662190011 3.39096425223e-103
drawn 1.88302784117e-33 5.86647852504e-103 0.00211664657776 2.3219666445e-46 3.11969291183e-103
dreading 0.00203952552396 1.74002790684e-103 1.01411673384e-101 1.37174859394e-103 3.11969218148e-103
dream 0.00203952552396 1.74014835903e-103 2.11664658068e-103 1.35774509169e-49 3.11969218148e-103
dreams 0.00203952552396 6.82120458928e-94 2.11664657955e-103 1.37174879315e-103 1.56167368252e-94
drugs 1.39976874951e-94 0.00174002790684 2.11664657776e-103 1.3717485447e-103 3.11969218148e-103
due 0.00407905104788 1.49522263776e-22 1.94220719826e-19 2.49809797573e-14 1.32409765755e-75
dull 1.90666742307e-10 0.00174396376793 3.64374773237e-24 0.00136864558593 3.91224354636e-77
dumb 7.74846299324e-06 8.25885494407e-70 2.1166468399e-103 0.00136653706649 3.11969218148e-103
dwell 6.94755614068e-33 2.82670109981e-63 4.58131818404e-69 0.0013717485447 2.08447480615e-93
dying 1.24729258903e-95 1.84383121676e-40 1.35113012697e-37 0.0013717485447 3.1196922211e-103
eat 3.98534650074e-13 0.0017400279065 1.5686353866e-48 4.60713487009e-84 3.11969218148e-103
edge 2.03952552396e-103 1.74002790684e-103 2.11664657776e-103 1.3717485447e-103 0.00311969218148
effect 2.03952552396e-103 1.74002790684e-103 2.11664657776e-103 1.3717485447e-103 0.00311969218148
eithers 4.63963201062e-80 1.74045682188e-103 8.19991405045e-67 0.0013717485447 3.11969221808e-103
elements 0.00203952552396 1.46201706307e-101 2.11664667756e-103 5.23472825504e-48 9.91732403679e-79
else 0.00407905104791 3.12345308925e-35 6.46584811996e-15 1.3350001093e-19 2.51854165934e-73
elsewhere 2.03952552396e-103 1.74002790684e-103 2.11664657776e-103 1.3717485447e-103 0.00311969218148
end 8.01379465517e-80 0.00172955084576 5.33241494188e-68 1.92340771285e-63 0.00313847648108
enfeebled 7.40627403908e-63 0.00126257259214 5.04579572172e-09 0.000376397953463 3.11969222538e-103
engraft 0.00203952552396 5.11577761542e-58 1.21139699972e-73 8.91319939264e-36 5.90727659321e-71
enough 0.00203952552396 5.23802856749e-26 2.11664669507e-103 5.4818555719e-30 7.23601713588e-63
enrich 0.00203952531082 1.74002790684e-103 8.97591873782e-76 1.43349673373e-10 2.78381148254e-79
ere 8.16969366314e-70 0.00174203666452 1.20017892731e-47 0.00137016494342 3.11969221368e-103
erred 2.03952552396e-103 1.74002790684e-103 2.11664657776e-103 1.3717485447e-103 0.00311969218148
error 8.49724545516e-25 3.28082779039e-48 0.00211664657776 3.72628812241e-62 3.33888816081e-103
even 1.60214240108e-58 0.00696011162735 1.1256683772e-35 1.3717485447e-103 3.67422946307e-83
ever 4.25825922371e-77 8.24370411845e-99 2.12803017896e-50 0.00411524563411 3.11969231845e-103
every 1.30565909472e-94 1.84284545636e-68 0.00211664657776 1.3717485447e-103 3.11969218148e-103
eves 7.73214594381e-80 0.00174002790684 2.11664657776e-103 1.3717485447e-103 2.43932033394e-70
evil 0.00203952552396 1.74002790684e-103 2.11664657801e-103 1.371748586e-103 3.11969218148e-103
example 5.84068723417e-64 1.74002994647e-103 0.00211664657776 1.3717485447e-103 3.11969218148e-103
executor 2.03952552396e-103 1.74002790684e-103 2.11664663184e-103 0.0013717485447 1.1614627571e-47
external 1.65367852002e-92 0.00174002790684 2.11744202745e-103 1.3717485447e-103 3.56659398978e-62
eye 4.192145109e-44 3.728375182e-78 0.00211664657776 1.37174856119e-103 3.11969218148e-103
eyes 7.6585861733e-16 0.00726606777279 0.00213190237511 0.00388372111307 0.0124342788194
fade 1.93418930723e-39 1.33153954927e-92 1.15427379889e-26 0.0013717485447 3.15058346664e-103
fair 5.28116863607e-24 0.00174648216383 0.00145993041017 0.00590652996585 0.00312191687495
fall 2.03952552396e-103 1.74002790684e-103 2.11664657776e-103 1.3717485447e-103 0.00311969218148
false 0.00799889759216 1.31154654753e-23 5.44964327743e-17 0.00147882665854 4.49821793673e-36
fame 3.49224507755e-11 6.44309073987e-72 2.1166465987e-103 0.00137174852121 3.11969218148e-103
far 1.53321252723e-66 3.46206677159e-82 0.00634993973327 1.3717485447e-103 3.11969218148e-103
faster 2.03952552847e-103 1.74002790689e-103 2.11664658152e-103 0.0013717485447 3.11969218148e-103
father 1.5523950448e-41 9.69482285054e-78 0.00211664657776 1.3717485447e-103 1.17763717331e-97
faults 0.00407905104792 8.94196616067e-103 2.11664742906e-103 3.54478327629e-54 3.11978842077e-103
fear 6.20119161341e-53 1.72969731502e-42 0.00211586421252 2.5022772964e-78 0.00312084529732
fears 0.00186184942443 7.7551615737e-64 2.1166465986e-103 0.00149125032494 8.67772845155e-68
fee 2.03952552396e-103 1.74002790684e-103 2.11664657776e-103 1.3717485447e-103 0.00311969218148
feed 0.00203952552396 3.26638828863e-100 2.151320034e-103 7.01380616318e-102 3.11969218148e-103
feeds 1.06682934278e-34 0.00174002790684 1.02282981143e-16 3.24199931009e-22 3.1196921815e-103
feelst 0.00203952552396 1.74013198429e-103 2.11664661221e-103 7.79277038504e-54 3.11969218148e-103
feil 0.00203952552396 2.17306013447e-30 2.11664685955e-103 1.92544788572e-29 3.11969218148e-103
fester 2.03955056174e-103 0.00174002790684 2.11664657776e-103 1.3717485447e-103 7.61704653717e-66
filled 2.03952552396e-103 1.74002790684e-103 2.11664658152e-103 0.0013717485447 3.11969218148e-103
find 2.08495337004e-32 9.06785411877e-68 7.94152874561e-13 0.00273919562116 0.00624916695418
finding 1.42140955599e-70 4.50552221865e-50 0.00211664657776 1.3717485447e-103 3.11969218148e-103
fine 1.29078750567e-23 8.06894159589e-79 1.09240483869e-33 0.0013717485447 3.11969218666e-103
fingers 7.18854652466e-43 2.15689319993e-63 0.00211664657776 2.5278770132e-20 3.12002696209e-103
fire 0.00611857657187 2.2067965279e-102 2.11666248465e-103 2.6471288255e-101 3.11972223844e-103
first 2.81977707836e-33 1.7400299446e-103 0.00211848383821 0.00137055785969 3.1196922205e-103
flatter 2.03952552396e-103 1.74002790684e-103 2.11664657776e-103 1.3717485447e-103 0.00311969218148
flattered 4.6854079582e-53 3.22252854564e-64 2.61751005823e-62 0.0013717485447 3.11969222141e-103
flattery 2.04185931873e-103 0.00174002790684 6.41460637746e-36 1.3717485447e-103 3.52328276419e-70
flowers 2.27281877993e-43 0.00174002790684 2.11664657776e-103 1.3717485447e-103 1.12718296619e-54
foes 2.03952552396e-103 1.74002790684e-103 2.11664657776e-103 1.3717485447e-103 0.00311969218148
fond 0.00203952552396 1.74002801319e-103 2.11664726118e-103 1.3717485855e-103 3.11969218148e-103
fool 1.15547158028e-26 5.55135956663e-56 2.79894498686e-73 0.0013717485447 7.46490205794e-71
fools 0.00203952552396 1.74006251188e-103 1.54699966997e-83 9.36720629518e-23 3.11990121335e-103
for 0.0048690865975 0.0413103286341 0.0092537399064 0.013031011788 1.47605227927e-34
forgetfulness 7.13348698209e-27 2.01227881703e-66 2.30316962405e-82 0.0013717485447 3.12085778321e-103
form 0.00203952552396 1.74002790685e-103 2.11664736086e-103 6.68548920153e-63 3.25093706143e-103
former 2.48965655723e-79 1.74045682188e-103 5.62722189237e-67 0.0013717485447 3.11969221808e-103
forth 2.03952552396e-103 1.74002790684e-103 2.11664657776e-103 1.3717485447e-103 0.00311969218148
foul 0.00204762582787 1.91829710932e-06 0.00422255304783 2.59054301211e-12 2.95137583494e-77
found 0.00203952552396 1.36071640102e-30 2.11664676107e-103 1.00240173049e-42 1.572533657e-90
free 2.03952552396e-103 1.74002790684e-103 2.11664657776e-103 1.3717485447e-103 0.00311969218148
friend 4.12754334577e-16 4.4647815463e-49 0.00416584620775 4.81352422892e-32 0.00321910117956
from 0.00444002773483 1.58489142983e-25 0.00385692453221 0.00274462619444 6.81360716953e-68
full 0.00238845322 0.00144233909567 4.8625056838e-97 7.43889148483e-71 1.62948611598e-49
gain 2.16329425272e-16 0.00174002790684 3.12089163958e-35 4.38293464973e-65 0.00311969218148
gainst 0.00203952552396 1.74002791195e-103 3.009387211e-93 1.37174858525e-103 3.11969218148e-103
gavst 0.00203952552396 2.16561029821e-92 1.70872647269e-52 2.36301646743e-46 3.8704980442e-53
general 1.85626789743e-33 7.47160745517e-71 0.00211664657776 1.3717485447e-103 3.11969218148e-103
get 1.56259013991e-37 2.77282970567e-82 4.2099607713e-36 0.0013717485447 3.11969218534e-103
give 2.04094502376e-31 0.00335221722693 0.0107387413758 2.03580442742e-66 7.67774924553e-79
given 1.03430776798e-63 9.07258895497e-50 2.11664659236e-103 0.0013717485447 3.11969218148e-103
gives 0.00100676277916 1.99663175665e-80 4.27373605865e-86 0.00206636637398 3.11969220717e-103
glad 2.03952552396e-103 1.74002790684e-103 2.11664657776e-103 1.3717485447e-103 0.00311969218148
glass 2.03953048181e-103 0.00174002790684 7.18829098495e-82 1.97284054809e-74 2.78074073624e-64
glutton 1.70516624144e-20 1.88033444256e-68 1.70565416185e-61 0.0013717485447 3.11969222148e-103
gluttoning 1.76842732163e-13 0.00174002790669 1.1851040899e-37 4.44837549167e-96 3.11969218148e-103
go 1.04087485911e-60 1.40985969139e-76 8.14459414426e-37 0.00137174854309 0.00311969218516
going 4.39788561152e-54 1.29142027956e-85 0.00211664657776 1.3717485447e-103 3.12094243578e-103
gone 2.03952552396e-103 1.74002790684e-103 2.11664657776e-103 1.3717485447e-103 0.00623938436296
good 1.80254583933e-32 8.79142262428e-87 2.59238228793e-50 0.00411524563411 3.11969219489e-103
goodness 1.79965426537e-52 9.89777049591e-27 0.00211664657776 1.37174854478e-103 3.11969218148e-103
got 0.00203952552396 1.74002790684e-103 2.11664657898e-103 1.37174854589e-103 3.11969218148e-103
grace 7.50357145442e-05 0.00515606675392 4.17324694351e-66 7.61002672368e-32 1.26806958998e-73
grave 7.8204202764e-25 2.82646995724e-68 0.00211664657776 1.35266126722e-25 2.31230538358e-78
green 2.03952552396e-103 1.74002790684e-103 2.11664657776e-103 1.3717485447e-103 0.00311969218148
grief 2.96701970422e-24 6.46324234154e-85 0.00211664657776 1.3717485447e-103 3.11969218148e-103
griefs 2.03952887352e-103 0.00174002790684 2.11664657776e-103 1.3717485447e-103 2.1264006208e-66
groan 2.54376189205e-62 0.00174002790684 2.84815055363e-98 1.1086969427e-84 3.11969218148e-103
gross 0.00203952552396 1.74002790684e-103 2.11664657782e-103 4.42676940583e-46 3.11969218148e-103
grow 2.03952605667e-103 3.11674315426e-73 2.4389151863e-70 0.00137174849384 0.00935907666013
growth 7.73706395306e-36 0.00174002790684 3.30709089573e-103 1.87420002291e-29 5.476444604e-39
had 0.00407902565112 3.70537565322e-12 0.00211664975779 8.07679137722e-80 0.0031197263352
hand 2.03952552396e-103 1.74002790684e-103 2.11664657776e-103 1.3717485447e-103 0.00311969218148
happy 1.04387636321e-52 0.00142970287485 0.00257928522569 0.00131656768894 2.16628634315e-60
hardest 0.00203952552396 1.7400279672e-103 2.11664657776e-103 4.18177995859e-69 3.11969218148e-103
hast 0.00611857657187 4.33139692855e-95 3.2507734338e-74 2.74806057656e-57 1.13422341884e-59
hate 8.16653163076e-09 2.49869179458e-10 0.00634993095398 1.71296253906e-75 0.00311969218148
hath 1.34918187943e-89 3.79468080199e-93 4.0294920692e-79 0.00274349708941 1.05504502581e-86
have 6.57854169183e-13 0.0158477220848 6.3195786171e-10 0.0094544469651 1.97645734708e-62
he 0.019018652674 0.00291448091199 2.28984518589e-66 9.40972965449e-16 6.72562275874e-77
head 8.37417403029e-19 6.84972830437e-30 4.48062127008e-85 1.75908896409e-64 0.00311969218148
hear 0.00407900955656 7.09706724384e-30 4.30602827114e-08 2.28464018375e-35 3.119712522e-103
hearsay 1.00937518944e-53 2.51623794242e-85 1.05138059596e-49 0.0013717485447 3.11969219107e-103
heart 0.00989338901099 6.78722323471e-29 1.4614397769e-12 4.83931117541e-24 0.00982444498118
hearts 0.00427033397948 3.28461832869e-27 3.24493538641e-10 0.00124309484127 1.25366016908e-61
heats 2.52499630818e-54 1.61641005714e-78 0.00211664657776 3.9325091034e-84 3.11969218148e-103
heaven 0.00405623286641 1.16179263853e-92 2.02332046208e-22 0.00138709564721 1.27086641388e-81
heavens 0.00203952552396 1.74009350234e-103 3.53807565054e-62 2.78091207465e-47 3.11969218148e-103
heavy 0.00203952550951 1.23238431605e-11 2.36556917039e-98 1.72409963521e-88 3.11969218148e-103
heed 7.72099238253e-63 0.00174002790684 8.89331002375e-95 7.86740289677e-86 3.11969329771e-103
heir 2.03952552396e-103 1.74002790684e-103 2.11664657776e-103 1.3717485447e-103 0.00311969218148
hell 0.00203952546764 2.63210002273e-92 2.11664676203e-103 6.60633907808e-94 0.00623938444911
help 1.05478982397e-92 1.74005985404e-103 2.03503836266e-79 0.0013717485447 3.11969221976e-103
hence 0.00220920796592 2.16307207995e-25 0.00211846388438 0.00125644250002 0.00311969878305
her 3.79844374281e-18 0.00701102358109 0.00205471503503 2.43698618721e-35 2.04838908685e-83
here 2.69989766005e-69 5.96577594175e-69 0.00211664657776 1.37174855538e-103 3.11969218148e-103
heres 0.00203952552393 2.18432901661e-14 2.18591366389e-47 9.83869637666e-77 3.11969218148e-103
hers 5.32266695265e-46 0.00174002790684 1.16053058839e-19 1.3717485447e-103 3.11969218148e-103
herself 0.00203952552396 1.74002790688e-103 2.11664657875e-103 3.03678548122e-37 2.44530470284e-98
hide 2.03952552396e-103 1.74002790684e-103 2.11664657776e-103 1.3717485447e-103 0.00311969218148
high 0.00203952552396 1.43990570671e-47 2.11664963005e-103 1.37179908374e-103 3.11969219293e-103
him 0.00581046274681 0.0159231194845 6.45023991521e-32 1.16597603927e-47 4.26285505138e-66
himself 0.00203952552396 1.74002791916e-103 2.11664657776e-103 1.37175292713e-103 3.11975455747e-103
his 1.66013892466e-24 0.00174314043791 7.56101505212e-66 0.00822803750874 2.18073517916e-64
hold 0.00407905104792 1.74002790684e-103 2.11664775567e-103 1.3717485959e-103 3.11972381092e-103
hope 2.03962238842e-103 1.32203792628e-98 5.90562311273e-55 0.00137062321948 0.00312225144667
how 1.01099581082e-23 0.00353751370645 7.35629728556e-91 0.00131638947157 0.00314257614449
if 3.42514095241e-14 0.0201037697378 0.0030612946196 1.30302346252e-97 3.12051065673e-103
ignorance 2.03952552396e-103 1.74002790684e-103 2.11664657776e-103 1.3717485447e-103 0.00311969218148
ill 3.71084021858e-08 5.35501112715e-13 1.33840602396e-67 0.0109724065494 0.00312323283817
ills 0.00203952552396 1.74002795688e-103 2.11664657776e-103 1.55994328003e-77 3.11969218148e-103
image 1.15448969743e-09 2.42749074434e-81 2.1166465966e-103 0.00137174776821 3.11969218148e-103
images 0.00203952552396 1.74002790684e-103 2.11664657776e-103 1.37174859657e-103 3.11969218148e-103
impeached 3.31370398959e-25 6.47326596063e-88 2.11664674244e-103 0.0013717485447 3.11969218148e-103
import 0.00203952552396 1.16704506339e-26 2.116646859e-103 3.09202208616e-27 3.11969218148e-103
in 0.000189018459975 0.0192560771814 5.55983641222e-09 0.0519080433669 2.05850259463e-71
incapable 2.24661131186e-39 2.60334850346e-24 0.00211664657776 1.3717485447e-103 3.11969218148e-103
informer 0.00203952552396 1.74002790684e-103 2.12002159824e-103 1.3717485952e-103 3.11969218148e-103
ink 7.49969719481e-72 1.06506308799e-42 3.92802637956e-39 0.0013717485447 6.95063955338e-60
into 1.94204990911e-72 4.27303046093e-59 2.11664658396e-103 0.0013717485447 1.70064698448e-83
inward 1.48857105246e-28 7.01925127856e-69 7.29709557619e-42 0.0013717485447 2.21658308951e-101
is 2.05712733856e-10 0.0107694080594 0.0107809148087 0.0133298159588 1.55903943298e-43
it 8.13906249639e-23 2.27781806638e-21 0.0102891016224 0.0125300488949 0.00313403702444
jacks 6.22581875373e-43 1.02260561215e-33 8.50980300532e-94 5.25072125519e-09 0.00311968024006
joy 0.00412492060306 5.59548101423e-57 8.60931948562e-36 0.00134089749882 3.2160212563e-52
judgment 0.00203952552396 1.7400506904e-103 1.98428611244e-73 3.78871933971e-38 3.42691788612e-76
keep 1.76026541402e-62 0.00174002790684 2.11664657776e-103 1.3717485447e-103 7.70090202096e-64
keeps 2.03952566037e-103 1.74015298752e-103 2.11664659154e-103 0.0013717485447 6.00376939293e-85
keepst 1.32401826575e-25 1.93764215309e-78 7.46265951171e-18 0.0013717485447 3.09715022819e-102
kept 2.10514595681e-48 1.74002790704e-103 2.11664657776e-103 1.37174854483e-103 0.00311969218148
kill 1.84821333074e-59 2.40138913422e-25 0.00423329315551 1.3717485447e-103 0.00311969218148
kind 3.10615941933e-19 6.76421464461e-24 0.00211664657776 1.77375735408e-90 3.12001564918e-103
king 0.00203952552396 1.74003203183e-103 2.11664658076e-103 1.37174931085e-103 3.11969245519e-103
kingdoms 5.49109041567e-34 3.0708373753e-52 0.00211664637162 1.33590070927e-10 3.11975057912e-103
kings 2.03952552396e-103 1.74002790684e-103 2.11664657776e-103 1.3717485447e-103 0.00311969218148
kiss 2.03952552396e-103 1.74002790684e-103 2.11664657776e-103 1.3717485447e-103 0.00311969218148
knife 4.79431888556e-31 6.22559522344e-80 2.12848872065e-103 0.0013717485447 0.00311969218148
know 0.00437447117808 7.48584466313e-39 5.03439633076e-59 0.00254075831679 0.00312889026124
knows 6.2115890665e-72 0.00348005581367 9.17945339309e-18 1.30504915518e-16 9.18113661763e-28
lack 4.48698526245e-35 0.00172409494034 2.11664657776e-103 1.3717485447e-103 0.00314825836183
lacked 0.00203951652972 0.0017400355803 5.95012926694e-72 5.72204139917e-67 6.49598145839e-63
large 2.73674144136e-50 4.32363929553e-86 6.60331727559e-75 0.0013717485447 3.11969222015e-103
lascivious 2.34771368455e-96 0.00174002790684 2.11780921504e-103 1.3717485447e-103 3.11969218148e-103
last 2.03952552396e-103 1.74002790877e-103 2.11664668215e-103 0.0013717485447 6.99711732081e-38
laws 2.03952552396e-103 1.74002790684e-103 2.11664657776e-103 1.3717485447e-103 0.00311969218148
leads 8.44231802373e-71 2.62346664013e-56 5.48546639449e-20 0.0013717485447 3.1196921872e-103
learn 1.61669240126e-76 0.00177926803258 0.00206891316065 3.95414254282e-74 3.12001752681e-103
learning 0.00203952552396 1.74011991055e-103 7.39919986397e-88 1.16462973528e-50 3.11987434194e-103
least 2.03952552396e-103 1.74002790684e-103 2.11692430685e-103 0.0013717485447 1.19553669262e-74
leave 0.00374601155649 0.00076966892611 3.25939229503e-14 0.0023607261084 6.30656980914e-84
leaves 1.31364674648e-96 0.00174002790684 9.48579227458e-48 1.92790324268e-89 3.23043083415e-69
leese 7.38789964597e-90 0.00174002790684 2.11664657866e-103 1.3717485447e-103 3.11969218148e-103
length 4.17566972619e-45 0.00174002790684 2.20331249207e-103 1.25805352938e-20 7.1197074983e-76
lesser 1.15674109363e-12 1.74025180695e-103 1.80483596881e-66 0.00137174854392 3.11969222181e-103
lesson 2.57570064968e-59 1.74002790684e-103 4.5161362209e-81 0.0013717485447 3.1196922201e-103
lest 8.23812090282e-55 0.00348005581367 1.8360047498e-60 1.3717485447e-103 3.11969218148e-103
let 0.00406687340286 0.00349044521159 7.26006714696e-48 1.54595257084e-17 4.95812408054e-58
lie 3.54287960289e-91 2.52379477413e-60 0.00211664657776 3.75920777221e-88 3.11969218148e-103
lies 0.00407875557459 1.74010790701e-103 2.11664658029e-103 1.65172471033e-56 0.00312014414239
life 5.5807376197e-48 3.45877450913e-80 2.29463987233e-103 0.00410456904705 0.00314397335553
like 4.71776036197e-41 0.0055103716872 0.00176352751061 4.19955365311e-20 2.43735156699e-65
lilies 6.67904306731e-96 0.00174002790684 1.28764799259e-78 1.3717485447e-103 3.11969218148e-103
limbs 0.00203952552396 3.9281895181e-67 4.72964780766e-54 7.52216868555e-35 3.11969218151e-103
line 2.03952552396e-103 1.74002790684e-103 2.11664657776e-103 1.3717485447e-103 0.00311969218148
lines 2.03952555604e-103 3.82362720587e-59 8.66026704072e-84 0.0013717485447 9.86645363322e-70
lips 1.76373391809e-47 3.33605040759e-60 2.11664692304e-103 0.0013717485447 1.70050233729e-48
live 0.014272493206 3.68591903524e-08 0.000275068843171 0.0025680174923 2.24504597171e-57
lived 1.04491097003e-58 9.32807718441e-17 1.74505650723e-45 0.00274349708941 8.15984473012e-57
lives 0.0073324087413 1.89318506139e-33 1.08509713141e-28 0.00055534664516 3.41250019953e-86
lo 1.47457103423e-74 4.42178552124e-10 0.00211664603987 1.3717485447e-103 3.11969218148e-103
long 1.85813451127e-10 0.00176314772128 0.0063216402295 8.73517892145e-72 0.00311995062771
longer 2.03952705765e-103 2.77070452168e-69 3.69384951469e-65 0.00137174852772 0.0031196922201
look 8.59143662098e-06 0.00348871513034 8.18364839488e-13 0.00410173770229 0.00312174565171
looks 7.09639345506e-58 4.09054944073e-89 0.00211664657776 4.1086899146e-58 3.12028586392e-103
lose 3.41934171388e-51 1.74002790684e-103 2.11664658152e-103 0.00136972188077 0.00312430131166
loss 3.06592723599e-24 1.0550148909e-81 1.99055019145e-20 0.0013717485447 3.11980469069e-103
losses 2.68292898195e-76 7.95477049278e-22 0.00211664657776 1.531405676e-103 6.86202295871e-91
lost 4.39533939882e-58 0.00174002790684 8.67374036011e-45 2.31528219414e-77 3.11969218148e-103
loud 1.66356460921e-18 1.74069821577e-103 2.11664659085e-103 0.0013717485447 3.11969218148e-103
love 4.09576123366e-06 0.0151200368481 0.0185625209183 0.0267569050147 0.0094619776489
loved 5.19404048276e-32 2.62769873709e-83 2.11664674246e-103 0.0013717485447 0.00311969218148
lovely 2.55935919899e-60 1.21164845648e-81 3.18299504787e-35 0.0013717485447 3.11969218516e-103
lovers 2.03952552451e-103 1.74002790684e-103 1.73871329812e-83 0.0013717485447 3.11969222001e-103
loves 0.00613518266297 1.96066064893e-38 0.00421605913442 1.15964247811e-44 2.08926567169e-99
loving 1.14800477151e-77 1.74086129156e-103 7.84340153158e-64 0.0013717485447 3.11969221344e-103
lovst 0.00407905104792 1.74029408556e-103 1.26009051215e-29 4.13491724407e-66 9.61523733678e-94
made 0.00203952552396 1.84443531221e-63 1.00120242463e-94 1.37174854585e-103 3.11969218148e-103
maintain 2.03952552396e-103 1.74002790684e-103 2.11664657776e-103 1.3717485447e-103 0.00311969218148
make 1.39618590232e-19 0.00527953903915 0.00421224641315 0.00270722613801 0.00312660436323
makes 0.00408333689561 1.89421244319e-55 0.00422883851288 4.36361576344e-09 6.51462449962e-83
maketh 2.03970558194e-60 2.10931467123e-49 0.00211664657776 4.82969994736e-83 1.11436436363e-101
man 2.03952584471e-103 1.74028208379e-103 2.11664658204e-103 0.0013717485447 3.11969218148e-103
many 0.00203952552396 1.74003013865e-103 2.11664657787e-103 5.07631787947e-102 3.11969218148e-103
map 4.93849621255e-24 1.84671878585e-49 2.11664678458e-103 0.0013717485447 3.11969218148e-103
masked 2.03952563499e-103 8.24891619552e-78 2.1166474856e-103 0.0013717485447 1.12499291041e-43
matcheth 2.03952552396e-103 1.74002790684e-103 2.11664748559e-103 0.0013717485447 5.23684564357e-46
matter 3.15137589348e-74 0.0017304376644 7.3562503186e-27 1.50803692501e-49 0.00313688650592
may 2.07940516369e-40 0.00522445485995 0.0044051756698 0.00125690957415 1.4148496288e-65
mayst 0.0101976276198 1.74003175481e-103 9.51970141245e-85 6.63326273098e-54 5.22804346396e-101
me 0.0187302548881 0.00382073169434 1.83066779103e-18 0.0084803780884 0.0450434019183
meant 9.5530601676e-59 2.34024313081e-80 2.0790057025e-33 0.0013717485447 3.11969218516e-103
meet 2.03952552396e-103 1.74002790684e-103 2.11664657776e-103 1.3717485447e-103 0.00311969218148
men 0.0020342481466 2.56269275121e-21 0.00211175762648 0.00116799141512 0.00671805609592
methinks 3.39551937695e-65 0.00174001331389 1.77514991124e-08 6.67236086843e-29 1.39225790682e-73
might 1.55064526281e-07 0.00172886268622 3.68902243524e-47 0.00136914340519 0.00314539781688
mind 2.32721062655e-60 3.24137148645e-51 0.00199129689044 1.37174854471e-103 0.00954382748188
mine 0.0156121722431 0.00396155704419 0.00217973863975 4.33551580491e-07 0.00323933227308
miracle 0.00203952552396 6.38535970216e-22 2.11664668573e-103 4.09658791606e-31 2.02075594249e-78
mistress 5.24282219017e-49 1.7408585554e-103 6.40513936953e-70 0.0013717485447 3.11969221874e-103
moan 2.03952552396e-103 1.74002790684e-103 2.11664657776e-103 1.3717485447e-103 0.00311969218148
mock 2.06203441127e-18 0.00174002790684 4.53934604375e-17 3.48875903478e-50 1.12213612955e-95
monument 2.03952552396e-103 1.74002790684e-103 2.11664657776e-103 1.3717485447e-103 0.00311969218148
more 0.00415660733846 0.00483799882024 6.4848002942e-60 0.0112230414697 7.49383432214e-63
most 0.002848901324 1.62823556009e-61 0.00224484694396 0.00485953880744 3.1196921825e-103
mourn 0.00203952552396 1.74002790684e-103 2.11664658427e-103 1.37201980948e-103 3.11969218148e-103
mouths 0.00203952552396 1.74002792027e-103 2.61327942023e-101 7.95560235509e-36 3.11973857618e-103
much 1.82965900111e-25 1.35410226364e-41 0.00371157300387 0.00170986302554 2.11583680767e-95
murdrous 2.96470771611e-44 2.62912614941e-93 2.11664658285e-103 0.0013717485447 3.11969218148e-103
muse 0.00407905104792 1.74002790684e-103 2.11664657837e-103 1.37174857123e-103 3.11969233934e-103
must 0.0110058649166 0.00172710324957 0.0012935693381 3.16949221081e-28 3.41534998693e-64
my 0.0259447624127 0.00819795555144 0.011231241209 0.0511133792773 2.39577751851e-54
name 5.20802252671e-27 5.67619385467e-50 0.0019207774622 0.00149868668215 9.18519234409e-61
nature 3.65916655705e-83 1.74002790684e-103 6.16061315093e-83 0.0013717485447 3.11969222003e-103
near 7.63487774885e-52 1.00463536706e-77 2.02555448075e-41 0.00137174853754 0.00623938437925
need 5.8508169988e-30 1.06441180615e-82 4.40611992037e-16 0.0013717485447 3.11969218148e-103
needs 1.42952384699e-87 4.0976136769e-16 0.00211664657775 1.37177501239e-103 4.31142899282e-86
neer 6.5198949579e-34 0.00173737167853 0.00211987773085 2.81286237691e-46 9.45057851146e-61
never 9.32990839204e-72 2.23287556425e-61 0.00212175554887 0.00136843754146 3.11969221856e-103
new 9.9852656292e-36 4.59206629258e-61 0.0063480303905 3.21112469855e-39 0.00312250633183
next 2.03952552396e-103 1.74002790686e-103 6.88080038385e-53 0.0013717485447 9.573729314e-99
night 0.00407899892107 4.43241635208e-31 1.44882014597e-80 7.11091341708e-17 0.00311977191557
nightly 1.18634074061e-26 1.74002790703e-103 3.72048065259e-103 6.77917466417e-24 0.00311969218148
nights 5.71076895324e-59 0.00348005581367 1.41646349099e-52 7.11961862953e-42 2.13772184313e-58
no 2.66792004228e-24 0.00433466186086 5.00491003348e-11 0.0157872550328 4.62022682807e-90
none 4.9449201172e-54 0.00869479628458 7.15445588683e-41 2.55429349311e-76 0.00312927208186
noon 2.03952552396e-103 1.74002790684e-103 2.11664657776e-103 1.3717485447e-103 0.00311969218148
nor 0.00468295319149 2.62086105545e-11 1.65848100949e-15 0.000965574697399 3.16941086873e-103
not 1.71693573736e-22 0.0202780074844 0.0102605597651 0.0127472455994 0.00376205737223
nothing 1.98570788401e-29 5.42549977725e-10 0.00846658565104 1.74601924312e-19 5.72001847614e-87
nought 0.00203952552396 1.74002790684e-103 2.11664824319e-103 1.37174854589e-103 3.11969218148e-103
now 0.00309623135708 4.19787535752e-37 2.70231205309e-33 0.00614472283599 0.00312719346786
odour 2.86711292743e-51 3.27448533564e-92 2.11664660156e-103 0.0013717485447 3.11969218148e-103
of 0.0211105607895 0.00145728182988 1.94153837764e-09 0.0312920159669 1.5094224936e-52
off 0.00203952552396 1.74002790684e-103 1.08026600049e-99 1.37174858876e-103 3.11969218148e-103
office 3.57843112814e-64 5.66086793918e-85 0.00211664657776 1.3717485447e-103 3.11969218148e-103
offices 2.08418788569e-103 0.00174002790684 2.09778389973e-92 7.87033256016e-93 2.6909288449e-69
oft 5.27039042648e-10 0.00174002745719 2.07145635642e-94 6.94190338338e-84 3.12014221173e-103
often 2.81752303961e-86 4.39875966166e-76 2.11664658532e-103 0.0013717485447 3.11969243454e-103
old 6.46449016949e-50 4.10072520499e-99 2.11664660429e-103 0.0013717485447 0.00623938436297
on 0.0020617864931 9.47433288443e-15 0.0169100698937 1.54595272365e-23 6.23720631321e-80
once 7.53520371739e-59 2.26060561175e-79 1.03096742113e-33 0.0013717485447 3.11969218516e-103
one 2.22450737608e-14 3.97256293956e-19 0.00211881795314 0.0054841704778 0.00936229797602
only 2.23229643506e-67 3.5346414944e-23 0.00211664657776 1.3717485447e-103 3.11969218148e-103
onward 1.17086406932e-56 1.96392890511e-75 0.00211664657776 7.29698417585e-61 3.12112250005e-103
or 3.20909831159e-43 0.00523105122852 0.00652533780966 0.00536467661782 5.46921721843e-64
other 0.00203222798227 3.65714904854e-22 8.82520514606e-100 4.90819657677e-06 3.11969218148e-103
others 0.00207816267514 0.00174086558192 1.10408413807e-23 0.00134510150495 2.16705377559e-50
our 2.34868974756e-94 2.39522510951e-70 0.00211664657776 1.3717485447e-103 3.11969218148e-103
out 2.73124451666e-29 1.51622517456e-59 4.12324567679e-34 0.00135345838371 0.00316128848749
outgoing 9.91530309173e-79 5.1743485899e-102 2.73074971636e-103 0.0013717485447 1.76535302698e-74
outright 1.22818364545e-63 6.27374363329e-102 0.00211664657776 8.69108884785e-56 3.11969218148e-103
outward 3.49006421404e-58 2.4069219834e-77 0.00215941418975 0.00134403186771 3.11969220243e-103
owe 2.03952552396e-103 1.74002790684e-103 2.11664657776e-103 1.3717485447e-103 0.00311969218148
owes 7.60552396741e-61 4.34730347288e-92 0.00211664657776 9.59318182246e-71 3.1197315605e-103
own 1.76745443001e-93 0.00188936916324 2.11664657849e-103 5.94014139977e-82 0.00285193857353
pain 0.00203590318499 1.74002992697e-103 2.11666559248e-103 1.7664686541e-103 0.00624492515293
painting 1.44185732365e-16 3.6318486054e-20 0.00211697760147 0.00137153401607 2.32567523052e-86
pale 3.66368513624e-75 6.30129482898e-67 0.00211664657776 1.3717485447e-103 3.11969218148e-103
part 2.03952552396e-103 1.74002790684e-103 2.11664657776e-103 1.3717485447e-103 0.00623938436296
pay 2.03952552396e-103 1.74002790684e-103 2.11664657776e-103 1.3717485447e-103 0.00311969218148
pays 6.21217877097e-73 4.90060350139e-85 0.00211664657776 6.20537589527e-60 3.11969218148e-103
pearl 4.0104359462e-16 7.1764112225e-35 4.24625651817e-66 0.0013717485447 8.34596863611e-80
pen 2.03952552396e-103 1.74002790684e-103 2.11664657776e-103 1.3717485447e-103 0.00311969218148
pent 0.00203952552396 1.74016357265e-103 2.11667891183e-103 4.866407886e-84 3.11986100533e-103
perceivst 0.00203952552396 4.84768209036e-62 6.93044549454e-97 3.44347057385e-58 2.27912227727e-68
perforce 4.7144909683e-66 1.75546196495e-07 0.00211643303563 1.3717485447e-103 3.11969218148e-103
perjured 2.03952552396e-103 1.74002790684e-103 2.11664657776e-103 1.3717485447e-103 0.00311969218148
picture 3.90923716483e-49 1.87420161154e-82 4.14553880882e-83 0.0013717485447 2.27344520627e-80
pine 2.8653476258e-40 4.81535242342e-23 0.00211664657776 1.37186796762e-103 4.9649715569e-89
pity 6.10439262606e-52 0.00522008372051 2.57752384533e-32 1.89575861818e-72 3.11969338893e-103
plague 1.74607404504e-51 1.32609770635e-65 0.00423329315551 1.82408672102e-43 2.78971160097e-82
play 2.03952552396e-103 1.74002790684e-103 2.11664657776e-103 1.3717485447e-103 0.00311969218148
please 0.00203952552396 7.6688755481e-70 2.11664658296e-103 1.34266462719e-54 3.119750419e-103
pleasure 9.89875667316e-83 4.4883899385e-57 4.87657036068e-37 0.00136885671374 0.00312626891342
poets 2.58536077014e-34 8.96361360379e-89 2.11664666393e-103 0.00274349708941 3.11969218148e-103
poison 2.04029634534e-103 0.00174002790684 1.35470571836e-52 1.3717485447e-103 7.39770596866e-66
poisoned 2.24269377597e-34 1.6367809903e-41 0.00211664657776 4.23709966425e-72 3.11969218148e-103
poor 4.02787852803e-65 2.69472289067e-49 0.00211664657776 1.34870815366e-66 1.23586818624e-87
praise 0.00398091592518 3.10188371067e-13 1.89880848563e-28 0.00143379635654 0.0124877659203
praises 2.03952561799e-103 2.45276621725e-100 5.13647472564e-77 0.0013717485447 3.11969222002e-103
praising 0.00203889337595 1.4803749795e-32 0.00211730262932 1.3717485447e-103 1.36301287659e-43
pray 4.38741333009e-102 0.00174002790684 2.72391496619e-28 4.14047498871e-101 5.69985879252e-68
present 2.03952552396e-103 1.74002790684e-103 3.19341790625e-83 0.0013717485447 3.11969222001e-103
presume 1.2869289705e-91 0.00174002790684 2.11664678489e-103 1.3717485447e-103 3.11969218148e-103
preventst 0.00203952552396 5.79497866328e-90 2.11664658768e-103 4.16018289347e-37 4.05887446005e-91
pricked 0.00203952552396 1.74002992085e-103 1.34263857975e-60 1.04492654076e-35 3.1196973406e-103
print 3.09146714423e-47 4.31274393727e-40 0.00211664657776 5.33360789489e-40 2.9460062707e-51
privilege 2.03952552396e-103 1.74002790684e-103 2.11664657776e-103 1.3717485447e-103 0.00311969218148
prize 1.06032582827e-21 0.00174002790684 3.45277906486e-103 2.01297669312e-35 6.92353359532e-69
proceeds 2.03952552396e-103 1.74002790684e-103 2.11664657776e-103 1.3717485447e-103 0.00311969218148
profit 1.53800768222e-57 1.53412265883e-49 0.00211664657776 7.69606232037e-44 3.11979884317e-103
prognosticate 2.03952552396e-103 1.74002790684e-103 2.11664657776e-103 1.3717485447e-103 0.00311969218148
proud 1.84916895704e-90 3.58471226361e-70 0.00211664657776 1.3717485447e-103 3.11969218148e-103
prove 5.56581837341e-65 8.49558194906e-85 7.61458324636e-43 0.00274349706624 0.00935907659713
proved 2.03952552396e-103 1.74002790684e-103 2.11664657776e-103 1.3717485447e-103 0.00311969218148
proves 2.03952882224e-103 0.00174002790684 2.11664657776e-103 1.3717485447e-103 2.68001034825e-65
pure 1.86873813628e-58 2.80092552789e-43 0.00211664657776 1.12362030097e-64 2.19919911678e-101
purpose 1.41716079644e-62 3.31552813996e-18 1.35961286344e-84 0.00274349708941 3.3689254064e-47
put 0.00203952552396 1.74002790684e-103 1.33420083427e-87 1.98199972028e-34 1.38756192616e-76
quiet 2.03952553922e-103 1.74020117745e-103 1.55235698026e-81 0.0013717485447 3.11969222001e-103
raised 2.03952552396e-103 1.74002790684e-103 1.33622599981e-86 0.0013717485447 1.27568827154e-69
ransom 5.29696172763e-35 6.96765411685e-68 1.84060310687e-09 0.00274349589655 1.85861239283e-88
ransoms 0.00203294238818 5.61642393785e-06 1.92269576193e-83 1.91503208838e-58 3.11969218148e-103
rare 2.03952552396e-103 1.74002790684e-103 2.11664657776e-103 1.3717485447e-103 0.00623938436296
read 3.08627920521e-40 5.65050582798e-46 0.00211594912818 0.00137220054526 7.32206309941e-64
rebuked 5.93536432925e-53 0.00174002790684 4.34899938616e-98 3.11093490462e-25 5.06625057576e-69
receiving 4.36940199213e-77 3.66990614084e-64 0.00211664657776 1.3717485447e-103 3.11969218148e-103
reign 2.03952552396e-103 1.74002790684e-103 2.11664657776e-103 1.3717485447e-103 0.00311969218148
remain 2.03952552396e-103 1.74002790684e-103 2.11664657776e-103 1.3717485447e-103 0.00311969218148
remains 2.03952552396e-103 1.74002790684e-103 2.11664657776e-103 1.3717485447e-103 0.00311969218148
remember 4.99656674272e-11 0.000180642250113 1.64538675856e-07 0.00122923281453 3.11969223749e-103
remembered 0.00220596861068 1.82479954511e-32 2.77593928859e-89 0.00125980188883 2.1411965825e-60
remove 1.2360080528e-35 6.74929210862e-45 0.00211664657776 1.92721261117e-58 3.11969218151e-103
removed 2.03952552396e-103 1.74002790684e-103 2.11664657776e-103 1.3717485447e-103 0.00311969218148
replete 1.03975100044e-70 6.44415727183e-94 1.33053011231e-58 0.0013717485447 3.11969218148e-103
report 2.03952552396e-103 1.74002790684e-103 2.11664657776e-103 1.3717485447e-103 0.00623938436296
respect 2.03952552396e-103 1.74002790684e-103 2.11664657776e-103 1.3717485447e-103 0.00311969218148
restored 4.81616231356e-58 6.27618914426e-80 0.00211664657776 8.1989926046e-60 3.1202858638e-103
return 4.20514117045e-49 0.00174002790684 2.11664657776e-103 1.3717485447e-103 1.44611736459e-64
rhyme 2.03952552396e-103 1.74002790684e-103 2.11664657776e-103 1.3717485447e-103 0.00311969218148
rich 3.39669670013e-58 1.65415276422e-84 0.00211664657776 1.32510040729e-58 3.12029109489e-103
rid 3.08929957634e-29 1.42403406114e-78 2.24939715578e-38 0.0013717485447 3.12002329046e-103
right 3.45510233078e-34 5.44766674266e-34 0.00634993973285 2.70265612729e-13 1.67506465684e-94
rise 1.07437071752e-18 4.55078810195e-29 0.00211664657776 8.50629065515e-35 4.567236565e-72
robs 1.33627949862e-32 7.75106238551e-76 1.00021022595e-27 0.0013717485447 3.11969218148e-103
rose 1.80639690988e-27 2.15111578006e-51 6.53508107631e-55 0.0013717485447 3.25057621771e-58
rude 5.5968071702e-48 1.74085855578e-103 3.65087825033e-69 0.0013717485447 3.11969221874e-103
run 2.03952588202e-103 6.94692016777e-40 0.00211664654707 2.78624438214e-58 4.52312179709e-11
sad 2.03952552396e-103 1.74002790684e-103 2.11664657776e-103 1.3717485447e-103 0.00311969218148
same 1.90853839389e-101 0.00174002790684 2.11664657776e-103 1.3717485447e-103 1.44650640871e-65
saucy 0.00203952552382 2.88482767754e-48 1.35986077422e-30 9.54575279972e-14 3.11969219693e-103
save 1.38794334597e-25 0.00523553743896 5.5268766719e-23 0.00135956562757 6.01961209887e-101
saved 6.51257718094e-14 8.64740982475e-31 0.00211664657769 1.36719096288e-18 3.11989719099e-103
say 7.24314618735e-27 0.00521134175432 1.28515883246e-21 7.75105199147e-13 0.00313536563154
saying 2.03952552396e-103 2.59184735e-66 2.11664661441e-103 0.0013717485447 1.32783958513e-49
says 4.59539077466e-39 7.33446134808e-85 4.3626856299e-94 0.00274349708941 3.11969218148e-103
scope 2.03952552396e-103 1.74002790684e-103 2.11664657776e-103 1.3717485447e-103 0.00311969218148
scorn 2.55119080947e-69 0.00174002790684 4.24801161224e-102 1.90193315989e-87 3.12015368507e-103
scythe 3.14568506085e-59 1.56078496518e-77 1.09650337402e-15 0.00411524563411 2.17928824655e-54
seal 1.08663867591e-34 3.09083733338e-40 0.00211664657776 2.23454073622e-95 3.12009308419e-103
seat 2.03952552396e-103 0.00174002790684 2.11664657776e-103 1.37174854473e-103 3.11969219178e-103
see 0.00423113941727 1.83328020518e-33 0.00422172714163 0.00127634588221 0.00312107126925
seeing 2.99170504785e-91 1.70832079288e-13 0.00211664657755 4.14772662613e-85 5.29078678042e-77
seek 1.4636388977e-29 0.00174002790683 2.11664659239e-103 7.08155184549e-40 5.44197880786e-15
seem 6.47068768141e-28 0.00391997053549 7.35666895528e-15 0.0023966909393 3.11969659261e-103
seemed 2.89107825563e-17 0.00174002790684 3.01980319641e-96 1.46762585638e-72 3.11969218148e-103
seeming 2.04607895063e-58 7.59282630061e-79 3.81309635484e-36 0.0013717485447 3.11969218516e-103
seen 2.03952552396e-103 1.74002790684e-103 2.11664657776e-103 1.3717485447e-103 0.00311969218148
self 0.00224053026675 0.00176000843176 1.9510691877e-42 0.0149382901629 1.81770112468e-40
sell 2.03952552396e-103 1.74002790684e-103 2.11664657776e-103 1.3717485447e-103 0.00311969218148
send 1.08388224497e-48 0.00174002790684 5.55608842035e-99 1.3717485447e-103 3.11969218148e-103
shadow 1.4975021446e-101 3.84958797618e-100 3.20794894785e-41 0.0013717485447 3.11969218148e-103
shall 0.0137129989815 0.00281988905428 7.94439818247e-10 0.00364305902579 1.10734368507e-90
shalt 8.65092489559e-17 1.99651879435e-76 2.11666050295e-103 0.0013717485447 3.1196921816e-103
shame 2.03952552396e-103 1.74002790684e-103 1.01786262894e-47 0.0013717485447 3.11969222001e-103
shamed 8.22205767005e-22 7.79179587596e-13 0.00211664657681 4.40317900778e-54 3.11969218854e-103
she 2.4202223827e-36 9.43149422809e-07 0.0137190654655 0.00345399178243 5.62735883524e-64
sheds 2.03952552396e-103 1.74002790684e-103 2.11664657776e-103 1.3717485447e-103 0.00311969218148
shine 4.34913154664e-55 8.94968872717e-65 1.59007515149e-50 0.0013717485447 3.1196922154e-103
should 1.37445943184e-17 0.00173597631142 0.00210871475868 0.00412358012783 2.96759606884e-49
shouldst 0.00204536641599 1.46924828401e-88 3.24881679842e-45 0.00136782006475 3.11969221194e-103
show 0.00993893806506 1.13667031787e-31 0.00237735440749 1.75884910082e-23 0.00937051921242
shows 1.68992481342e-46 0.00174023419272 3.4512515436e-24 0.00136902987613 0.00312550525022
shun 4.01801069561e-11 0.00174002787256 1.18825175548e-33 7.03081934549e-65 3.11969218148e-103
sick 5.59580210308e-29 7.96987678177e-79 2.96521065594e-33 0.0013717485447 3.11978850541e-103
sight 2.03952552396e-103 1.74002790684e-103 2.11664657776e-103 1.3717485447e-103 0.00311969218148
silent 1.24175831616e-32 3.34947821472e-73 3.99607412843e-42 0.0013717485447 3.43320918791e-103
sin 1.65311254888e-35 1.96472326795e-74 2.11664673608e-103 0.0013717485447 0.00311969218148
since 0.00302743765239 0.00381608371249 0.0112658520516 1.01511114169e-66 3.12029228886e-103
sing 0.00203952552396 1.74002790684e-103 5.43331608344e-71 1.3718304087e-103 3.11969218148e-103
single 0.00213401319611 6.63524954064e-36 0.00201858602124 2.46170206705e-48 3.56999095786e-103
sings 1.11694238519e-86 0.00174002790684 1.53690603419e-33 1.3717485447e-103 3.11969218148e-103
sit 2.03952552396e-103 1.74002790684e-103 2.11664657776e-103 1.3717485447e-103 0.00311969218148
sits 2.03952552396e-103 1.74002790684e-103 2.11664657776e-103 1.3717485447e-103 0.00311969218148
skill 2.03952552396e-103 1.74002790684e-103 2.11664657776e-103 1.3717485447e-103 0.00311969218148
slain 2.03952552396e-103 1.74002790684e-103 2.11664657776e-103 1.3717485447e-103 0.00623938436296
slander 0.00203952552396 3.00125061829e-26 2.1166764527e-103 2.59852345249e-59 1.13637544533e-99
sleep 0.00203925509634 3.17738844957e-65 0.00211692723112 2.74478368031e-64 3.11982768428e-103
slight 3.64799569118e-26 4.92838390651e-90 0.00211664657776 1.3717485447e-103 3.11969218148e-103
slow 2.03952552396e-103 1.74002790684e-103 2.11664657776e-103 1.3717485447e-103 0.00623938436296
smell 7.32021354027e-62 0.00174002790684 3.3717281919e-97 5.38773996101e-85 3.11969218148e-103
so 2.73579119169e-22 0.0323361862513 0.0135425528975 0.00550234283803 0.0125005336822
soil 0.00203952552396 7.54005916493e-88 2.11664657804e-103 5.18287962601e-87 2.38449059292e-42
some 6.30868611206e-34 0.0052200837205 3.10602057087e-19 8.1298255375e-15 3.1196921983e-103
sometime 9.26553338168e-46 5.29994041633e-65 0.00211664657776 1.3717485447e-103 3.11969218148e-103
son 2.03952566491e-103 7.59228617974e-54 2.11664657837e-103 3.71030680232e-81 0.00623938436296
song 0.00203952552396 1.74002790684e-103 2.11664662917e-103 1.37174854589e-103 0.00311969218148
sorrows 1.36457985036e-62 1.6983738628e-90 1.98094089901e-43 0.00274349708941 3.11969220249e-103
sort 2.03952552396e-103 1.74002790684e-103 2.11664657776e-103 1.3717485447e-103 0.00623938436296
soul 2.03952552396e-103 1.74002790684e-103 2.11664657776e-103 1.3717485447e-103 0.00311969218148
sourest 1.93281191659e-89 2.26316563139e-67 0.00211664657776 3.99079532364e-82 3.11969218286e-103
sourly 0.00203952552396 1.92889608608e-39 2.11664665454e-103 4.05906260818e-32 3.11969218148e-103
speaking 2.03952552396e-103 1.74002790684e-103 2.11667274788e-103 0.0013717485447 2.40094435236e-79
speechless 8.64138925499e-93 1.5564451383e-72 0.00211664657776 1.3717485447e-103 3.11969218148e-103
spent 2.03952552396e-103 1.74002790684e-103 2.11664657776e-103 1.3717485447e-103 0.00623938436296
spites 4.26747966262e-62 9.56913044211e-47 2.11664657818e-103 1.37174974011e-103 0.00311969218148
stain 0.00203952552396 5.56953273573e-52 5.80176717777e-81 2.44799654294e-85 3.11969218148e-103
staineth 2.03952552396e-103 1.74002790684e-103 2.11664657776e-103 1.3717485447e-103 0.00311969218148
stand 2.03952552396e-103 1.74002790684e-103 2.11664657776e-103 1.3717485447e-103 0.00311969218148
stands 2.03952552396e-103 1.74002790684e-103 2.11664658152e-103 0.0013717485447 3.11969218148e-103
state 7.88620194293e-17 1.74067983116e-103 4.03320480848e-58 0.0013717485447 3.11969218148e-103
still 0.00695516589133 1.69162188716e-37 0.00481890219113 0.00317015930918 0.00936565341871
stoln 5.50221247307e-29 4.14504446858e-78 2.0747610299e-67 0.0013717485447 3.11969221955e-103
store 2.03952552396e-103 1.74002790684e-103 2.11664657776e-103 1.3717485447e-103 0.00311969218148
stores 0.00203952552396 3.0408866031e-101 2.1166465911e-103 2.52829137377e-95 1.19844318326e-53
straight 6.16074718605e-34 0.0017437102825 2.11916401497e-103 0.00136884554904 1.59039845596e-54
strains 2.36010350679e-103 1.74341443057e-103 9.09215174259e-45 0.0013717485447 3.11976608805e-103
strength 0.00203952552396 1.74006251188e-103 6.02793915011e-85 6.42108684692e-25 3.11990121335e-103
strive 2.03952552396e-103 1.74002790684e-103 2.11664663184e-103 0.0013717485447 4.35386726195e-46
strong 2.03952552396e-103 1.74002790684e-103 2.11664657776e-103 1.3717485447e-103 0.00311969218148
stronger 2.03952552396e-103 1.74002790684e-103 2.11664657776e-103 1.3717485447e-103 0.00311969218148
strongly 0.00203952552396 1.37397198115e-44 2.36757322384e-78 2.44607919322e-22 2.81213740839e-93
style 0.00203952552396 1.74002790684e-103 2.11664658363e-103 2.24086526592e-47 3.11969218148e-103
subjects 6.87547638217e-43 1.30282144908e-60 0.00211664657776 4.40122053416e-85 3.11969218149e-103
suborned 1.24939970159e-44 1.74002994637e-103 0.00211664657776 1.3717485447e-103 3.11969218148e-103
substance 0.00203952552396 1.74002790684e-103 4.4971328191e-59 7.68719892962e-35 3.11969218148e-103
such 2.94072142115e-23 0.00174220143091 2.127397035e-27 0.00822877777358 2.72779927554e-80
summer 1.33542976106e-58 1.68790343222e-78 1.61205538231e-34 0.0013717485447 3.11969218516e-103
summers 0.00203952552396 1.74002828211e-103 2.11664657778e-103 8.5610952902e-51 3.11969218148e-103
sun 0.00195678238829 7.0385420301e-40 8.48959074361e-35 0.00142740010415 3.91000508917e-103
suns 1.22741079506e-69 7.37374119099e-40 0.00211664657776 1.3717485447e-103 3.11969218148e-103
sure 2.93799467009e-72 2.32640431346e-13 0.00211664657747 1.3717485447e-103 3.11969218148e-103
surfeit 2.10407539569e-64 1.7400299464e-103 0.00211664657776 1.3717485538e-103 3.11969218148e-103
suspect 3.81040045529e-55 1.90612132422e-28 0.00211664657776 1.65816863101e-33 3.11973379199e-103
swear 0.00176183075755 0.00197694410987 7.85514168436e-86 7.13319777895e-27 3.11969218148e-103
sweet 5.15454255202e-46 0.00869039529414 4.49018899837e-43 5.16008351397e-27 0.00313716260789
sweetest 1.38324355379e-62 0.00174002790684 2.11664657804e-103 1.37174854657e-103 1.87684716383e-68
sworn 5.18655722125e-79 1.38677970211e-46 0.00423329315551 7.00777059117e-57 3.11970463962e-103
take 2.62447621218e-94 0.00174002790684 2.11664657776e-103 1.3717485447e-103 0.00311969218148
takes 2.87102761127e-27 8.2640606656e-76 0.00369060523188 0.000351703197541 3.11970202729e-103
teach 5.44688654308e-31 2.7395416357e-80 5.62986434509e-13 0.00137174854434 3.1197017536e-103
teachest 0.00203952552396 2.80705885563e-93 2.11664806595e-103 1.00710605242e-75 3.92192165511e-46
tears 3.73436799897e-56 4.65782427972e-59 0.00634993973327 1.42125387153e-65 3.1197319403e-103
telling 6.9824468461e-51 8.19401940083e-68 0.00211664657776 2.45654851673e-64 3.7042468775e-100
tempting 9.65899081399e-19 1.74004000993e-103 2.11664657777e-103 1.37174878633e-103 0.00311969218148
ten 8.28966698191e-59 3.22053810471e-32 0.00211664657776 2.99577875248e-34 3.11969218148e-103
th 5.16349582478e-38 2.38618087251e-88 2.11664674212e-103 0.0013717485447 3.11969218148e-103
than 2.15264979023e-47 7.97393720618e-56 0.00213917661512 0.0054723929949 1.67196778342e-72
thank 2.03953190952e-103 0.00174002790684 1.18845475272e-58 1.3717485447e-103 9.4411503732e-68
that 0.00662247740704 0.0568993433602 7.23067584537e-18 0.0247637440147 3.0511833267e-51
the 0.00720137982296 4.38992133029e-49 0.0464069672161 0.0117206737322 1.31729351192e-35
thee 0.0344891104902 4.48914956628e-05 0.00112341197874 0.0110072334125 0.0483828520945
their 8.74278280995e-44 1.10360274966e-27 0.0120413497004 0.00591377173242 3.11969218903e-103
theirs 1.34752492058e-87 0.00174002790684 4.2019163947e-38 1.3717485447e-103 3.11969218148e-103
them 8.21686220345e-29 0.00198242318438 0.00399711108596 0.00133372057844 5.29391010934e-63
then 0.00200513609463 0.0296069276018 1.62319650847e-50 3.86685268768e-61 0.00312486696693
thence 1.24166872384e-09 0.00522008266118 3.05762569263e-32 4.11227737556e-71 3.1239306568e-103
there 3.12694248948e-50 0.00147129539142 0.00244765527826 0.00136908454036 4.39402097355e-60
thereby 2.03952552396e-103 1.74002790684e-103 2.11664657776e-103 1.3717485447e-103 0.00311969218148
therefore 2.45882866422e-56 0.00348005581367 2.11667247929e-103 1.3717485447e-103 3.11969218148e-103
theres 2.03952552396e-103 0.00174002790684 2.11664657776e-103 1.37174854473e-103 3.11969219007e-103
these 4.57478982305e-46 0.00174152158022 6.01365190573e-40 0.00960106227762 2.22218592795e-74
they 4.14500729034e-24 1.42120538872e-17 0.0222060539066 0.00206976463069 9.66775546747e-102
thief 4.49602530405e-66 0.00174002790684 3.33204795336e-84 6.3367528722e-77 3.11969261495e-103
thievish 2.03952890031e-103 0.00174002790684 1.96315894523e-85 1.3717485447e-103 1.80023962356e-67
thine 0.00185770086089 0.00466709785178 0.00199980149139 0.00474920780696 4.82562515307e-11
thing 1.85093131103e-64 1.18955729032e-102 0.00211664657776 1.3717485447e-103 3.11986055928e-103
things 1.15456252621e-12 0.00522008045671 3.96903016871e-09 1.69329373343e-70 9.6068586895e-84
think 0.00305439464005 0.00210189988886 6.52656473849e-08 0.00177559063268 2.12162521748e-85
thinks 1.50856795634e-28 1.75302704985e-78 2.11664674246e-103 0.0013717485447 3.12026119697e-103
this 0.00298135407645 0.023094234531 0.0271366023164 0.011339827622 0.00367692201352
those 1.81072250632e-07 0.00347990133129 1.54809324667e-37 1.24731099207e-98 3.11969218148e-103
thou 0.0239853178885 9.49814694449e-23 0.0724020614616 4.62731770036e-05 1.07099690512e-88
though 1.80424374445e-72 0.00696010975042 2.28317655494e-09 1.9737128433e-76 6.77879919654e-72
thought 1.04444226233e-20 0.00174243166603 2.31936522187e-12 0.00136985354303 6.44569153765e-61
thoughts 2.04052691e-103 1.74004023446e-103 2.11664658213e-103 0.0013717485447 3.11969218148e-103
three 4.28018589966e-35 8.99939104691e-36 0.00211664657776 1.3717485447e-103 3.25125955373e-103
threw 2.03952552396e-103 1.74002790684e-103 2.11664657776e-103 1.3717485447e-103 0.00311969218148
thrice 7.62609848556e-42 7.42731385397e-86 5.01004347284e-18 0.00274349708941 5.93341015321e-81
thrive 1.02419384734e-58 1.02184470343e-69 0.00211664657776 1.62215617723e-61 3.12030255817e-103
thus 0.00790457693722 0.00369635163635 1.1522744107e-24 1.37174855821e-103 3.34228259849e-94
thy 0.038583160277 0.0123589615379 2.13717387085e-15 0.0274069167102 4.57360060941e-66
till 0.00445527174666 0.00489910979434 2.48530367325e-30 3.80653242082e-34 3.11969218148e-103
time 3.46333713395e-35 2.26850607703e-14 0.00248017328684 0.00386885465209 0.00626394149318
times 0.00460019174122 1.5078543278e-27 5.85169211408e-63 0.00102123859558 4.62229273625e-91
tired 4.78359964408e-48 5.08391700828e-32 0.00211664657776 1.3717485447e-103 3.11969218148e-103
tis 0.00210166171941 8.96051179201e-40 0.00416880738962 1.02243650161e-33 3.11969218148e-103
to 8.55678615843e-22 0.0562409220661 0.026026602784 0.0211002359441 5.25341161699e-61
told 1.27054136482e-27 9.227292062e-61 0.00211664657776 7.98081776455e-90 0.00311969218148
tombed 0.00203952548626 2.18719285452e-85 7.20591733623e-64 2.53566727032e-11 3.11969218148e-103
tombs 7.10840418648e-29 8.0554980857e-79 0.00185074410893 0.000172325095966 3.11976755315e-103
tongue 0.00203952552396 1.74002790684e-103 2.11664657776e-103 1.37174859657e-103 0.00311969218148
tongues 2.4312904683e-76 0.00174002790684 2.1166561534e-103 3.98669154034e-39 4.6666212306e-70
too 3.44044855377e-34 6.71121937182e-90 4.34613441718e-78 0.00274349708941 3.119692221e-103
toward 3.49412334286e-11 2.85577512378e-27 0.00211664654149 2.43049477228e-35 1.33935163771e-78
towards 1.22874740215e-59 8.55493565406e-41 0.00211664657776 1.3717485447e-103 3.11969218148e-103
transferred 2.03952552396e-103 1.74002790684e-103 2.11664657776e-103 1.3717485447e-103 0.00311969218148
treasure 2.03952552396e-103 1.74002790684e-103 2.11664657776e-103 1.3717485447e-103 0.00311969218148
trespass 2.23412709574e-56 3.84040064464e-46 5.43028487018e-32 0.0013717485447 3.11969218148e-103
triumph 0.00203952552396 1.2046326103e-37 2.11690306616e-103 2.56602499717e-60 3.11969218148e-103
true 0.00843034743197 3.61513954369e-34 1.0585695159e-40 0.00255992035502 0.00312075964343
truth 1.8249384616e-20 0.00171764410416 2.11665116205e-103 6.60516366602e-39 0.00627951623322
truths 2.78922305464e-06 3.1143024438e-08 0.00211371400141 2.36600241997e-85 3.2616375513e-103
turn 0.00203757752111 0.00174168985187 5.77137987857e-57 2.40478904718e-79 3.11969218148e-103
twain 2.03952552396e-103 1.74002790684e-103 2.11664657776e-103 1.3717485447e-103 0.00311969218148
twice 1.71516076128e-21 2.29374792148e-36 7.76410620675e-43 0.0013717485447 4.50666096902e-39
tyrants 0.00203952552396 1.31934032939e-87 2.11664658173e-103 1.3717992055e-103 3.11969218148e-103
unbred 2.03952552396e-103 1.74002790684e-103 2.11664657776e-103 1.3717485447e-103 0.00311969218148
universe 2.03952552396e-103 3.13755392088e-88 4.96534217704e-81 0.0013717485447 3.11969222001e-103
unkind 4.21981861168e-53 2.10117216541e-26 2.1166474686e-103 0.0013717485447 5.83109745291e-78
unless 1.73516198924e-51 0.00338358917668 0.00223399284345 8.90821631323e-92 3.11969247211e-103
unlooked 9.82248868676e-52 0.00174002790684 1.5843020326e-64 1.3717485447e-103 3.11969218148e-103
unthrifts 0.00203952552396 2.53371656721e-19 9.37313255859e-99 7.13343307115e-56 1.19005832233e-91
untrue 2.03952552396e-103 1.74002790684e-103 2.11664657776e-103 1.3717485447e-103 0.00311969218148
unused 7.30450737077e-48 0.00174002790684 6.62685638803e-87 1.0222603365e-68 3.11969218148e-103
unworthiness 4.48535180828e-27 1.19130622539e-27 2.11664736531e-103 0.0013717485447 3.11969218148e-103
up 2.03952552396e-103 1.74002790684e-103 2.11664658152e-103 0.0013717485447 1.76654616712e-84
upon 5.36487558642e-31 1.37670661523e-77 1.10019272023e-17 0.0013717485447 3.1255147176e-103
use 0.00203952552396 1.22503129314e-96 2.11664680613e-103 5.15110540031e-33 3.11969218148e-103
used 2.6603732931e-19 1.54286319527e-47 0.00211226355067 0.00137458908081 0.00311969218148
verse 1.26079368047e-60 1.74112081923e-103 1.75423190944e-73 0.00548699417881 3.12390871977e-103
view 2.03952552396e-103 6.07611496646e-91 2.11667274788e-103 0.0013717485447 2.67996315918e-79
virtue 2.03480490447e-16 0.00174473421766 6.85727853812e-19 0.00273978687591 6.99670855447e-67
vow 7.51247365473e-43 5.91550742796e-22 0.00211743281688 0.00137123900174 3.60988387799e-65
wait 8.99840736389e-56 0.00174002790684 2.11664657776e-103 1.3717485447e-103 1.5334204872e-55
waiting 7.95873263e-71 0.00174002790684 1.10385478131e-93 6.96184405443e-49 1.46313343352e-72
wake 2.03957153677e-59 4.66414272355e-81 1.73643376411e-35 0.0013717485447 3.119692186e-103
waking 0.00203952552396 2.9890007722e-89 2.11664658227e-103 1.62589987689e-81 3.11980328023e-103
want 2.88736235107e-83 0.00184890777977 0.00198420030519 6.08894841135e-79 1.44413236855e-70
war 2.10794713162e-66 1.30296376079e-36 0.00211502427454 1.05137631033e-06 3.11969218148e-103
warm 3.29527973655e-79 3.96647306644e-84 0.00211664657776 2.9436210709e-56 3.11969218148e-103
was 2.98220287772e-10 1.05525104282e-42 0.00238978336431 0.00393823194748 1.58398909092e-89
wastes 1.63695905565e-89 7.14653451826e-65 2.71189731644e-80 0.0013717485447 3.11969222003e-103
watch 3.08554153432e-46 1.39192810056e-94 0.00211664657776 1.3717485447e-103 3.11969218148e-103
water 0.00205621180838 1.74007312197e-103 0.00209932933097 1.37174854587e-103 3.11969218148e-103
we 2.2582605319e-15 0.00172939861747 0.00206225103867 0.00141538059128 4.5773270843e-84
wealth 8.47061811392e-12 5.89278019953e-60 1.55303818165e-83 0.00274349708371 3.11969280031e-103
weeds 2.03952552396e-103 1.74002790684e-103 2.11664657776e-103 1.3717485447e-103 0.00311969218148
weep 4.70948668236e-32 0.00174002790684 2.11664658994e-103 8.47526281265e-83 1.15051130261e-55
welcome 5.25791966535e-23 1.99434052117e-62 2.1166467471e-103 0.00274349708941 3.11969218148e-103
well 2.96474140047e-34 0.00470988432499 1.41239140032e-63 0.0013737240333 0.0102693191661
went 4.5094308615e-28 1.59167030567e-81 2.11664674246e-103 0.0013717485447 3.11969218148e-103
were 3.07826676545e-32 0.00696011162735 2.11666120031e-103 1.37200894e-103 1.01634933745e-62
what 0.0108200967974 0.00231923381572 0.00270676815173 0.000114026877207 6.03662536302e-73
whats 0.0019887450768 4.33235054577e-05 2.88190183173e-97 1.64071567846e-87 3.12123537088e-103
when 0.005567426213 2.06080414561e-16 0.0175051637578 1.03180281415e-47 6.3860881248e-98
where 5.0583459409e-45 0.00695893146202 0.00423472876059 1.3717485447e-103 3.11969218148e-103
which 2.46504328772e-09 0.00959795210128 0.0148146729615 0.00752390127916 3.24776142344e-88
while 0.00203952552396 6.93309754355e-73 1.35830041926e-23 2.16486942679e-89 1.33629078414e-44
whilst 0.00203952552396 1.74002790684e-103 2.1166615864e-103 1.37174854588e-103 3.11969218148e-103
whit 2.03952589549e-103 2.89211289724e-93 4.71238479301e-76 0.0013717485447 3.11969222003e-103
who 0.00407911542142 8.75916411585e-23 0.00211657977008 2.2003263351e-69 2.5996788569e-84
whole 5.63570590997e-58 1.32008203903e-62 0.00211664657776 5.80969016636e-103 9.15185334901e-78
whom 3.00366711856e-45 4.41608445784e-13 0.00423329315497 8.90467537035e-30 1.37614046845e-77
whose 0.0020538762124 0.00346781247664 9.92055077657e-81 4.42005344171e-29 2.54497815726e-73
why 0.00407905104791 2.00933628931e-40 6.25253160129e-16 7.02617540706e-44 1.07848854531e-91
wide 2.53017566914e-23 4.3836478182e-68 2.11664674246e-103 0.0013717485447 0.00311969218148
wilful 2.03952552396e-103 1.74002790684e-103 5.99260069591e-81 0.0013717485447 3.11969222001e-103
will 7.94030806196e-49 0.00825565173484 9.11918983098e-27 7.48374772215e-09 0.0163953650788
willed 2.79891909631e-66 0.00174002790684 3.96963389219e-26 2.21137900432e-56 1.82718760623e-28
wilt 0.00455131212373 7.59772743258e-51 1.21641173201e-27 0.0024258627005 9.37122621027e-43
winter 0.00381421577996 2.07223529186e-54 4.84739659037e-37 0.00154987177192 5.85519236376e-10
winters 1.92772185904e-14 1.74025169872e-103 3.43669673925e-67 0.00137174854469 3.1196922218e-103
wise 0.00203952552396 1.7400279126e-103 2.72957287541e-57 3.7018997102e-62 3.11969218148e-103
wish 6.53292999111e-36 0.00348005581367 2.31913507016e-67 2.87204462699e-21 2.73891933705e-69
wished 2.03952552396e-103 1.74002790684e-103 1.88884336601e-72 0.0013717485447 4.75348024917e-84
wit 2.03952552396e-103 1.74002790684e-103 2.11664657776e-103 1.3717485447e-103 0.00311969218148
with 0.0255618430976 5.29753247718e-31 1.08910869297e-11 0.0143577760946 4.58187194305e-56
witness 3.42937373724e-34 1.59642137452e-70 0.00211664657776 1.3717485447e-103 3.11969218148e-103
wits 0.00203952552396 1.74006030301e-103 6.12936985593e-56 2.93756383434e-25 3.11983851836e-103
woe 2.03952555062e-103 1.74002790686e-103 2.11664805874e-103 0.00134514046793 0.00941958982831
womens 7.92523643808e-79 6.78340080634e-45 8.17849879593e-48 0.0013717485447 3.11969222021e-103
wonder 3.01124160858e-41 0.00174002790684 2.11664676457e-103 1.37175351942e-103 7.57936717843e-66
words 1.28412710747e-79 1.74045682188e-103 1.23501595069e-67 0.0013717485447 3.11969221808e-103
world 0.00920577320641 1.89682574723e-49 9.66934240171e-61 0.000667103614111 9.22727426755e-35
worlds 0.00203952552396 1.74002790696e-103 3.36071906322e-45 1.3717485447e-103 3.11969218148e-103
worms 0.00203952552396 1.66382661568e-65 2.9921212408e-79 6.56564026681e-22 2.22781135522e-77
worse 0.00407889004635 1.74002790684e-103 2.11664657776e-103 1.37174859627e-103 0.00311993845216
worst 0.00232799941226 8.75599925425e-50 2.11664679286e-103 0.00117772614498 3.11969218148e-103
worth 0.00234324669733 4.90037880311e-77 2.87642388967e-69 0.00116734080981 0.00311998847641
worthiness 1.30805926602e-29 5.57805680119e-68 4.61166968572e-47 0.0013717485447 3.11969218148e-103
worthy 1.67745413382e-95 0.00174002790684 2.11664771527e-103 2.61479961338e-89 2.80983558511e-65
would 2.7854054658e-60 0.001733436253 0.00212066345052 0.00137434182555 9.38623657394e-60
wretchcd 6.4643456523e-59 1.74015086177e-103 3.88355820674e-74 0.0013717485447 3.11969221929e-103
wretched 1.67419002978e-55 0.00174002790684 5.62643062828e-72 1.3717485447e-103 3.11969218148e-103
writ 0.00203952552395 1.74002790684e-103 4.44516399809e-83 1.3717485811e-103 0.0031196921815
wrong 2.03952552396e-103 1.74002790684e-103 2.11664657776e-103 1.3717485447e-103 0.00623938436296
ye 2.03952552396e-103 1.74002790684e-103 2.11664657776e-103 1.3717485447e-103 0.00311969218148
yet 2.69478020162e-18 0.0208464358897 0.0042745293827 1.6330136282e-15 8.14776361745e-88
yore 2.03952552396e-103 1.74002790684e-103 2.11664657776e-103 1.3717485447e-103 0.00311969218148
you 0.000722005650984 0.0177223356021 0.0188180230681 0.00487281509486 0.0125353967742
young 2.03952552396e-103 1.74002790684e-103 2.11664657776e-103 1.3717485447e-103 0.00311969218148
your 2.03489108775e-09 0.00549480417829 3.72192125574e-39 0.0217313998614 1.1338324916e-59
yours 5.04319766784e-63 1.32996933625e-74 0.00634993973327 1.37277999992e-103 1.57202834837e-96
youth 2.03952552396e-103 1.74002790684e-103 2.11664657776e-103 1.3717485447e-103 0.00311969218148
