9.854507630976705974e-26 6.862040701587030929e-54 3.893550095623564089e-15 4.830591391405167902e-54 6.059103370026713842e-01 6.129692751994071313e-20 2.364247214100765611e-25 4.491592598047747237e-103 3.940896629973246745e-01 3.832421292458145800e-28 4.488665143903907491e-103 4.488665143903907491e-103
7.328400713246002729e-01 1.793053423137494042e-27 1.381341052128874040e-84 4.656687771311261053e-45 8.286902641459872224e-23 6.914435458250022672e-48 2.164488220363827709e-01 3.298327329286057816e-103 5.071110663901687299e-02 2.936589162611516854e-33 3.289473684210787846e-103 3.289473684210787846e-103
3.332893068950482204e-35 2.840108813478836791e-64 9.629342957090891012e-28 9.642178548956652495e-01 1.663114443385414042e-23 2.089895814627866394e-09 2.945341261224121134e-31 2.515153310550294962e-11 1.748092948768642710e-44 3.578214298928743958e-02 5.721172837396233974e-103 2.106369268583884496e-32
6.640422755040225451e-29 2.503875875556136616e-103 6.927843414710617509e-29 4.131930599006717800e-23 1.493501182024418630e-20 3.995520954640675582e-01 2.322851470399512962e-24 6.004479045359325529e-01 1.127809661109814977e-48 1.803075385462123214e-26 2.468236629558844853e-103 1.569357098087444700e-21
1.840102936423872488e-22 1.960297868698650477e-83 5.297209814301611086e-01 3.646178441092619571e-01 1.519504410744186558e-22 3.868151701941065329e-25 5.677307178953665961e-02 4.888799289292381639e-02 1.097781164220600957e-07 2.167277302595612289e-22 3.683280034769433435e-103 3.679061723101228303e-53
1.239370809259926722e-73 6.036560312148072487e-103 1.191257059192353945e-01 5.709744444621706050e-01 3.409827949058167733e-24 1.848714185557192813e-23 1.055696408564865630e-89 3.098998496185940144e-01 6.036560312148041754e-103 2.259189575083297311e-21 6.036560312148040762e-103 3.072060889444208846e-18
4.749576111530487433e-18 2.715693855515892489e-69 6.381086129083543557e-02 3.319040913815665603e-25 3.714211662669799630e-01 1.432217534491600545e-25 5.388373366629164440e-01 4.731048038992341274e-29 2.593063577926807070e-02 3.439807161564674433e-22 5.678352328567438572e-103 6.133783239744471146e-19
2.966033710104407555e-44 3.230996297597281416e-103 6.534018763743145296e-37 9.445569057360916415e-21 6.961216330331703936e-03 1.219506234146397299e-02 4.637744286075287343e-67 1.130488802791869531e-25 4.370501263076785806e-75 8.512368371057540141e-53 3.226459609632251455e-103 9.808437213282044098e-01
2.907224605528925858e-17 2.106887130318291812e-56 5.866945098659956260e-25 2.470400157569677036e-28 9.627011246144833353e-33 3.919476077302322867e-62 7.959080805746636967e-32 6.632242550603671740e-33 4.416768647964710026e-01 5.583231352035289419e-01 5.180239226156510542e-103 6.601440003758255184e-45
1.416918307854053829e-36 1.289875915042246903e-25 2.989204917585927503e-12 3.773588876166998896e-01 6.045526502056507434e-01 6.374984239201794555e-18 1.300371256785652763e-15 1.803889061905702626e-02 4.499817199419055273e-41 4.957155560192669306e-05 8.768899046015949658e-103 1.272157778449843785e-78
2.092532510146748520e-70 9.999999999999203970e-01 1.762083172530462124e-62 3.290551157984903566e-103 2.228765888790934012e-95 3.290494359453736962e-103 9.386739899904474472e-62 3.293237992474559695e-103 7.974207551862932722e-14 4.836043565778206518e-74 3.289473684210526616e-103 3.289473684210526616e-103
0.000000000000000000e+00 0.000000000000000000e+00 0.000000000000000000e+00 0.000000000000000000e+00 0.000000000000000000e+00 0.000000000000000000e+00 0.000000000000000000e+00 0.000000000000000000e+00 0.000000000000000000e+00 0.000000000000000000e+00 0.000000000000000000e+00 0.000000000000000000e+00
