2.039472789071849360e-20 6.747990293510930640e-43 6.528144252868946229e-02 2.794296287611178079e-45 9.644657389199809416e-02 5.289625317958939132e-40 2.732402314125026654e-77 1.080624157888072239e-28 2.264211470792629207e-51 3.089044709597746479e-33 2.757473630195106694e-103 8.382719835793124297e-01
1.078638585635605095e-102 5.178634492334332074e-41 1.168498710975441975e-50 1.000000000000000000e+00 2.680613400642863322e-75 2.954155392295056724e-23 4.948657788286336674e-48 2.371121009038313326e-56 2.248129579064499673e-27 1.498968058112489245e-67 4.545377155892360500e-103 4.552684451108839613e-103
1.067545677478520978e-02 3.378607850408351920e-103 2.708672602913728134e-02 1.247382396082428665e-36 3.365836865337318402e-18 9.863773159365114698e-11 4.108730622847209682e-20 7.627290189243177952e-25 1.860740378315569876e-01 7.761637792658827584e-01 3.378157804843024982e-103 7.191568746288101839e-19
6.196890375179846601e-56 6.338599372791039008e-11 2.973724914704496288e-16 2.582861116752158263e-18 2.716360311444308648e-61 4.066558054358124230e-01 4.202056244343357419e-24 1.170889221661532142e-01 4.762552723346480388e-01 1.823526201681646418e-53 4.519198312255943051e-103 4.537670734846399987e-103
9.248711063832212309e-01 2.328022313293010109e-11 3.169374220253566932e-26 3.614594283236316486e-58 6.210480347785614760e-22 2.566464694574603980e-02 7.779774497770489718e-70 9.222792986065597392e-37 3.969088226051688956e-02 9.773364387235599152e-03 7.532253981601438693e-103 9.028240746936817521e-27
6.107098470618628344e-42 2.819470809723300178e-02 8.907473755372125046e-03 2.057855147699699074e-12 1.427607361305172629e-01 4.110923935098532156e-01 4.090446885049663917e-01 7.690040625537987211e-39 3.080998485952612376e-27 2.849035599654974117e-25 5.261296421514179608e-103 1.838140766537620426e-89
2.562463717095546865e-47 3.697542395272686994e-02 4.909662753858251439e-37 2.437888401254358553e-48 1.396635549240402129e-40 8.232977463752498559e-02 6.899433988897726350e-48 8.806948014097480959e-01 7.512812956309999523e-25 3.792839289284381813e-18 5.863194121408188828e-103 6.345837371476368866e-73
2.691218617474042119e-02 5.796619541078434912e-03 7.108283848397458637e-01 4.485706278065795111e-03 3.427996699404601282e-08 2.984048505136934474e-29 1.061594635978985473e-28 1.476168950451971565e-02 2.349102310938879524e-18 2.372153793818826961e-01 3.519749032892694041e-103 4.631266107841515371e-79
6.946459021982950496e-03 1.322597076143120604e-38 3.350498437280933772e-01 1.475282231025919763e-19 7.004955463940592468e-13 1.501398810832618857e-31 7.642078442314551559e-19 5.731702992888062509e-01 8.483339796041693137e-02 6.822045512970296079e-19 5.521837866168171064e-103 1.002028130175539174e-35
7.632654040188822098e-01 3.350690839898138419e-103 7.481366883431338292e-06 9.362567287554619697e-45 2.367271146142343463e-01 2.039803401015312390e-19 3.853651721849366638e-70 3.056488402657125133e-22 4.238692029942693143e-26 2.221248763225661214e-20 3.350616340950623656e-103 6.755625212004414442e-19
2.128407365722028340e-77 6.799066105556543782e-01 5.159046599272475831e-75 4.069296188151284505e-58 4.598458916132828050e-94 1.479894489987206019e-02 3.052944445444735755e-01 3.927720450520372194e-96 1.150989787130160282e-59 3.293805468777610659e-103 3.289473684210527112e-103 3.289473684210527112e-103
0.000000000000000000e+00 0.000000000000000000e+00 0.000000000000000000e+00 0.000000000000000000e+00 0.000000000000000000e+00 0.000000000000000000e+00 0.000000000000000000e+00 0.000000000000000000e+00 0.000000000000000000e+00 0.000000000000000000e+00 0.000000000000000000e+00 0.000000000000000000e+00
