 0 1 2 3 4
abide 1.96885220997e-103 2.30063053784e-103 1.94757937311e-103 0.00315555191192 1.71213308237e-103
about 1.96885220997e-103 2.30063053784e-103 1.94757937311e-103 0.00315555191192 1.71213308237e-103
absence 5.82257554347e-68 0.00230063053784 5.46422529758e-50 3.15555395855e-103 1.71213308237e-103
absent 8.06677729696e-34 0.00224156580858 0.00199758012139 1.45168463603e-93 1.71213308237e-103
abundance 9.09142284504e-70 0.00230063053784 2.55689998465e-49 3.15555191192e-103 1.71213308237e-103
action 3.03348733074e-60 0.00471172086312 1.33405119585e-20 3.15585978279e-103 0.00162992872438
active 1.96885220997e-103 7.32969508534e-97 1.78479252228e-41 3.1564133848e-103 0.00171213308237
added 1.97213360734e-96 2.30063053784e-103 1.35859529373e-11 5.89379460278e-30 0.00171213307043
addition 1.96885220997e-103 6.46830797872e-61 4.62654525053e-86 3.15555191192e-103 0.00171213308237
admit 0.00196885220997 2.30063053784e-103 1.94766429403e-103 3.15555191192e-103 1.71213308237e-103
advantage 1.96885220997e-103 2.3006305382e-103 1.94764754869e-103 3.15555191192e-103 0.00171213308237
advised 1.96885220997e-103 2.28282582847e-102 1.93636658729e-91 3.15555191192e-103 0.00171213308237
affections 1.96885220997e-103 2.9241742168e-103 7.96986650436e-89 3.15555191192e-103 0.00171213308237
after 3.35328765344e-66 0.00230065822149 1.91523252396e-48 3.15555191192e-103 0.00171211248016
afterwards 2.4954811722e-90 2.30063053784e-103 9.84284897496e-06 7.16881429635e-83 0.0017034801527
against 0.00227632769843 0.00194134125508 4.06815235853e-48 3.15555247531e-103 1.71235293186e-103
age 1.96885220997e-103 2.30063053784e-103 1.94757937311e-103 0.00315555191192 1.71213308237e-103
air 1.96885220997e-103 2.30063053784e-103 1.94757937311e-103 0.00315555191192 1.71213308237e-103
alchemy 1.96885220997e-103 2.30063053784e-103 1.94757937311e-103 0.00631110382384 1.71213308237e-103
all 0.00394407087921 0.0241823305546 0.012977364599 1.15701586913e-60 0.00311995330737
allow 1.96885220997e-103 2.30063053784e-103 1.94757937311e-103 0.00315555191192 1.71213308237e-103
alone 9.13925102086e-44 0.00212983334725 0.00402292316352 0.00318280845606 1.42331141162e-44
although 0.00393770441995 2.30063053784e-103 9.79337970815e-75 3.15555191192e-103 1.71213308237e-103
am 0.00366572809937 0.00261865954846 8.1633135208e-07 5.43243885689e-81 0.00342338406187
among 6.43638447839e-48 0.00230063053784 1.94757937311e-103 3.15555191192e-103 1.71213308237e-103
an 3.96749058776e-76 2.30063053784e-103 0.000669705703476 7.08031627839e-97 0.00454765544226
and 0.118256283042 2.30069298814e-103 0.0152767889378 1.86600720694e-42 0.0138553461778
annoy 1.96885220997e-103 2.30063053784e-103 1.94757937311e-103 0.00315555191192 1.71213308237e-103
another 1.96885220997e-103 2.30063053784e-103 1.94757937311e-103 0.00315555191192 1.71213308237e-103
appear 1.96885220997e-103 2.30063053784e-103 1.94757937311e-103 0.00315555191192 1.71213308237e-103
appetite 1.96885220997e-103 2.30063053784e-103 1.94757937311e-103 0.00363051142257 0.00145443049542
april 2.69552753545e-65 0.00230063053784 7.7121799094e-43 3.15555191192e-103 1.71213308237e-103
are 0.00410933158579 0.00224454973395 0.00711656954712 1.14459420875e-54 0.00733331647309
aright 1.96885220997e-103 2.30063053784e-103 1.94757937311e-103 0.00315555191192 1.71213308237e-103
array 1.96885220997e-103 2.30063053784e-103 1.94757937311e-103 0.00315555191192 1.71213308237e-103
art 3.38526286501e-21 0.00467324173941 0.00644336288454 0.00947943226408 0.00283575158893
as 0.0100115221897 0.00882635459599 0.00794330502787 1.48465776213e-49 3.90865272251e-31
assistance 1.96885220997e-103 1.12613019081e-40 0.00194757937311 3.15624675355e-103 6.96633216114e-43
assured 1.96885220997e-103 2.30194947965e-103 6.16301112654e-77 3.15555191192e-103 0.00171213308237
astronomy 1.96885220997e-103 2.30063053784e-103 1.94757937311e-103 0.00315555191192 1.71213308237e-103
attaint 1.96885220997e-103 2.30063053785e-103 1.94757937313e-103 3.15555191192e-103 0.00171213308237
audit 2.80334524472e-46 4.98285328166e-19 0.00194757937311 4.63822741061e-90 8.73732937292e-75
away 1.96885220997e-103 2.30063053784e-103 1.94757937311e-103 0.00631110382384 1.71213308237e-103
bad 1.9689958392e-103 2.47033059482e-73 7.2091434321e-24 4.55434241275e-20 0.00171213308237
bail 0.00196885220543 1.01048252078e-52 4.4919422894e-12 3.15722672567e-103 1.71213308237e-103
bare 0.00393770441995 5.32687783592e-49 8.04453631047e-44 3.15555191192e-103 1.71213308237e-103
bareness 1.96885220997e-103 1.45118100186e-102 1.83262519849e-89 3.15555191192e-103 0.00171213308237
barren 1.31846695831e-67 0.00230063053784 9.68952441168e-50 3.15555252309e-103 0.00171213308237
bars 1.96885220997e-103 2.30063053784e-103 3.67739886716e-12 1.19062246369e-32 0.00171213307914
base 1.96885220997e-103 2.30063053784e-103 9.21894578234e-25 6.87706580941e-89 0.00171213308237
bastard 1.96885220997e-103 2.30081114114e-103 1.76473068183e-15 3.15605307466e-103 0.00342426616474
be 0.0019658898141 0.00221003910776 0.00246120848261 0.00672628385955 0.0130902559379
bear 1.96885220997e-103 2.30063053784e-103 1.39918339059e-26 2.47072402005e-49 0.00171213308237
bearer 7.37940405864e-34 0.00230063053784 5.74764605854e-54 3.15555191192e-103 1.71213308237e-103
bearing 1.96885220997e-103 2.30063053784e-103 1.94757937311e-103 0.00315555191192 1.71213308237e-103
beauties 6.66535684906e-68 0.00230063053784 1.59950409855e-30 3.15565055121e-103 1.71213308237e-103
beauty 6.21864885939e-54 0.00460185018405 1.52122187545e-12 3.15605356884e-103 0.00342382774798
beautys 0.00393204378729 1.20399047934e-59 1.21307468442e-19 3.15577378282e-103 0.00685345487085
been 1.96885220997e-103 7.97766253652e-103 7.68132279793e-87 3.15555191192e-103 0.00171213308237
before 4.91323666145e-91 2.30063053784e-103 4.88746697023e-39 0.00946144150203 2.82912857024e-06
beggar 1.96885220997e-103 6.4400377983e-101 8.61016199984e-88 3.15555191192e-103 0.00171213308237
beguile 1.26662355456e-12 0.00230063053636 5.93213385592e-63 3.15556073736e-103 1.71213308237e-103
beguiled 1.96885220997e-103 2.30063053784e-103 1.94757937311e-103 0.00315555191192 1.71213308237e-103
behold 2.17625698032e-14 0.00460126107566 4.35503860075e-50 3.23310870983e-103 1.71213464937e-103
being 0.00393770441995 2.30063053786e-103 1.32984514133e-67 0.00315555191192 1.71213308237e-103
believe 3.87714047573e-65 0.00230063053784 3.83951231723e-50 3.15555191192e-103 1.71213308237e-103
bell 1.96885220997e-103 2.30063053784e-103 1.94757937311e-103 0.00315555191192 1.71213308237e-103
beloved 1.15367262914e-10 1.13850344628e-08 0.00194756962109 4.7368185168e-103 1.71213308237e-103
bends 1.20291758282e-56 0.00230063053784 3.66427074837e-49 3.15555202628e-103 1.7121843942e-103
benefit 4.56732727596e-75 1.37946513283e-41 0.00194757903496 3.60405485982e-74 2.97268185995e-10
bent 3.97270681484e-95 1.25858710756e-36 0.00194755953645 2.81386011077e-94 1.74385714861e-08
beside 1.96885220997e-103 2.30063053784e-103 1.94757937311e-103 0.00363434752303 0.00145234911166
besmeared 1.96885220997e-103 2.30063053784e-103 1.94757937311e-103 9.82666768194e-08 0.00171207976503
best 1.5551387163e-29 0.00206456129461 0.00214742179943 2.30190790299e-49 5.78580314236e-17
better 5.22287795518e-65 0.00230103073216 3.40672553556e-23 3.22814331455e-34 0.00171183525709
beweep 3.19807196631e-60 1.28219337107e-87 0.00194757937311 4.31324717807e-85 6.14588064505e-42
beyond 0.00196885220997 2.30063053784e-103 1.16047614475e-95 3.15555191192e-103 1.71213308237e-103
birds 1.96885220997e-103 2.30063053784e-103 1.94757937311e-103 3.15555191192e-103 0.00171213308237
black 1.96885220997e-103 2.30063053784e-103 1.94757937311e-103 4.58308464854e-18 0.00171213308237
blessed 2.53424807328e-47 2.34328726897e-24 0.0038951587437 1.52728113351e-89 2.21576035774e-12
blessing 1.96885220997e-103 2.30063053784e-103 0.00193470249415 1.12625840284e-100 1.13201704493e-05
blind 0.00196885220997 2.30063053785e-103 1.00003587772e-48 3.15555191192e-103 1.71213308237e-103
blood 1.96885220997e-103 2.30063053784e-103 1.94757937311e-103 0.00315555191192 1.71213308237e-103
bloody 1.96923161104e-103 2.30063053787e-103 0.00194757936517 3.3742827891e-30 6.9841150724e-12
blunter 1.38850120093e-99 2.9420832923e-33 0.000598927920953 1.83183055311e-97 0.00118561060962
blunting 1.01851818886e-48 0.00230063053784 1.94762960937e-103 3.15555191221e-103 1.71213308237e-103
boast 1.96885220997e-103 2.30063053784e-103 1.94757937311e-103 0.00315555191192 1.71213308237e-103
bodys 1.96885220997e-103 6.2168846886e-69 1.39601000424e-08 3.15605195812e-103 0.0034242538923
bonds 0.00206890203904 0.00218372095424 1.13557062231e-36 3.15555408698e-103 1.7122722277e-103
bones 3.63880269708e-73 1.22115945357e-37 0.00194757937311 5.05811219094e-26 1.08562808066e-37
book 0.00196885219944 2.30063053784e-103 1.33921439386e-39 0.00315555192881 1.71213308237e-103
boot 1.70301536738e-49 0.00230063053784 1.94786354103e-103 3.15555208141e-103 1.71213365872e-103
bore 1.6629915106e-70 0.00230063053784 1.12844835196e-15 2.02945896818e-92 7.99870670698e-32
born 1.96888630238e-103 2.3007469191e-103 4.28185981909e-06 0.00327494699364 0.00164358771805
borne 1.96885220997e-103 2.30066908085e-103 1.94803168855e-103 3.15555191192e-103 0.00171213308237
both 9.01647433702e-55 0.00230063053784 4.04052855488e-48 3.15555632624e-103 1.71370587335e-103
bound 0.00196885220997 2.30063053784e-103 3.4193754521e-17 1.1751830327e-77 0.00171213308237
brains 1.96885220997e-103 2.3011245027e-103 1.79281538508e-92 3.15555191192e-103 0.00171213308237
brand 1.96885220997e-103 2.30063053784e-103 1.94757937311e-103 0.00315555191192 1.71213308237e-103
brass 7.90395405245e-17 0.00460126107569 3.19809904239e-56 3.15556010036e-103 1.71213308237e-103
brave 1.21734037178e-15 0.00230063053784 8.62560507211e-31 3.15560333178e-103 2.2162884132e-66
bravry 4.15146143467e-32 1.59916638608e-27 0.00194757937311 1.07247954742e-96 1.71214372392e-103
breast 1.20585370217e-98 2.30063067448e-103 2.64602496716e-11 1.7020687574e-22 0.00171213305911
breathe 1.82201033018e-07 0.00230041763346 1.7041064419e-32 3.15617593201e-103 1.71213308518e-103
breathed 0.00196885220997 2.30063053784e-103 1.94766429403e-103 3.15555191192e-103 1.71213308237e-103
breeds 1.96885220997e-103 2.30063053784e-103 1.94757937311e-103 0.00315555191192 1.71213308237e-103
bright 2.74500229626e-14 1.11359929967e-51 0.0038951587462 6.88005155925e-42 1.28723277117e-44
brightness 3.99830387533e-24 5.55916835199e-87 0.00194757937311 3.72987984368e-83 6.2238781477e-52
bring 1.96885220997e-103 2.30072990239e-103 2.48510797419e-47 3.15640098976e-103 0.00171213308237
broke 1.96885220997e-103 1.14116822197e-100 1.18190105505e-87 3.15555191192e-103 0.00171213308237
brood 1.96885220997e-103 2.30063053784e-103 1.94757937311e-103 0.00315555191192 1.71213308237e-103
brow 1.96885220997e-103 2.30063053784e-103 1.94757937311e-103 0.00631110382384 1.71213308237e-103
bud 1.96885220997e-103 2.30063053784e-103 1.94757937311e-103 0.00315555191192 1.71213308237e-103
built 0.00196885220997 2.30063053784e-103 2.9453240538e-35 3.15576410306e-103 1.71213308237e-103
buried 1.96885220997e-103 2.30063073633e-103 1.94758145426e-103 0.00315555191192 0.00171213308237
burn 8.32989009007e-49 0.00230063285324 1.94765380048e-103 3.15555191218e-103 0.00171213135925
burning 1.96885220997e-103 1.14059371228e-94 2.4430124923e-87 3.15555256859e-103 0.00171213308237
burthen 1.81850185689e-41 2.30063053785e-103 0.00194757937311 1.64527285155e-88 1.71213308237e-103
but 0.0157518129389 1.67850582357e-19 0.00973691235993 5.0858844172e-103 4.60659105543e-21
by 0.00427350435915 0.0111242352202 0.00766670082331 2.05663416511e-94 0.00523504779035
call 0.00196885220997 2.30063055848e-103 5.89941847809e-46 3.15555191192e-103 1.7122101839e-103
called 0.00196885220997 2.30063053784e-103 1.94757937321e-103 3.15555191192e-103 1.71213308237e-103
came 0.00196885220997 2.30063053784e-103 1.94766429403e-103 3.15555191192e-103 1.71213308237e-103
can 1.96885220997e-103 2.30212309512e-103 0.00485238998484 2.61924821853e-49 0.00258275629164
canker 8.01231484947e-30 9.17657960613e-23 0.00389515874622 1.19711001671e-97 2.95323422191e-96
carry 1.96943311471e-103 2.30063497442e-103 0.00194757937311 4.13518399685e-72 1.20556955061e-44
censures 4.99041493923e-48 0.00230063053784 1.94757937311e-103 3.15555191192e-103 1.71213308237e-103
change 0.00196730223747 2.30063053785e-103 5.96484935434e-13 0.00315803610894 1.71213308237e-103
charactered 5.25580353257e-70 0.00230063053784 1.01322005808e-47 3.15555191192e-103 1.71213308237e-103
child 1.96885220997e-103 2.30063053784e-103 1.94757937311e-103 0.0036305403523 0.00145441479878
choirs 1.96885220997e-103 2.30064372087e-103 1.62950012471e-09 3.15771727572e-103 0.00171213164986
churl 3.82162745191e-39 4.45272373768e-14 0.00194757937307 1.39248443012e-98 1.71213308237e-103
clearer 1.96885220997e-103 2.30063053784e-103 1.94757937311e-103 0.00315555191192 1.71213308237e-103
cloak 1.96885220997e-103 2.30063053784e-103 1.94757937311e-103 0.00315555191192 1.71213308237e-103
cold 3.23067781811e-55 0.00460126107569 1.36938388046e-46 3.15555191192e-103 1.71213308237e-103
coloured 1.96885220997e-103 2.30065031368e-103 1.94778674407e-103 3.15555191192e-103 0.00171213308237
come 1.96885220997e-103 2.30063053784e-103 1.94757937311e-103 0.00315555191192 1.71213308237e-103
comfort 1.95829508393e-67 0.00135949393407 1.07750141376e-08 6.31592432947e-77 0.00241251903976
commend 1.96885220997e-103 2.30063053784e-103 1.94757937311e-103 0.00315555191192 1.71213308237e-103
comment 7.33762513459e-33 2.87042160793e-25 0.00194524982344 0.00315932634855 1.71213308237e-103
comments 2.79291713829e-58 0.00230063053784 1.38316753777e-48 3.15555191192e-103 1.71213308237e-103
compiled 1.96885220997e-103 2.30063053784e-103 1.94757937311e-103 0.00315555191192 1.71213308237e-103
compounds 9.96863147553e-40 2.30063053785e-103 0.00194757937312 5.43235972221e-91 0.00171213308236
concord 0.00196885220997 2.30063053785e-103 7.99377371582e-21 3.15613633693e-103 1.71213308237e-103
confined 1.96885220997e-103 2.30063053785e-103 1.94757937314e-103 3.15555191192e-103 0.00171213308237
confounds 1.96885220997e-103 2.30063053784e-103 1.94757937311e-103 0.00315555191192 1.71213308237e-103
conquest 1.10243800147e-65 0.00230063053784 3.35740626762e-27 3.15563289927e-103 7.34431041819e-53
conscience 1.65654054511e-55 6.40544926134e-07 0.00194703712521 3.15639310744e-103 1.28519331135e-18
consumst 0.00196885220997 3.68310954636e-58 3.78749798834e-33 3.15566884397e-103 1.71250841035e-103
contend 1.96885220997e-103 2.30063053784e-103 1.94757937311e-103 0.00315555191192 1.71213308237e-103
control 3.22734867601e-61 1.49315317014e-75 0.00194757937311 1.30394924259e-53 2.39579154521e-25
convertest 1.96885220997e-103 2.30063053784e-103 1.94757937311e-103 0.00315555191192 1.71213308237e-103
coral 0.00196885220997 2.30063053784e-103 1.43800294334e-82 3.15555191192e-103 1.71213308237e-103
correspondence 4.83061223321e-70 0.00230063053784 6.50594401337e-45 3.56129055947e-103 1.0500944987e-95
cost 1.26993927312e-37 1.41888974339e-75 0.00194757937311 1.62972030623e-94 1.72269600016e-70
costly 1.96885220997e-103 2.30063053784e-103 1.94771649086e-103 3.15555191192e-103 0.00171213308237
could 7.09592442507e-42 2.30063053785e-103 0.00194757937311 1.17303446727e-69 2.08427146557e-68
cover 1.96885220997e-103 2.30063053784e-103 1.94757937311e-103 0.00315555191192 1.71213308237e-103
creatures 1.96885220997e-103 2.30063053784e-103 0.00194757937311 3.00742655474e-96 5.02540177648e-24
cross 1.96885220997e-103 2.30063053784e-103 1.94757937311e-103 0.00315555191192 1.71213308237e-103
crow 0.00196885220997 2.30063053784e-103 2.46212253439e-103 3.15555191192e-103 1.71213308237e-103
cruel 3.59469001329e-77 0.00230063053774 8.59265621912e-14 0.00315555191192 1.07992251234e-67
crushed 1.96911667364e-103 2.30063053784e-103 0.00194757937311 6.74114312452e-81 1.71213308237e-103
curls 0.00196885220997 2.30063053785e-103 3.11606760156e-18 3.15664609797e-103 1.71213308237e-103
curse 1.96885226261e-103 2.30064621047e-103 1.63603466568e-19 7.21106701016e-22 0.00171213308237
dark 1.96885220997e-103 8.03867573102e-100 2.17279763678e-85 3.15555191192e-103 0.00171213308237
darkening 0.00196885220997 2.30063053784e-103 1.45181433807e-98 3.15555191192e-103 1.71213308237e-103
darkly 9.24930463012e-64 0.00230063053784 9.39286517649e-54 3.15555217971e-103 1.71213308237e-103
date 4.1053161509e-38 5.15127277327e-38 0.0019429942519 0.00631853283454 1.71214160505e-103
day 7.54152983686e-21 0.00449913999432 0.00280151419911 0.00641464974712 0.00269338195739
days 1.96898865924e-103 2.30068774114e-103 7.9914263921e-19 3.16482917591e-27 0.00171213308237
dead 1.96885220997e-103 2.30063053784e-103 1.94757937311e-103 0.00425059965759 0.00111798425375
dear 5.09397187104e-45 0.00230065731067 1.03409678731e-25 3.57965783647e-36 0.00342424624036
dearer 1.96885220997e-103 2.30063053784e-103 1.94757937311e-103 0.00315555191192 1.71213308237e-103
dearly 1.96885220997e-103 2.30063053784e-103 1.94757937311e-103 0.00315555191192 1.71213308237e-103
dearths 4.30383558353e-51 0.00230063053784 1.94799152012e-103 3.1555520483e-103 1.71213308237e-103
death 1.30679461005e-46 4.47830840991e-54 0.00389515874622 3.72458593568e-91 1.71213308237e-103
debarred 3.41042344314e-22 0.00184973852245 0.000381698831792 5.29454587536e-99 1.71213308395e-103
debt 1.96885220997e-103 2.30063053784e-103 1.94757937311e-103 0.00315555191192 1.71213308237e-103
deceased 1.96885220997e-103 2.58734168606e-88 2.80722230719e-87 3.15555191192e-103 0.00171213308237
deceived 1.11397667198e-66 0.00230063053784 1.13592969119e-52 3.15555398038e-103 1.71213308237e-103
decembers 1.96885220997e-103 2.30063053784e-103 0.00194757937311 7.39412013665e-81 1.71213308237e-103
deeds 1.96885220997e-103 2.30063053784e-103 2.57090977574e-26 0.00353539599188 0.00321817111906
deep 0.00393770441995 2.30063053784e-103 7.15688697432e-46 3.15555191192e-103 1.71213308237e-103
defects 1.96885220997e-103 2.30063053784e-103 1.94757937311e-103 0.00315555191192 1.71213308237e-103
defence 1.96885220997e-103 2.30063053784e-103 1.94757937311e-103 0.00315555191192 1.71213308237e-103
delights 2.32658753974e-38 2.30063053784e-103 0.00194757937311 4.47774823923e-83 2.37732508303e-100
departest 1.96885220997e-103 2.30063053784e-103 1.94757937311e-103 0.00315555191192 1.71213308237e-103
depends 8.30641568066e-54 0.00230063053784 1.24677057029e-52 3.15557762885e-103 1.71213308238e-103
descriptions 6.11029492099e-57 0.00230063053784 1.40446020111e-46 3.15555191192e-103 1.71213308237e-103
desert 1.96885220997e-103 2.30063053784e-103 0.00194757937311 1.66022458253e-81 1.71213308237e-103
deserts 1.96885220997e-103 2.30063086314e-103 1.94758278388e-103 0.00315555191192 0.00171213308237
desire 1.96885220997e-103 2.30063053784e-103 1.94757937311e-103 0.00315555191192 1.71213308237e-103
despite 3.04835322194e-24 4.7980935339e-15 0.00194757937311 2.94911022836e-100 3.63161558676e-84
determinate 1.96885220997e-103 2.30063053784e-103 1.94757937311e-103 0.00315555191192 1.71213308237e-103
devour 4.83147441613e-58 6.27698200491e-97 0.00194757937311 2.28471204349e-85 2.33853570673e-52
dial 1.24531271972e-67 0.00230063053784 5.36719536609e-50 3.15555192455e-103 1.71213308237e-103
dians 1.96885228696e-103 8.90536296091e-73 0.00194757937311 1.96924011963e-86 6.94104098638e-23
did 1.96885220997e-103 4.95929591373e-58 3.79279801723e-82 3.15555191192e-103 0.00171213308237
die 1.96885220997e-103 2.30063053784e-103 1.94757937311e-103 0.00315555191192 1.71213308237e-103
died 3.54089038215e-61 0.00230063053784 2.93177468674e-50 3.15556052663e-103 1.71213308237e-103
dig 5.87685544388e-50 0.00230063053784 1.94757937311e-103 3.15555191192e-103 1.71213308237e-103
dignified 1.96885220997e-103 2.30063053784e-103 1.94757937311e-103 0.00315555191192 1.71213308237e-103
directed 1.96885220997e-103 2.30063053784e-103 1.94757937311e-103 0.00315555191192 1.71213308237e-103
disdain 1.96885220997e-103 2.30063053784e-103 1.94757937311e-103 0.00631110382384 1.71213308237e-103
disease 1.96885220997e-103 2.30063053784e-103 1.94757937311e-103 0.00315555191192 1.71213308237e-103
disperse 1.96885220997e-103 2.30063053784e-103 1.94757937311e-103 0.00315555191192 1.71213308237e-103
distance 2.678985586e-35 0.00230063053784 1.44583048175e-45 3.15555191192e-103 1.71213308237e-103
distilled 0.00196885220997 2.30063053784e-103 1.94765853313e-103 0.00315555191192 1.71213308237e-103
divide 1.72177512711e-47 0.00230063053784 1.94762876318e-103 3.15556815e-103 1.71213308237e-103
do 0.00200511242512 0.0160631095187 3.70222604214e-36 1.89912649746e-48 0.0102720049464
doom 1.96885220997e-103 2.30063053784e-103 1.94757937311e-103 0.00315555191192 1.71213308237e-103
dost 0.00494678779052 0.0034221397165 5.26046331351e-31 3.15555191192e-103 0.00171212842416
dote 1.96885220997e-103 2.30063053784e-103 1.94757937311e-103 0.00315555191192 1.71213308237e-103
doth 4.98303467501e-65 0.00195049272706 4.10184937778e-07 3.20558608387e-103 0.0190936764517
dreaming 2.89006805042e-67 0.00230063053784 4.50694884565e-42 3.15555191192e-103 1.71213308237e-103
dressed 1.88749149086e-14 2.30063053785e-103 0.00194757937309 6.55068890253e-99 1.71213308237e-103
dressings 4.74527009196e-66 0.00230063053784 2.26785771958e-16 3.15591866231e-103 4.93849874146e-40
drink 0.00196885220997 2.30063053784e-103 1.94766429403e-103 3.15555191192e-103 1.71213308237e-103
drop 2.66759109306e-38 0.00230063053447 2.85463785308e-12 3.15600151329e-103 1.71226626015e-103
dull 0.00196885220997 2.30063053785e-103 2.45145147547e-47 3.15555191192e-103 1.71213308237e-103
durst 2.16598209412e-66 0.00230063053784 5.59592910621e-51 3.15555199717e-103 1.71213308237e-103
dust 1.96893648623e-103 2.30069413532e-103 0.00030107204878 3.68090975436e-49 0.00144745816231
duty 1.4965035484e-53 2.30063053785e-103 0.00293218317773 1.50419284017e-25 0.000846559760851
dwell 1.96885220997e-103 2.30063053784e-103 1.94757937311e-103 0.00631110382384 1.71213308237e-103
dyed 1.96885220997e-103 2.30063053784e-103 1.94757937311e-103 0.00315555191192 1.71213308237e-103
each 0.00196864563568 2.3444581046e-56 0.00495907080322 5.44344265086e-76 0.000777018861399
eager 1.0115099494e-66 0.00230063053784 3.44597841102e-46 3.15555511678e-103 1.71256260699e-103
ear 1.96885220997e-103 1.22731864207e-70 2.19957260398e-86 3.15555191192e-103 0.00171213308237
earth 2.90947109725e-51 0.00445980852052 0.00206732484034 7.81111716636e-87 1.94774436081e-14
edge 1.39066693602e-55 0.00230063053784 9.51603951056e-43 3.15555193077e-103 1.71214382206e-103
effectually 3.26111613731e-63 8.38062733105e-53 0.00194757191769 1.21118399314e-102 6.55412490688e-09
else 9.822236277e-66 0.00230063053784 8.23694541338e-50 3.15555199717e-103 1.71213308237e-103
enclose 1.96885220997e-103 2.30063053784e-103 1.94757937311e-103 0.00315555191192 1.71213308237e-103
end 1.96885220997e-103 2.30063053784e-103 1.94757937311e-103 0.00631110382384 1.71213308237e-103
enough 1.78873423997e-31 7.16024971703e-25 0.00194757937311 1.40548622216e-90 1.2116021054e-54
equal 1.96885220997e-103 2.30063054668e-103 1.94757946577e-103 3.15555191192e-103 0.00171213308237
ere 9.01262858779e-50 2.30063053785e-103 0.00389515874622 4.92601511281e-88 1.14408370533e-81
errors 1.96885220997e-103 2.30063053863e-103 1.9475793813e-103 3.15555191192e-103 0.00171213308237
estimate 1.96885220997e-103 2.30063053784e-103 1.94757937311e-103 0.00315555191192 1.71213308237e-103
eternal 6.99601765297e-39 2.30063053785e-103 0.00194757937311 2.72649555855e-97 1.71213308237e-103
eternity 1.96885220997e-103 2.30063053784e-103 1.94757937311e-103 0.00315555191192 1.71213308237e-103
even 0.00393092908036 2.31149116545e-103 0.00195368297501 5.03838852537e-102 5.26174634187e-07
ever 1.96885220997e-103 5.17461490543e-66 1.30359128267e-07 3.15605600772e-103 0.00342415156496
every 4.26171070824e-56 0.00462164685618 3.95012279976e-24 1.77544801123e-51 0.00854549428003
everywhere 1.96885220997e-103 2.30063053784e-103 1.94757937311e-103 0.00315555191192 1.71213308237e-103
evident 1.96885220997e-103 2.30063053784e-103 1.94757937311e-103 0.00315555191192 1.71213308237e-103
example 1.96885220997e-103 1.0771454069e-101 0.00194757937311 2.081184626e-81 5.36700945028e-35
excel 1.96885220997e-103 2.30063053784e-103 1.94757937311e-103 0.00315555191192 1.71213308237e-103
expiate 1.96885220997e-103 2.30063053784e-103 1.94757937311e-103 0.00315555191192 1.71213308237e-103
expired 1.96885220997e-103 2.30063053784e-103 1.94757937311e-103 0.00315555191192 1.71213308237e-103
express 2.77302338369e-21 2.30063053785e-103 0.00194757937311 6.41060797415e-86 1.71213308237e-103
extern 2.21988541059e-60 2.69302368949e-27 0.00194757937311 5.24591288538e-75 2.08493195021e-41
extreme 1.33355679282e-59 0.00230063053784 1.94757937328e-103 3.15555191192e-103 1.71213308237e-103
eye 2.59404994495e-61 0.00230911943004 3.56646838879e-31 0.00680360479774 0.00486286160018
eyed 1.96885220997e-103 2.30063053784e-103 1.94757937311e-103 0.00315555191192 1.71213308237e-103
eyelids 1.51927159815e-78 2.30063053784e-103 0.00194757937311 7.57362290205e-77 1.71213308237e-103
face 8.42130429666e-68 0.0023003997418 1.02898038458e-22 0.00315586847248 1.60990645289e-38
fair 6.486364143e-36 7.97596789525e-25 0.00969166852002 0.00323045306674 2.31764822849e-15
fairest 6.81016699833e-65 0.00210558600393 1.61302612799e-23 4.48826527831e-77 0.00185728554973
fairly 1.96885221028e-103 2.30063053978e-103 0.00194748084088 7.46936635232e-102 8.66204986326e-08
faith 0.00196885220997 2.30063053784e-103 1.43275834283e-52 3.15555191192e-103 1.71213308237e-103
false 1.96885220997e-103 2.30197035577e-103 2.012078846e-10 1.60599728092e-84 0.00342426598786
falsehood 3.82311167387e-39 0.00229998475299 5.4668371937e-07 3.15603091971e-103 1.71213308237e-103
falsely 0.00196885220997 2.30063053784e-103 1.30715752253e-50 3.15555191192e-103 1.71213308237e-103
fame 1.96885220997e-103 2.30063053784e-103 1.94757937311e-103 0.00315555191192 1.71213308237e-103
far 4.79882398106e-43 0.00706810373461 0.00375445327733 5.72959361464e-83 1.16086224938e-57
fashion 1.96885220997e-103 2.30063053784e-103 1.94757937311e-103 0.00315555191192 1.71213308237e-103
fate 1.96885220997e-103 2.30063053784e-103 1.94757937311e-103 0.00315555191192 1.71213308237e-103
faults 0.00211779349128 8.03021165449e-63 2.58791794063e-06 6.78038302896e-26 0.00158033723166
fear 3.83613991974e-81 4.31555988235e-38 0.00194757937311 4.71114240185e-52 6.40448414801e-19
feathered 1.96885220997e-103 2.43362899002e-35 0.00194757937311 2.74610128587e-36 1.71213308237e-103
feel 1.96885220997e-103 2.30063053784e-103 1.94757937311e-103 0.00315555191192 1.71213308237e-103
feeling 3.14819906275e-75 3.23672669093e-35 0.00194757937311 1.4711988542e-98 1.71213308237e-103
few 3.23250048409e-33 2.30063053785e-103 0.00194757937311 3.1559861025e-103 1.06001413471e-44
field 1.96885220997e-103 2.30063053784e-103 1.94757937311e-103 0.00315555191192 1.71213308237e-103
figured 1.73856025796e-67 4.02632294345e-21 0.000921402637654 3.04670660483e-60 0.000902120427745
filed 1.96885220997e-103 2.30063053784e-103 1.94757937311e-103 0.00315555191192 1.71213308237e-103
filled 2.43360186096e-32 5.63311765595e-85 0.00194757937311 2.22176948245e-93 1.88537195333e-78
find 1.96885220997e-103 2.23771140227e-40 0.00194757937311 3.15633792365e-103 2.2447954512e-37
fine 6.07711814919e-66 0.00230063053784 7.28523140433e-33 3.15559767042e-103 1.71213308237e-103
first 2.85191854276e-67 0.00230063053765 1.65658857187e-13 4.53850840058e-60 1.9004766339e-24
flame 9.18179468538e-65 0.00230063053784 1.87234785135e-15 2.73288695663e-23 0.00171213308237
flatter 0.00196885220997 2.30063053784e-103 1.94757940693e-103 3.15555191192e-103 1.71213308237e-103
flattery 1.96885220997e-103 2.30063053784e-103 1.94757937311e-103 0.00315555191192 1.71213308237e-103
fleeting 1.96885220997e-103 2.95123918134e-73 6.29000543857e-103 3.15555191192e-103 0.00171213308237
flies 1.55940514139e-09 3.5768193603e-15 0.00194757783055 7.57469361857e-100 1.71215883595e-103
flower 1.96885220997e-103 2.30063053784e-103 1.94757937311e-103 0.00315555191192 1.71213308237e-103
flowers 4.80798633877e-57 0.00231858937735 9.50144314341e-10 3.1560575545e-103 0.00341090033116
foes 1.96885220997e-103 4.97022342334e-38 1.94029495757e-65 3.15555191192e-103 0.00171213308237
follows 1.96885220997e-103 2.30063053784e-103 1.94757937371e-103 1.82357998219e-24 0.00171213308237
for 0.0387072986818 0.00328007909142 0.00566295555411 4.57775613091e-28 1.15583220908e-05
force 1.96885220997e-103 2.30063053784e-103 1.94757937311e-103 0.00315555191192 1.71213308237e-103
forests 1.10541563557e-68 0.00230063053784 5.33693928919e-34 4.69072667248e-102 1.71213308237e-103
forfeit 1.96885221052e-103 2.30063054172e-103 0.00194757937311 2.62695161022e-81 9.21072617495e-55
forgotten 1.96885220997e-103 2.30063053784e-103 1.94757937311e-103 0.00315555191192 1.71213308237e-103
form 1.15167734119e-36 0.00231735204292 3.27213796932e-45 3.15558962616e-103 0.00169968891041
former 1.96885220997e-103 6.51084242311e-72 8.58994788295e-88 3.15555191192e-103 0.00513639924711
forsworn 1.96885220997e-103 2.30063053784e-103 1.94757937311e-103 0.00946661918996 1.9828950058e-08
forth 5.42884213511e-49 0.00230063053784 1.94762875505e-103 1.75707563743e-16 0.00171213308237
fortunes 1.96885220997e-103 2.30063053787e-103 0.00194757937195 3.15628987245e-103 1.02286719722e-12
forwards 6.14944785821e-52 2.30063053784e-103 0.00194757937311 1.77541875776e-74 3.35065188853e-49
foul 1.45503347497e-66 0.00230063053784 9.32673794749e-57 3.15555191192e-103 1.71213308237e-103
found 3.35306782605e-58 0.00460121405907 8.37701388004e-29 0.00631116831199 1.71213308237e-103
fountain 9.74475686969e-66 0.00230063053784 1.8732839408e-42 3.15555191192e-103 1.71213308237e-103
fountains 1.96885220997e-103 2.30063053784e-103 1.94757937311e-103 3.15555191192e-103 0.00171213308237
fragrant 1.96885220997e-103 1.13572201698e-96 7.84893297822e-103 3.15555191192e-103 0.00171213308237
frank 1.79648104848e-57 0.00230063053784 4.11980433301e-39 3.15555191192e-103 1.71213315193e-103
free 1.96885220997e-103 2.30063053784e-103 1.94757937311e-103 0.00315555191192 1.71213308237e-103
freedom 7.48929204425e-65 0.00230063053784 1.09645225629e-29 8.39942560891e-33 6.72155063467e-25
friend 1.9688834849e-103 4.95689481365e-84 2.61911186622e-12 0.00336429558873 0.00331100643331
friends 2.50820681597e-54 0.00230063053784 1.72062628845e-26 4.48755071759e-99 1.71213308237e-103
from 0.0122547440211 0.00646008072295 0.00772746969667 1.33314934487e-67 6.14300038539e-26
frown 1.6885741699e-47 1.39250466313e-69 0.00194757937311 3.85518749789e-83 3.59612480012e-87
fulfil 1.96885220997e-103 2.30063053784e-103 1.94757937311e-103 0.00315555191192 1.71213308237e-103
full 0.00393770441995 2.30063053784e-103 3.38772039998e-26 4.99918611362e-95 4.84732185734e-75
gathered 1.96885220997e-103 2.30063053784e-103 1.94757937311e-103 0.00315555191192 1.71213308237e-103
gay 1.96885220997e-103 2.30063053784e-103 1.94757937311e-103 0.00315555191192 1.71213308237e-103
gaze 1.96885220997e-103 2.30064355143e-103 1.05994816568e-06 9.55430186633e-81 0.0017112012732
gentle 1.96885220997e-103 3.33407207964e-55 1.94862719838e-103 3.15555191192e-103 0.00342426616474
gilding 0.00196885220997 2.30063053784e-103 1.94766429403e-103 3.15555191192e-103 1.71213308237e-103
give 1.96885221096e-103 2.30063053785e-103 1.94757953174e-103 0.00946665538179 1.92060693183e-10
gives 7.72030089132e-45 0.00460125968178 1.18000293498e-09 3.15593976065e-103 1.82466982155e-19
go 1.96885220997e-103 2.30063053785e-103 1.94757937314e-103 3.15555191192e-103 0.00171213308237
goddess 2.97313692271e-34 2.30063053785e-103 0.00194757937311 2.43899835563e-92 1.71213308237e-103
good 1.96885220997e-103 2.30063053784e-103 8.82890076256e-26 2.28493432645e-30 0.00342426616474
governs 8.20900149419e-69 0.00230063053784 2.67961743263e-18 3.15578639974e-103 5.14866959307e-35
grace 1.57219122254e-60 0.00229584195166 1.82291119165e-32 0.00336301181765 0.0033152666554
graces 8.32573682322e-65 0.00230063053784 1.09773052792e-20 3.15555321685e-103 3.27139279852e-41
great 1.96885220997e-103 2.30063053784e-103 1.38258142086e-06 1.13644300637e-49 0.00171091764365
green 1.96885220997e-103 1.25137699032e-52 0.0019467359276 2.21874744514e-97 7.41479907399e-07
grew 1.96885220997e-103 2.30063053785e-103 1.94757937311e-103 0.00631110382384 1.71213308237e-103
ground 1.96885220997e-103 2.30063053784e-103 1.94757937311e-103 0.00631110382384 1.71213308237e-103
grounded 1.80122276206e-69 0.00460126107569 2.91481172591e-29 3.66276045208e-98 1.71213308237e-103
grow 1.96885220997e-103 2.30063053784e-103 1.94757937311e-103 0.00315555191192 2.68708788145e-28
guilty 2.53341187695e-59 0.00460126107569 2.6606543201e-51 3.15555206155e-103 1.71213308237e-103
had 1.96885220997e-103 1.04593600924e-42 0.00194757937311 3.15629231922e-103 1.27968702604e-25
hadst 1.96885220997e-103 2.30063053785e-103 1.03692845689e-43 7.05389770257e-33 0.00342426616474
hairs 3.37526967464e-68 0.00230063053784 3.85266418099e-25 3.15555191192e-103 1.71213308237e-103
half 1.6162610567e-102 2.15152892109e-85 0.00189430390194 1.94041383736e-96 4.6834905898e-05
hammered 1.96885220997e-103 0.00230063053784 1.89422648286e-68 3.15555191192e-103 1.16236178503e-23
hand 3.17273267897e-67 0.00230063053784 5.42637479534e-50 0.00315555191192 1.71213308237e-103
hands 5.6342601276e-50 0.00230063053784 2.27258585616e-85 3.15555192582e-103 1.71213308237e-103
hang 1.96885220997e-103 2.30063053784e-103 1.94757937311e-103 0.00315555191192 1.71213308237e-103
harmful 1.96885220997e-103 2.30076007746e-103 1.94917024966e-103 3.15555191192e-103 0.00171213308237
hast 0.00393770399645 4.94867556034e-10 2.43475116213e-53 3.15555191192e-103 1.71213308237e-103
hasten 1.96885220997e-103 2.30063053784e-103 1.9475793732e-103 1.55332853031e-18 0.00171213308237
hate 0.00393766923424 2.30063053786e-103 1.72821424427e-25 0.00315560830536 2.52576798931e-35
hath 2.44070460414e-30 0.00294873767858 0.00724166786005 6.62627519258e-96 2.75668328522e-34
have 0.00200852652143 0.0045555056228 2.29464984643e-16 3.15588506906e-103 0.00513594936329
having 4.33246093657e-65 0.00230063053784 1.53146436145e-50 3.15555252309e-103 1.71213308237e-103
hawks 4.08551157313e-44 0.00230063053784 2.1322837917e-103 3.15557439851e-103 1.71213308237e-103
head 1.96885220997e-103 2.30063053784e-103 1.94757937311e-103 0.00630903015447 1.12512740622e-06
hear 2.34788743814e-87 6.21355312184e-54 0.0019475793731 1.29169053805e-98 1.00645630785e-14
heart 1.3392812649e-36 0.00478667257007 0.00545975609633 0.0192976741508 1.00393230062e-06
hearts 1.96892021091e-103 1.00005714686e-74 0.00190233211646 1.48173525143e-57 3.97772363318e-05
heavenly 1.96885220997e-103 1.27394726605e-101 4.16675220361e-89 3.15555191192e-103 0.00171213308237
heavens 1.96885220997e-103 2.30063053784e-103 0.00188865766718 2.12424075474e-60 5.17985574213e-05
heavy 1.87232404922e-57 0.00460126107569 1.07874112849e-50 3.15555308631e-103 1.71213308237e-103
heir 1.96885220997e-103 2.30673756189e-103 1.72135113513e-34 3.15633044328e-103 0.00171213308237
held 1.96885220997e-103 2.30063053784e-103 1.94757937311e-103 0.00315555191192 1.71213308237e-103
hell 1.96885220997e-103 6.25934401385e-40 2.8868873693e-79 3.15555191192e-103 0.00171213308237
help 5.45667649505e-05 2.14962698656e-28 0.00189360218512 5.2736967854e-94 1.71216606245e-103
her 2.80052950521e-29 2.45084702496e-21 0.00504226259091 1.20151327666e-45 0.0109765031302
here 1.96885220997e-103 2.3006438884e-103 1.94771936346e-103 3.15555191192e-103 0.00171213308237
hideous 1.96885220997e-103 8.94163883469e-99 4.8386480355e-86 3.15555191192e-103 0.00171213308237
hides 1.93469380783e-56 0.00230063053784 6.57085287381e-74 3.15555193272e-103 1.71213343414e-103
hiding 0.00196885220997 2.30063053784e-103 1.94768722018e-103 3.15555191192e-103 1.71213308237e-103
high 1.96885220997e-103 2.30063053957e-103 1.94766234186e-103 3.15555191192e-103 0.00171213308237
him 1.96885220997e-103 2.30063053784e-103 1.94757937311e-103 0.00363059541363 0.00145438492371
himself 1.96885248233e-103 2.30063053978e-103 0.00194757937311 2.9320329966e-87 3.72628341402e-54
his 1.08059775965e-05 0.000368384431652 0.02226327587 1.60325950355e-46 0.0126751499218
holds 0.00196885220997 2.30063053784e-103 2.99093185907e-77 3.15555191192e-103 1.71213308237e-103
honour 6.53784491065e-50 0.00231246144072 3.35198569956e-41 3.15557934864e-103 0.00170332850473
honouring 1.96885220997e-103 2.30063053784e-103 1.94757937311e-103 0.00315555191192 1.71213308237e-103
horse 1.96885220997e-103 2.30063053784e-103 1.94757937311e-103 0.00315555191192 1.71213308237e-103
hounds 4.20281333677e-62 0.00230063053784 1.02126365277e-41 3.15559327839e-103 1.97130183475e-93
hours 7.57227705075e-48 0.00230063053784 6.40283721455e-82 3.15564973837e-103 1.71771379586e-103
how 0.00196899891627 2.30063053784e-103 0.00389501362505 8.83032960545e-90 4.81884123728e-21
husband 1.96885222086e-103 2.30063053784e-103 0.00194757937311 2.34949245007e-84 1.71213308237e-103
idol 1.96885220997e-103 2.300683361e-103 3.7750572934e-103 3.15555191192e-103 0.00171213308237
if 0.00407105238253 0.00214481163315 6.41397038146e-86 3.15555191217e-103 1.71213308237e-103
ill 1.96885220997e-103 2.30063053784e-103 1.94757937311e-103 0.00315555191192 1.71213308237e-103
impediments 3.55535794637e-31 0.00230063053784 1.56362142376e-45 3.15555191192e-103 1.71213308237e-103
impiety 1.96885220997e-103 2.30063053784e-103 1.94757937311e-103 0.00315555191192 1.71213308237e-103
in 0.0196438275951 0.0189635262117 0.0600052782418 8.24691776964e-53 0.00337250055326
inflaming 1.96885220997e-103 2.30101722147e-103 3.15788433939e-92 3.15555191192e-103 0.00171213308237
influence 1.96885220997e-103 2.61440188388e-103 3.38657790285e-90 3.15555191192e-103 0.00171213308237
inhabit 1.76925230846e-39 2.30063053785e-103 0.00194757937311 9.41120064234e-97 1.71213308237e-103
injurious 0.00393770441995 2.30063053784e-103 1.17813734823e-59 3.15555191192e-103 1.71229093156e-103
insufficiency 5.81515813797e-33 0.00230063053784 7.29296819338e-27 3.15555711559e-103 8.04623326779e-70
into 1.96885220997e-103 2.30067132967e-103 0.00016859349038 3.18851969614e-99 0.00156392115513
inward 1.67081343242e-40 2.30063053785e-103 0.00194757937311 1.24359248006e-96 1.71213308237e-103
is 0.00249393861037 0.0080381214434 0.0185576444848 6.29695161806e-75 0.00635348051253
ist 2.04947039474e-26 1.03656077948e-22 0.00194757937311 8.37330899263e-99 1.71213308237e-103
it 0.0181122144056 4.6275434681e-16 0.00737181955107 4.96881322587e-101 0.00345081061592
jewel 1.96885220997e-103 2.30063053784e-103 1.94757937311e-103 0.00315555191192 1.71213308237e-103
joy 5.423195465e-37 0.00460070970235 4.87360043606e-13 0.00315630817649 1.71245611886e-103
killed 1.96885220997e-103 2.30063053784e-103 1.94757937311e-103 0.00315555191192 1.71213308237e-103
knights 1.96885220997e-103 2.30063053784e-103 1.94757937311e-103 0.00315555191192 1.71213308237e-103
knit 1.96885220997e-103 2.30063053784e-103 1.94757937311e-103 0.00315555191192 1.71213308237e-103
know 1.96885220997e-103 3.38753890263e-103 0.00131114061382 1.36326975066e-101 0.000559498559975
knowing 0.00393770441995 2.30063053784e-103 7.15190663816e-101 3.15555191192e-103 1.71213308237e-103
knows 2.70132061302e-64 0.00230063053784 4.33738916652e-51 3.15555191192e-103 1.71213308237e-103
knowst 4.19583357183e-94 2.30063060969e-103 3.3932291807e-12 2.46359664356e-29 0.00171213307939
lace 6.64879030051e-62 0.00230063053784 1.4255830542e-53 3.15555216964e-103 1.71216547309e-103
lacking 1.96885220997e-103 2.30063053784e-103 0.00194757937311 4.32078127121e-84 2.551148838e-54
ladies 1.96885220997e-103 5.6813004683e-58 8.84622938273e-57 3.15815231783e-103 0.00171213308237
laid 0.00196885220997 2.30063053784e-103 5.29432750478e-89 3.15555191192e-103 1.71213308237e-103
lasting 1.96885220997e-103 1.24363526665e-57 3.93867225114e-86 3.15555191192e-103 0.00171213308237
late 1.96885220997e-103 2.30063053784e-103 1.59655706299e-41 8.52005410538e-23 0.00171213308237
laughed 1.17885169252e-76 0.00230063053784 7.18431582527e-51 3.15555191192e-103 1.71213308237e-103
lays 2.36813226094e-68 0.00230063053784 6.86398321694e-48 3.15555191192e-103 1.71213308237e-103
leaped 3.15709928659e-59 5.7969799831e-29 0.001947579373 1.60687486458e-100 9.6654430094e-14
learning 3.39423514582e-44 2.30063053869e-103 0.00194757937311 6.38984236135e-56 1.71213308237e-103
lease 2.96767261064e-10 2.30063053785e-103 0.00194757907955 7.72903636233e-98 1.71213308237e-103
leaves 0.00196885220997 2.30063053788e-103 4.627142966e-97 3.15555588229e-103 1.71213308237e-103
legacy 1.96885220997e-103 2.30063053784e-103 1.94757937311e-103 0.00315555191192 1.71213308237e-103
leisure 1.96885220997e-103 2.30063053784e-103 1.94757937311e-103 0.00315555191192 1.71213308237e-103
lend 1.96885220997e-103 2.30063053784e-103 4.52429338051e-61 0.00363307814527 0.00145303784812
lends 1.96885220997e-103 2.82998249221e-100 0.000975462425748 1.59529043817e-90 0.000854596022373
less 1.57609592241e-57 0.00460121932438 3.53442204859e-08 3.15640281356e-103 3.19007867442e-17
lest 0.00196885220997 2.30063053784e-103 1.94766429403e-103 3.15555191192e-103 1.71213308237e-103
lie 1.96885220997e-103 2.30063053784e-103 1.94757937311e-103 0.00315555191192 1.71213308237e-103
lies 1.96885220997e-103 2.30063053784e-103 1.94757937311e-103 0.00315555191192 1.71213308237e-103
life 8.0358064145e-28 0.00460000275212 7.44963197208e-07 0.00315607081096 2.39742900674e-18
lifts 0.00196885220997 2.30063053784e-103 1.94864920377e-103 3.15555191192e-103 1.71213308237e-103
light 1.96885220997e-103 2.30063053784e-103 1.94757937311e-103 0.00315555191192 1.71213308237e-103
like 0.0039705896791 0.00444325387654 0.00399638846257 1.93761000648e-56 8.57880115359e-13
limbecks 0.00196885220997 2.30063053785e-103 2.90199261227e-49 3.15555191192e-103 1.71213308237e-103
limbs 2.00262349775e-54 0.00230063053784 7.37942291856e-18 3.1570887512e-103 4.4735037933e-84
limits 6.40339706383e-64 0.00230063053784 3.12742928682e-49 3.15555320795e-103 1.71213308237e-103
lines 6.23045411134e-55 0.00460126107569 6.57758838384e-25 3.15555191322e-103 1.39884484557e-84
lips 1.96885220997e-103 2.30063053784e-103 1.94757937311e-103 3.15555191192e-103 0.00171213308237
little 1.96885220997e-103 2.51031962505e-95 2.68144839333e-85 3.15555191192e-103 0.00171213308237
live 1.96885220997e-103 2.30063053784e-103 1.94757937311e-103 0.00631110382384 1.71213308237e-103
lived 0.00590655322598 2.30063053786e-103 3.36716652871e-09 3.16317723332e-103 1.71213308237e-103
lives 1.96885220997e-103 9.50715141806e-40 0.00194757937311 3.15623999275e-103 1.03252801352e-40
living 1.96885220997e-103 1.92144388637e-102 5.94600496712e-89 3.15555191192e-103 0.00171213308237
loathsome 6.96697610164e-58 0.00230063053784 6.23081924868e-48 3.15555217971e-103 1.71213308237e-103
locked 1.96885220997e-103 2.30063053784e-103 1.94757937311e-103 3.15555191192e-103 0.00171213308237
long 8.75862425843e-49 0.00460126107569 1.22904746439e-101 3.15555191192e-103 1.71213308237e-103
longer 1.00389981788e-65 0.00460126107569 3.54257182703e-29 3.15562152479e-103 1.71213308237e-103
look 1.72224888967e-59 0.00460126107569 3.48980322975e-53 3.15555396759e-103 1.71213308237e-103
looking 0.00196885220997 2.30063053784e-103 1.94812926866e-103 3.15555191192e-103 1.71213308237e-103
looks 2.11101729432e-50 0.00460126072271 2.98814508856e-10 1.07248130428e-97 2.74356536102e-44
losing 2.82594851324e-41 0.00230063053784 1.33445898162e-73 3.15555304036e-103 1.71213308237e-103
loss 0.00196885220997 2.30063053784e-103 8.34097368806e-89 0.00315555191192 1.71213308237e-103
love 0.00351531497596 0.00219684389752 0.0119441725 0.00980466050199 0.00517013544763
loved 1.96896082276e-103 2.30063053784e-103 0.00194757937311 4.60701962386e-35 9.57272770969e-22
lovely 1.96901598695e-103 1.36842214948e-43 0.00331685018705 1.23826446777e-76 0.00222052890421
lover 1.96885220997e-103 2.30063053784e-103 1.94757937311e-103 0.00315555191192 1.71213308237e-103
loves 1.96885220997e-103 2.30066488834e-103 9.61064536564e-13 3.15605253846e-103 0.0034242661639
loving 1.96885220997e-103 2.30063053784e-103 1.94757937311e-103 0.00315555191192 1.71213308237e-103
lovst 3.62913779946e-43 2.30063053785e-103 0.00194757937311 2.26938605799e-89 1.71213308237e-103
lust 1.68792867419e-49 0.00230063031412 3.04389414111e-81 0.00315555221878 1.71213308237e-103
made 0.00220159807475 0.00202866383494 1.94271257285e-43 3.1555524142e-103 1.71254935799e-103
maid 0.00196885220997 2.30063053784e-103 7.6298991136e-64 3.15555191192e-103 1.71213308237e-103
maiden 1.96885220997e-103 2.30076755574e-103 2.08416431868e-103 3.15555191192e-103 0.00171213308237
majesty 1.96885220997e-103 2.30063053784e-103 1.94757937311e-103 0.00315555191192 1.71213308237e-103
make 0.00199916513953 0.00681586569744 0.0019780970531 9.85359672215e-101 1.08318669842e-05
makeless 1.96885220997e-103 5.07675350856e-102 3.29346374621e-89 3.15555191192e-103 0.00171213308237
making 0.00196884691705 2.30063053784e-103 0.00389516398176 2.14635495616e-78 1.73251990615e-13
makst 6.04026591685e-50 0.00230063053784 1.94758135729e-103 3.15555191194e-103 1.71213308237e-103
manner 1.13222775134e-58 0.00230063053784 9.71472962046e-48 3.15555236389e-103 1.7124007065e-103
manners 1.96885220997e-103 2.18536819038e-54 5.66867889734e-85 3.15555191192e-103 0.00171213308237
mark 1.07933163897e-39 2.30063053785e-103 0.00194757937311 1.32771337737e-98 1.71213308237e-103
master 1.13839338159e-66 0.00230063053784 6.70634331187e-34 3.15614677962e-103 1.71213308237e-103
may 1.25573274605e-57 0.00460126107569 6.94206420763e-47 3.15555276027e-103 1.71213308237e-103
mayst 1.02800859738e-45 0.00230065049849 0.00389514184871 6.43855001091e-87 2.4864090965e-17
me 1.11806315052e-26 1.69302523459e-15 0.0200617976723 0.00652145581381 0.00793137215177
means 8.99989107809e-60 0.00460126107569 2.51706800646e-37 3.15556789566e-103 1.71221060411e-103
measured 5.90576479381e-64 0.00230063035013 1.58910324464e-10 3.15607361046e-103 1.71213308237e-103
memorial 6.72456471295e-51 0.00230063053784 2.10263463429e-22 3.15653373949e-103 5.46097231237e-98
memory 1.96885220997e-103 2.30063053784e-103 1.94757937311e-103 0.00631110382384 1.71213308237e-103
mend 1.96885220997e-103 2.30063053784e-103 1.94757937311e-103 0.00315555191192 1.71213308237e-103
merit 3.78660742412e-46 0.00690179889666 6.82523494781e-27 0.00315567908267 7.65026397522e-72
merits 1.96885220997e-103 2.30074513665e-103 2.3930904934e-06 7.47552976561e-42 0.00171002929679
methinks 8.71672347086e-56 2.30063053784e-103 0.00194757937311 1.03845222677e-82 6.19604345926e-84
methods 6.09556239468e-52 2.30063053785e-103 0.00194757937311 3.97798075222e-86 1.7121599416e-103
might 2.63666654147e-33 0.00230062900728 1.2597926511e-40 0.0107843869895 0.0027092953001
miles 1.2345225449e-46 0.00230063053784 3.10052619611e-73 3.15556225772e-103 1.71213308237e-103
millions 1.14170173021e-50 0.00230063053784 6.63066593265e-50 3.15555254169e-103 1.71220034355e-103
mind 1.88482330292e-65 0.00230063052748 8.77488428793e-12 3.1562691518e-103 2.65433123616e-24
mine 0.00195391606687 0.0021123164881 0.00406739022093 0.00315872590022 1.87348038544e-16
minutes 1.96885220997e-103 2.30063053784e-103 8.63451112268e-14 3.15608077277e-103 0.00342426616467
miser 7.61777678082e-54 0.00230063053784 1.73246768752e-68 3.15555191192e-103 1.71213308237e-103
mistress 1.63680765512e-43 2.30063053785e-103 0.00194757937311 7.16595766821e-90 1.71213308237e-103
mock 1.96891772433e-103 2.30072048879e-103 9.4710969429e-71 9.48072423753e-17 0.00171213308237
moment 1.96885220997e-103 2.30063053784e-103 1.94757937311e-103 0.00315555191192 1.71213308237e-103
monarchs 2.26700591779e-67 0.00230063053784 8.41407197855e-33 3.15559767042e-103 1.71213308237e-103
more 4.27586467811e-52 2.09123964976e-68 0.0081732574022 0.00315924893807 0.00479774769047
morn 1.96885220997e-103 2.30063053784e-103 1.94757937311e-103 0.00315555191192 1.71213308237e-103
mortal 1.96885220997e-103 2.30063053785e-103 1.94757937314e-103 3.15555191192e-103 0.00171213308237
mortality 1.11284357761e-40 2.30063053785e-103 0.00194757937311 5.08003616919e-96 1.71213308237e-103
mortgaged 1.9688818805e-103 2.30063088374e-103 1.18186380841e-20 9.23945894605e-23 0.00171213308237
most 1.76359465679e-46 0.00230071339891 8.19263089714e-08 0.00324349799966 0.00680068102862
mother 1.96885220997e-103 2.30063053784e-103 1.94757937311e-103 0.00315555191192 1.71213308237e-103
motion 1.96885220997e-103 2.30089420777e-103 1.18225056059e-95 3.15555191192e-103 0.00342426616474
motley 1.96885221017e-103 2.3006309765e-103 1.8078037614e-07 1.04439316688e-37 0.00171197415685
mountain 0.00196885220997 2.30063053788e-103 4.21840383904e-59 3.15555191192e-103 1.71213308237e-103
much 1.96885220997e-103 3.36841363849e-102 8.59246508586e-90 3.15555191192e-103 0.00171213308237
mud 1.96885220997e-103 2.30063053784e-103 1.94757937311e-103 0.00315555191192 1.71213308237e-103
muse 1.96885220997e-103 2.30063053976e-103 5.33485690651e-08 8.16676008531e-90 0.0017120861832
muses 1.96885220997e-103 1.84034892731e-64 5.15997293386e-101 3.15555191192e-103 0.00171213308237
must 1.96885220997e-103 2.30063053784e-103 1.94778922085e-103 3.15555191192e-103 0.00171213308237
my 0.023983076099 0.0179730873387 0.0275416310592 2.69068248643e-42 0.0477086577663
name 1.96885220997e-103 2.30063053784e-103 1.94757937311e-103 0.00631110382384 1.71213308237e-103
nearly 1.96885220997e-103 2.30063053784e-103 1.94757937311e-103 0.00315555191192 1.71213308237e-103
need 1.96885220997e-103 2.30063053784e-103 1.94757937311e-103 0.00315555191192 1.71213308237e-103
neglect 2.04150621882e-17 5.74287488967e-19 0.00194757937311 6.28740366052e-97 1.71216321713e-103
nerves 9.0627874671e-39 5.13394586041e-12 0.00194757936877 7.9013404418e-100 1.71213308237e-103
never 1.96885220997e-103 2.30063053784e-103 1.94820448507e-103 3.15555191192e-103 0.00171213308237
new 0.00395522519533 6.77357993299e-42 0.00387584257949 0.00315876760487 4.55642236667e-102
newer 1.96885220997e-103 4.10454520023e-59 4.61847155896e-88 3.15555191192e-103 0.00171213308237
night 7.85183551854e-55 0.00460108355372 5.67140971335e-41 0.00631134731353 5.51901125857e-60
no 0.00393770441989 2.30455481549e-103 8.18124713315e-12 3.16129249762e-103 0.00684853232234
none 3.36506892817e-50 0.00460126107569 6.61036203885e-25 3.15652571023e-103 1.71213308237e-103
nor 0.00393770441995 2.30063053784e-103 4.3459014759e-95 3.15555191192e-103 1.71213308237e-103
not 0.0119119461066 1.92305125975e-37 0.0171673554938 1.96648580168e-42 0.00707982032453
note 1.96885220997e-103 2.30063053784e-103 1.94757937311e-103 0.00315555191192 1.71213308237e-103
nothing 2.75134255679e-09 0.00230062732286 3.84109617764e-14 4.62557495059e-28 0.00171213308234
now 0.00393770441995 2.30063053784e-103 1.94767593741e-103 0.00363120469154 0.00145405434292
nurseth 1.96894921943e-103 2.30063053784e-103 0.00194757937311 7.83153119568e-80 1.71213308237e-103
odour 5.86727630066e-52 0.00230063053784 1.67153825137e-50 3.15576815399e-103 1.71213308237e-103
oer 3.79820459862e-60 2.33798105467e-59 0.00389515874471 9.22843009044e-93 1.33178572765e-12
oerlook 1.96885220997e-103 2.30063053784e-103 1.94757937311e-103 0.00315555191192 1.71213308237e-103
oersways 1.96885220997e-103 2.30063086628e-103 0.00183508850259 5.51772436344e-100 9.88916516329e-05
oerworn 1.96885220997e-103 2.30063053784e-103 1.94757937311e-103 0.00315555191192 1.71213308237e-103
of 0.0323702429766 0.00454489034338 0.0506581335224 5.46692154534e-66 0.0232379420379
offence 1.96885220997e-103 2.30063053784e-103 1.94757937311e-103 0.00315555191192 1.71213308237e-103
offences 2.18596610095e-44 2.30063053785e-103 0.00194757937311 1.25102079155e-90 1.71213308237e-103
old 1.12394509139e-56 0.00690189161353 1.16575428026e-23 3.15650254649e-103 1.71213308237e-103
on 1.96913183598e-103 2.30063738106e-103 0.0115816870807 5.04023833342e-91 9.12419043777e-05
one 0.00200891682173 0.00904710256019 7.86653974327e-20 0.00315576416386 0.00179284086095
oppressed 1.96885220997e-103 2.30063053784e-103 1.94757937311e-103 0.00315555191192 1.71213308237e-103
or 0.0247396348011 1.85127615588e-90 0.00104704150722 3.21191454729e-39 0.00324770572685
ornament 5.20864913969e-64 0.00230063053784 7.42259170338e-32 9.79667470399e-103 1.71213308237e-103
other 1.96885220997e-103 2.3007825003e-103 3.43367019314e-103 0.00315555191192 0.00513639924711
others 1.96885220997e-103 1.69668634175e-102 1.56892943445e-86 3.15555191192e-103 0.00171213308237
our 3.54220431315e-35 0.0021431423511 0.00747295717124 8.99213261755e-26 0.000396197045809
out 1.96885220997e-103 2.30063053784e-103 1.94757937311e-103 0.00315555191192 1.71213308237e-103
outcast 1.96885220997e-103 2.30078369462e-103 2.91588630502e-103 3.15555191192e-103 0.00171213308237
outlive 1.96885220997e-103 2.30063056378e-103 0.00194563965037 4.89804901055e-97 1.70522625058e-06
outward 1.96891752693e-103 1.54503261762e-100 0.00194862907756 1.74464095091e-80 0.00171121027854
outworn 1.96885220997e-103 2.30063053784e-103 8.43608366978e-07 1.85691947638e-35 0.0017113914593
over 1.96885220997e-103 2.15847496519e-65 1.60702983635e-86 3.15555191192e-103 0.00171213308237
own 2.47669583701e-91 4.14815771602e-49 2.44637349364e-05 1.32997482153e-39 0.00511489297606
owners 2.27892404698e-64 0.00230063053784 4.97927011369e-50 3.15555221118e-103 1.71213308237e-103
pain 1.96885220997e-103 2.30063053784e-103 1.94757937311e-103 0.00631110382384 1.71213308237e-103
painted 5.46160199539e-77 2.30063053805e-103 0.00194757937311 5.3528904064e-82 1.15309636721e-48
painters 1.96885220997e-103 4.98609160008e-100 1.73165100327e-84 3.15555191192e-103 0.00171213308237
painting 0.00196885220997 2.30063053785e-103 1.67247562867e-82 3.15555191192e-103 0.00171213308237
palate 1.96885220997e-103 2.3010393822e-103 9.70656641439e-93 3.15555191192e-103 0.00171213308237
pale 1.53998029641e-63 0.00230063053784 6.21675460218e-50 3.15555191192e-103 1.71213308237e-103
paper 1.96885220997e-103 2.30063053784e-103 0.000145255097995 4.11288431803e-102 0.00158443812827
part 1.97405421923e-103 2.94780553513e-103 8.97571983581e-22 0.00678435813015 0.00316748878417
partake 1.96885220997e-103 2.30063053784e-103 1.94757937311e-103 0.00315555191192 1.71213308237e-103
parts 1.96885220997e-103 2.30063053784e-103 1.94757937311e-103 0.00315555191192 1.71213308237e-103
passion 1.96885220997e-103 2.30063053784e-103 1.94757937311e-103 0.00315555191192 1.71213308237e-103
past 1.96885220997e-103 2.30063053784e-103 1.94757937311e-103 0.00315555191192 1.71213308237e-103
patience 1.96885220997e-103 3.19115017051e-37 0.00194757937311 3.15621801704e-103 1.71214101293e-103
perfection 7.21033254145e-40 4.58742866839e-15 0.00194757937311 2.35605658228e-99 1.71213308237e-103
perspective 1.01611314851e-51 0.00230063053784 4.91633705644e-64 3.1555520001e-103 1.71213308237e-103
phoenix 5.01636432326e-69 0.00230063053784 9.23626526573e-45 3.15555191223e-103 1.71213313025e-103
phrase 0.00196450989946 2.30063053785e-103 4.29539320093e-06 3.6106451752e-98 1.71225129231e-103
pied 0.00196885220997 2.30063053784e-103 6.55687574397e-47 3.15555191192e-103 1.71213308237e-103
pity 1.96885220997e-103 2.30063053784e-103 4.25547640836e-11 1.62134140396e-24 0.00171213304496
place 1.07019020115e-50 0.00230063051581 2.26426166572e-84 0.00631110385406 1.71215544226e-103
plague 5.96114386072e-61 2.30063053784e-103 0.00194757937311 9.01316658729e-83 1.71213308237e-103
plagues 1.38445670093e-50 0.00230063053784 2.55950242452e-88 3.15555194557e-103 1.71213308237e-103
please 1.96885220997e-103 2.30063053784e-103 1.94757937311e-103 0.00315555191192 1.71213308237e-103
pleased 1.96885220997e-103 2.30063053784e-103 1.29638610446e-06 7.56997349552e-35 0.00171099341866
pleasure 3.1312866365e-60 0.00215397136111 0.000476834388241 0.00652519539002 0.00128592666829
plus 1.96885220997e-103 2.30063053784e-103 1.94757937311e-103 0.00315555191192 1.71213308237e-103
poesy 1.96885220997e-103 2.30063914329e-103 1.94760932864e-103 3.15555191192e-103 0.00171213308237
poets 1.96885220997e-103 2.30284165165e-103 2.82717495655e-93 3.15555191192e-103 0.00171213308237
point 3.61255968642e-45 2.30063053785e-103 0.00194757937311 6.83544838965e-90 1.71213308237e-103
poor 7.37474196264e-50 0.00230063053784 1.94757937311e-103 3.15555191192e-103 1.71213308237e-103
posting 1.05665277204e-70 4.23972873149e-05 0.00191168830721 3.15629043315e-103 5.97561250693e-22
pourst 1.93024634215e-80 2.92470282191e-15 0.0019475770407 1.1962480575e-99 2.05043709278e-09
power 1.94024295155e-48 0.00460025513774 0.00194493068588 0.00316122317653 2.9896000771e-86
powerful 1.96885220997e-103 2.3006305382e-103 1.94764748079e-103 3.15555191192e-103 0.00171213308237
powers 1.96885220997e-103 2.71995759842e-94 2.2433251026e-72 3.15555191192e-103 0.00171213308237
praise 5.78455163663e-54 0.00458414876899 9.44866971091e-24 5.13907688439e-42 0.00514913425429
precious 4.6850225661e-58 0.00230078328772 2.47903810622e-19 1.01828777332e-36 0.00513628557041
presence 1.96933292601e-103 2.30063053784e-103 4.85515993699e-06 5.22422083617e-45 0.00170786487125
present 6.64608605935e-26 0.00230063053784 3.48621743834e-51 3.15555276152e-103 1.71213308237e-103
pretty 1.48243056935e-47 0.00230062657794 3.35222053126e-09 3.16399703404e-103 1.71213308237e-103
pride 1.96885220997e-103 2.30063053784e-103 1.94757937311e-103 0.00631110382384 1.71213308237e-103
princes 2.64990110961e-19 0.00230063053784 1.88377516055e-44 3.15555513551e-103 1.71214152753e-103
prize 4.0739529438e-50 0.00230063053784 1.47264440945e-48 3.15616704526e-103 1.71213315179e-103
proud 1.53767013179e-47 0.00452047409675 0.00201596890859 2.60001508884e-61 8.95292370989e-18
proudly 3.48926547041e-37 2.30063053785e-103 0.00194757937311 3.30301416553e-95 1.71213308237e-103
prove 3.11836587201e-35 0.00230063014745 2.72806990594e-51 0.00631110435931 1.71214340307e-103
proves 2.65627392247e-67 0.00230063053784 1.00520239501e-40 3.15555378734e-103 1.81807508547e-103
public 0.00393470100637 2.30063053788e-103 0.00195013944291 4.33524523876e-102 3.6121927881e-07
publish 1.96887747453e-103 2.30063053784e-103 8.23391599299e-70 1.33994267607e-19 0.00171213308237
purest 2.87637204187e-48 0.00230063053784 1.94757937311e-103 3.15555191192e-103 1.71213308237e-103
purge 1.96885220997e-103 2.30063053784e-103 1.94757937311e-103 0.00315555191192 1.71213308237e-103
pursuit 1.96936755921e-31 0.00230063053784 4.04295584319e-85 3.15555194839e-103 1.71213308237e-103
put 1.96885220997e-103 2.31815660548e-103 6.75477745611e-58 1.0536205312e-101 0.00171213308237
pyramids 5.13101563411e-51 0.00230063053784 1.94757937311e-103 3.15555191192e-103 1.71213308237e-103
qualify 1.96885220997e-103 2.30063053784e-103 1.94757937311e-103 0.00315555191192 1.71213308237e-103
quality 1.96885220997e-103 2.30063053784e-103 1.94757937311e-103 0.00315555191192 1.71213308237e-103
quick 1.96885220997e-103 0.00230063053784 3.2755931243e-69 3.15555191192e-103 3.20533021353e-24
rage 1.96885220997e-103 2.30063053784e-103 1.94757937311e-103 0.00315555191192 1.71213308237e-103
reasons 1.28295696685e-38 5.97592135798e-25 0.00194757937311 1.32547706408e-97 1.71213308237e-103
rebel 1.96885220997e-103 2.30063053784e-103 0.00194757937311 3.15644354593e-103 1.11479204492e-56
receives 1.96885220997e-103 2.30063053784e-103 2.17673852917e-35 1.65022966632e-23 0.00171213308237
receivst 2.14172418398e-33 2.30063053785e-103 0.00194757937311 1.42460643824e-91 1.71213308237e-103
red 1.96885220997e-103 3.55391853989e-97 2.83927195325e-12 0.00331363293276 0.00162636179389
rehearse 1.96885220997e-103 2.30063053784e-103 1.94757937311e-103 0.00631110382384 1.71213308237e-103
remembrance 6.67913996748e-43 2.30063053785e-103 0.00194757937311 4.22083875816e-88 1.71213308237e-103
remote 1.96885220997e-103 2.30064782098e-103 4.60442945879e-07 3.16786385871e-103 0.00171172830318
remove 1.96885220997e-103 2.30063053784e-103 1.94757937311e-103 0.00315555191192 1.71213308237e-103
remover 1.96885220997e-103 2.30063053786e-103 1.97100196091e-17 8.32905198273e-25 0.00171213308237
repay 1.96885220997e-103 2.30063053784e-103 1.94757937311e-103 0.00315555191192 1.71213308237e-103
reproach 1.96885220997e-103 2.30063053784e-103 1.94757937311e-103 3.43329148989e-18 0.00171213308237
reproving 1.96885220997e-103 2.30063053784e-103 1.94757937311e-103 0.00315555191192 1.71213308237e-103
require 1.96885220997e-103 2.30063053784e-103 1.94757937311e-103 0.00315555191192 1.71213308237e-103
resort 1.96885220997e-103 2.30063053784e-103 1.94757937311e-103 0.00315555191192 1.71213308237e-103
respects 1.96885220997e-103 2.30063053784e-103 1.94757937311e-103 0.00315555191192 1.71213308237e-103
respose 0.00196885220997 2.30063053788e-103 2.129053818e-62 3.15556669915e-103 1.71213308237e-103
rest 1.96885220997e-103 2.30063053784e-103 1.94757937311e-103 0.00315555191192 1.71213308237e-103
restore 1.96885220997e-103 3.09362646026e-79 2.55964608956e-05 4.61478119618e-101 0.00168963102259
return 5.13279185634e-51 0.00230063053784 8.79446326773e-50 3.15555540608e-103 1.71213308237e-103
rhyme 1.96885220997e-103 2.30063053784e-103 1.94757937311e-103 0.00631110382384 1.71213308237e-103
rich 0.00389445122592 5.05419444557e-05 5.01309662981e-38 3.15556832863e-103 1.71213308247e-103
richly 1.96885220997e-103 2.30063053784e-103 1.9476862022e-103 3.15555191192e-103 0.00171213308237
right 1.96885220997e-103 2.30063053784e-103 1.94757937311e-103 0.00315555191192 1.71213308237e-103
rose 1.96885220997e-103 2.30063053784e-103 1.94757937311e-103 0.00350678565787 0.00152156137483
roses 0.00196885220997 2.30063053784e-103 1.94766399517e-103 3.15555191192e-103 1.71213308237e-103
rotten 1.96885220997e-103 2.30075283976e-103 1.94760896871e-103 0.00315555191192 0.00171213308237
rude 0.00393770441995 2.30063053784e-103 2.49590997045e-18 3.15555191192e-103 1.71213308237e-103
ruined 1.96885264702e-103 2.30070507463e-103 0.00194757937311 3.15555191192e-103 1.71213308237e-103
ruining 1.96885220997e-103 2.30063053784e-103 1.94757937311e-103 0.00315555191192 1.71213308237e-103
ruth 6.74222158529e-40 2.30063059504e-103 0.00194757937311 6.31780973747e-91 1.71213308237e-103
sable 2.25335045199e-48 0.00230063053784 1.94757937311e-103 3.15555191192e-103 1.71213308237e-103
sacred 1.96885220997e-103 4.27216314066e-94 3.27354131743e-88 3.15555191192e-103 0.00171213308237
sad 2.2992671752e-64 0.00230063053784 1.68849009743e-48 3.15555318209e-103 1.71213308237e-103
said 5.96931887065e-70 0.00510858129804 7.61897951678e-14 3.15588033803e-103 0.00133458452692
sake 1.96885220997e-103 2.30063053784e-103 1.94757937311e-103 0.00315555191192 1.71213308237e-103
sang 1.96885220997e-103 2.30063053784e-103 1.94757937311e-103 0.00315555191192 1.71213308237e-103
saturn 0.00196885220997 2.30063053784e-103 1.83783411969e-43 3.15555191192e-103 1.71213308237e-103
savage 0.00196885220997 2.30063053784e-103 1.94766429403e-103 3.15555191192e-103 1.71213308237e-103
saw 7.89328850603e-37 0.0017221594471 0.00243727919471 2.359582154e-82 1.30558432092e-13
say 2.3459572816e-48 0.00230063053784 7.24467801058e-45 3.15555353531e-103 1.63520377406e-99
scandal 4.11130162194e-34 2.43746048344e-85 0.00194757937311 3.85137117053e-101 1.71213308237e-103
scope 1.96885220997e-103 2.30063053799e-103 0.0012003921958 1.54043123176e-101 0.000656858407245
scorn 1.96885220997e-103 2.30063053784e-103 1.94757937311e-103 0.00315555191192 1.71213308237e-103
seasoned 3.90613211805e-68 0.00230063053784 5.33578476104e-28 5.56147628529e-94 1.71213308237e-103
seasons 1.96885220997e-103 0.00230063053784 8.76081650062e-70 3.15555191192e-103 1.39925836447e-24
second 7.9266404062e-66 0.00230063053784 7.3841080717e-56 3.15555221118e-103 1.71213308237e-103
secret 1.96885220997e-103 2.30063053784e-103 0.00185037875437 6.90878973769e-99 8.54498652413e-05
see 0.00403039137211 0.00691640706992 7.17331064908e-13 0.00315723194695 0.00161981762733
seeing 3.93823800569e-59 0.00230063053784 4.12467522997e-55 0.00315555191192 1.71213308237e-103
seek 2.18641453409e-54 6.03460742959e-41 0.00194757937311 9.88676858936e-84 1.71213308237e-103
seemed 2.36148538769e-54 2.30063053785e-103 0.00194757937311 1.59271663352e-84 1.71213308237e-103
seems 0.00196885220997 2.30063053784e-103 1.94766544666e-103 3.15555191192e-103 1.71213308237e-103
seldom 1.96885220997e-103 2.30783731597e-103 1.33037110301e-92 3.15555191192e-103 0.00171213308237
self 2.06938576675e-19 2.36514592458e-07 0.0174746202484 6.43481859524e-35 0.00689547133853
semblance 1.34219740049e-77 3.37239325054e-31 1.02326553724e-05 2.7484121541e-40 0.00170313747068
sequent 1.37478600011e-50 0.00230063053784 1.94757937311e-103 3.15555191192e-103 1.71213308237e-103
services 1.29378944434e-48 0.00230063053784 1.94757937312e-103 3.15555191192e-103 1.71213308237e-103
serving 0.00196885220997 2.30063053784e-103 1.94814738334e-103 3.15555191192e-103 1.71213308237e-103
set 1.96885220997e-103 2.30063053784e-103 1.94757937311e-103 0.00315555191192 1.71213308237e-103
shadow 1.96885220997e-103 2.30063053784e-103 1.94760557082e-103 3.15555191192e-103 0.00171213308237
shadows 1.29687019521e-62 0.0022728542575 0.00197109314891 3.15620602304e-103 3.29065522724e-62
shall 6.83057466652e-19 0.00465044466075 0.00385657295861 3.58424237531e-98 0.00342158474271
shalt 2.6505988557e-31 2.63718719231e-23 0.00194757937311 7.09205800624e-99 1.71213308237e-103
shame 1.96885220997e-103 2.30063053784e-103 1.94757937311e-103 0.00315555191192 1.71213308237e-103
sharpened 1.03420500245e-44 0.00230063053784 5.14172151294e-50 3.15555191192e-103 1.71213308237e-103
she 7.23374764559e-24 2.15484500785e-11 0.0058524339312 1.82984667522e-93 0.0017036093982
shifting 1.76307451141e-45 0.00230063053784 1.94758759616e-103 3.15555191192e-103 1.71256196001e-103
shook 1.93522616714e-39 2.30063053785e-103 0.00194757937311 6.27693286891e-97 1.71213308237e-103
short 1.96885220997e-103 2.3008615482e-103 4.23304921317e-15 3.15631493906e-103 0.00342426616474
should 0.00196793903669 0.00402775207036 0.00827718028961 4.32952865425e-73 0.00342386152859
show 1.96885220997e-103 1.81325106534e-41 2.65919184818e-84 0.00688281465641 0.00482620152028
showers 2.08520668371e-49 2.30063053785e-103 0.00194757937311 2.97186266439e-85 1.71213308237e-103
shows 1.36185881347e-65 0.00230063053784 9.28562590631e-38 3.15560542526e-103 7.63204483529e-91
shun 1.96885220997e-103 2.30063053784e-103 1.94757938268e-103 6.21430981359e-19 0.00171213308237
sick 1.96885517841e-103 2.30065528617e-103 0.00194757937311 8.9027841766e-81 1.78246992785e-37
sicken 1.96885221224e-103 8.95166014476e-89 0.00194757937311 3.15567874571e-103 4.90990972785e-45
sickly 1.96885220997e-103 2.30110380826e-103 8.55343899527e-43 3.15640101639e-103 0.00171213308237
sickness 1.96885220997e-103 2.30063053784e-103 1.94757937311e-103 1.79719335558e-16 0.00171213308237
side 3.1471859658e-103 1.59278279353e-47 0.00194757937311 1.61679752055e-70 1.19293614233e-15
sighs 6.67695051622e-74 4.26237741082e-08 0.00194754329032 9.96331038594e-55 1.71213308237e-103
sight 1.96885220997e-103 2.30063053784e-103 1.94757937311e-103 0.0126222076477 1.71213308237e-103
silver 1.96885220997e-103 2.30063053784e-103 7.41336469694e-19 2.04752590922e-25 0.00171213308237
silvered 1.1012004378e-43 2.28533963597e-41 0.00194757937311 2.5393932197e-94 1.71213308239e-103
sin 0.00196885220997 2.30063053785e-103 1.13746222771e-34 3.15555191192e-103 1.71213308237e-103
sinful 0.00196885220997 1.08085742398e-17 6.50385515365e-40 3.15555613934e-103 0.00171213308237
single 1.96885220997e-103 1.62488170588e-99 3.25850480218e-85 3.15555191192e-103 0.00171213308237
sins 1.96885220997e-103 1.60516872183e-58 2.88048681857e-72 3.15555191192e-103 0.00171213308237
slandered 4.82252296818e-43 2.30063053785e-103 0.00194757937311 6.61521084484e-92 1.71230143297e-103
slanders 1.75763975381e-67 0.00230063053784 4.26793475211e-50 3.15555221024e-103 1.71213308237e-103
slave 1.96885221118e-103 2.98616677438e-95 0.00389515874593 3.15609358024e-103 2.62067281894e-13
slavery 1.96885220997e-103 2.30063053793e-103 1.94757938748e-103 8.17579263142e-16 0.00171213308237
slay 3.18909775385e-67 0.00230063053784 1.47146433551e-32 5.55848991782e-79 1.34421274422e-57
slide 1.96885220997e-103 2.30063053784e-103 1.94757937311e-103 0.00315555191192 1.71213308237e-103
slow 1.96885220997e-103 2.30063053784e-103 1.94757937311e-103 0.00315555191192 1.71213308237e-103
sluttish 1.96885220997e-103 2.30063054749e-103 1.94757947426e-103 3.15555191192e-103 0.00171213308237
small 1.96885220997e-103 2.30063053784e-103 2.82600827255e-08 3.01525966768e-37 0.0017121082387
smoke 1.96885220997e-103 2.30063053784e-103 1.94757937311e-103 0.00315555191192 1.71213308237e-103
smother 1.96885220997e-103 2.30063053784e-103 1.94757937311e-103 0.00315555191192 1.71213308237e-103
so 0.0118943626902 0.00220566216167 3.52361217183e-10 0.00329210354491 0.00506232935075
society 1.96885220997e-103 2.30063053784e-103 1.94757937311e-103 0.00315555191192 1.71213308237e-103
some 0.0062232275309 4.86847103013e-68 0.00357583704689 4.50736135861e-29 0.00342960439934
sometime 0.00196885220984 6.5915122916e-19 1.37173284203e-13 3.15735044215e-103 1.71213308237e-103
sorrow 3.77314562119e-34 0.00230063052196 1.34505096137e-11 3.16023921414e-103 1.71213308237e-103
soul 6.21929583648e-24 0.00690189161353 2.90122928834e-27 3.61020852495e-99 7.43406854778e-83
sound 1.43576104464e-61 0.00230063053784 3.83150227647e-32 3.15562497976e-103 2.68000796095e-55
sounds 1.96885220997e-103 2.30063053784e-103 1.94757937311e-103 0.00315555191192 1.71213308237e-103
sovereign 1.96885220997e-103 2.67074891611e-58 1.61762042356e-88 3.15555191192e-103 0.00171213308237
speak 4.31261064666e-49 0.00230063053784 1.14837608587e-89 3.15555191192e-103 1.71213308237e-103
speaking 1.96885220997e-103 1.3841367663e-42 0.00194757937311 3.15633649248e-103 1.95079234561e-22
speed 1.96885220997e-103 2.30063053784e-103 1.94757937311e-103 0.00315555191192 1.71213308237e-103
spirit 8.03455386454e-87 2.30063053784e-103 0.00389166763849 0.00316120835491 1.71213308237e-103
spirits 0.00196885220997 2.30063053784e-103 6.13110875317e-47 3.15555191192e-103 1.71213308237e-103
sport 1.96885220997e-103 2.30063053784e-103 1.94757937311e-103 0.00315555191192 1.71213308237e-103
stamped 1.96885220997e-103 9.0768185384e-38 0.00194757937311 3.15621920543e-103 1.71213308665e-103
stars 4.52050745684e-35 0.00230063053784 5.43341553767e-40 3.15556154322e-103 1.71221330265e-103
state 1.96885220997e-103 2.30063053784e-103 1.94757937311e-103 0.00631110382384 1.71213308237e-103
stay 1.96885220997e-103 2.30063053784e-103 1.94757937311e-103 0.0126222066542 5.39049542489e-10
steel 1.96885220997e-103 2.30063053784e-103 1.94757937311e-103 0.00315555191192 1.71213308237e-103
still 0.00211564950639 5.72103836676e-51 0.00567280698052 0.00635115613703 7.81524471594e-85
stirred 0.00196885220997 2.30063053784e-103 1.01792890483e-88 3.15555191192e-103 1.71213308237e-103
stone 1.96885220997e-103 2.30063055211e-103 1.4614120731e-20 3.1565514884e-103 0.00171213308237
stop 1.96897805448e-103 2.30083433818e-103 4.98858210509e-10 3.31832069386e-34 0.00171213264382
strange 4.21076195215e-13 1.13849674362e-16 0.00194718686852 0.00315618786408 1.71213308237e-103
streams 2.74183187925e-41 2.30063053785e-103 0.00194757937311 1.45325679245e-92 1.71213308237e-103
strengths 0.00196885220997 2.30063053788e-103 1.77062734319e-66 3.15555191192e-103 1.71213308237e-103
stronger 1.96885220997e-103 2.30063053784e-103 1.90445765358e-82 4.53244416794e-19 0.00171213308237
strongly 1.96885220997e-103 2.30086222195e-103 5.43951063002e-103 3.15555191192e-103 0.00171213308237
subject 1.96885220997e-103 1.00802425283e-38 0.00194757937311 3.15622097502e-103 1.29856599924e-73
subjects 1.96885220997e-103 2.30063053784e-103 1.94757937311e-103 3.15555191192e-103 0.00171213308237
subtleties 1.96885220997e-103 2.30063053784e-103 1.94757937311e-103 0.00315555191192 1.71213308237e-103
such 8.16616010293e-45 7.93221504984e-28 0.00584273811934 6.90804290866e-95 1.05562993332e-28
suggest 1.96945007929e-103 2.30111621471e-103 0.00194757937311 1.53540994658e-68 1.71213308237e-103
suit 1.96886018999e-103 2.30078502035e-103 0.00192327934611 1.23154333442e-30 2.13623540647e-05
sullen 1.96885220997e-103 2.30063053784e-103 1.94757937311e-103 3.15555191192e-103 0.00171213308237
summer 4.17893660349e-63 0.00230063053784 2.34944709821e-32 2.91404891611e-64 1.71213308237e-103
summers 3.50263177762e-66 0.00230106284031 2.87264495941e-50 3.15555217966e-103 0.00171181136216
summon 0.00196885220997 2.30063053784e-103 1.94766429403e-103 3.15555191192e-103 1.71213308237e-103
sunk 1.96885220998e-103 1.78972036265e-36 0.00194757937311 3.15623883651e-103 4.07903390386e-45
supposed 0.00196885220997 2.30063053784e-103 2.40698386676e-83 3.15555191192e-103 0.00171213308237
sure 1.34731618842e-76 9.20544346905e-16 0.00194757937311 2.18772981587e-98 1.99158013239e-17
surly 1.96885220997e-103 2.30063053784e-103 6.17524396832e-18 3.19428972098e-24 0.00171213308237
survive 0.00196885220997 4.50818495658e-34 1.8562111595e-17 3.15698395711e-103 1.71213308237e-103
sway 1.96885220997e-103 2.30063053784e-103 1.94757937311e-103 0.00315555191192 1.71213308237e-103
swear 0.00393761455225 1.05011628676e-07 2.12005145835e-54 3.15555206982e-103 1.71213308237e-103
swearing 1.96885220997e-103 2.30063053784e-103 1.94757937311e-103 0.00315555191192 1.71213308237e-103
sweet 0.00786552333102 4.44953004446e-84 0.00180412201988 1.74178994438e-28 0.00869537648864
sweetest 1.96885220997e-103 2.39227508758e-102 1.41737506898e-87 3.15555191192e-103 0.00342426616474
sweets 0.00590655662992 4.13704282534e-57 2.90045264807e-21 3.34690593556e-103 1.71213308237e-103
sweetst 1.96885220997e-103 2.30063053784e-103 1.94757937311e-103 5.86340928511e-25 0.00171213308237
swift 1.96885220997e-103 2.30063053784e-103 4.77941521876e-06 3.19060183582e-42 0.00170793145905
table 4.86980406951e-73 4.70399337987e-09 0.00194757539099 3.46001816081e-103 1.21009456277e-22
take 0.0019644190457 4.46503585331e-29 0.00195196463842 4.43238866353e-64 7.12282501195e-17
taste 1.96885220997e-103 2.30063053784e-103 1.94757937311e-103 0.00315555191192 1.71213308237e-103
tattered 4.62586204871e-38 6.29288003091e-28 0.00194757937311 3.71196600293e-98 1.71213308237e-103
taught 3.61299588506e-63 1.20175206542e-25 0.00194757937311 4.11533638323e-38 3.72855497525e-24
temperate 1.96885220997e-103 2.30063053784e-103 1.94757937311e-103 0.00315555191192 1.71213308237e-103
temptation 1.96885220997e-103 1.38149065021e-61 6.23580295013e-13 3.15605167238e-103 0.00342426616419
tend 1.96885220997e-103 2.30063053784e-103 1.94757937311e-103 0.00315555191192 1.71213308237e-103
tender 2.62355594628e-55 2.30063053785e-103 0.00389515874622 1.81345224677e-93 1.45889228492e-23
term 4.61026628422e-50 0.00230063053784 2.24186048379e-73 3.15555193082e-103 1.71215984638e-103
th 0.00196885220997 2.30063053784e-103 1.21024968099e-48 3.15555191192e-103 1.71213308237e-103
than 0.00984426105139 4.64408297129e-66 9.27188661506e-13 5.06944846688e-43 0.0119849315745
that 0.0353054483014 0.0390397186267 0.0105042793688 2.01700952951e-78 0.00634407119104
the 0.073015907971 1.01716933138e-06 0.010683540911 3.41031581036e-44 0.0264156272755
thee 5.19469750725e-35 0.00705230652211 0.01166797523 0.00330732090869 0.0118060313113
their 0.00582944050155 0.00237942799003 3.83672414872e-05 1.26184995117e-68 0.0102474892779
them 1.96885220997e-103 2.56933425295e-99 2.36544736623e-80 3.15555191192e-103 0.00171213308237
then 0.00200184171491 6.32179822528e-38 0.00386252568264 3.54730847072e-93 5.06420521567e-18
thereby 1.96885220997e-103 2.30063053784e-103 0.00194757937311 3.1555864257e-103 1.30783649049e-61
therefore 1.08629726591e-52 0.00460126107569 4.55172978614e-52 3.1555520666e-103 1.71216869959e-103
therein 1.96885220997e-103 2.30085698671e-103 2.3099574674e-102 3.15555191192e-103 0.00171213308237
these 0.00416522236188 1.03762052849e-96 0.00172251969191 4.18957805153e-103 1.71213308237e-103
they 0.00416288219482 0.00525576462835 0.00701350823258 1.27051286478e-81 2.70306664487e-64
thine 5.34257148539e-44 0.00460179098446 3.24828620615e-43 0.00315558405469 0.0034238543658
thing 1.33147608213e-59 0.00460126107569 4.68985851306e-19 1.0702562698e-45 1.71316148785e-103
things 1.96885220997e-103 2.30096396412e-103 7.15335872748e-21 3.15588503996e-103 0.00513639924711
this 1.80696616356e-45 0.0115039084648 3.74951054408e-09 3.15612269999e-103 0.00856009966617
thorns 1.08024212697e-55 2.92139425147e-42 0.00194757937311 4.51527676889e-86 1.71213308237e-103
those 0.00203556961005 0.0045233008879 9.44182297583e-42 2.99059914064e-18 0.00171213308237
thou 0.0143519457724 0.0210490642758 0.00747653283778 1.39221795121e-39 0.0132217039158
though 0.00392444494065 8.7198619444e-51 0.00390827496097 3.7445297758e-103 2.50443123487e-17
thought 9.4129343313e-39 0.00324910399294 0.00132523465508 4.29819326041e-69 0.00155338592771
thousand 1.96885220997e-103 2.30063053784e-103 3.31848102993e-09 1.79793619069e-31 0.00171213016507
three 1.96885220997e-103 2.30063053784e-103 0.00183704854463 1.25765740265e-102 9.71685625116e-05
thrust 1.96885220997e-103 2.30063053784e-103 1.94757937311e-103 0.00315555191192 1.71213308237e-103
thus 0.00393770441995 2.30063053784e-103 1.94804883534e-103 0.00315555191192 1.71213308237e-103
thy 0.0161893970339 0.0297977569292 7.89319221937e-05 7.49919066004e-48 0.032161935657
tie 3.57899557479e-46 6.55085283363e-50 0.00194757937311 3.18119620451e-83 1.71213308237e-103
tied 2.03329884486e-38 2.41348886994e-52 0.00389515874622 3.15782410952e-103 1.71213308237e-103
till 0.00210169402722 2.30063053785e-103 0.00376375224357 2.17237590338e-41 7.09733692529e-16
time 2.58360653872e-49 0.00230050497592 4.16435585513e-77 0.00631127604496 2.16882060239e-89
times 2.9305999605e-54 0.00452709765723 6.06103325416e-24 3.24049122105e-35 0.00347945870442
tired 1.96885220997e-103 2.30063053784e-103 1.94757937311e-103 0.00315555191192 1.71213308237e-103
titles 1.96885220997e-103 2.39493207186e-95 1.9995254258e-41 3.15555191192e-103 0.00171213308237
to 0.0295554916503 3.55869212251e-18 2.04023912976e-10 2.85822061261e-39 0.0684655755819
toil 0.00196885220997 2.30063053785e-103 8.87293120427e-17 3.15664609797e-103 1.71213308237e-103
tomb 2.3868990676e-17 0.00230063053784 1.69924363961e-69 3.15556910331e-103 1.71213308237e-103
tomorrow 0.00196885220997 2.30063053784e-103 1.94766429403e-103 3.15555191192e-103 1.71213308237e-103
tongue 3.70599375975e-67 0.00217797887765 0.00399898847444 3.80382777198e-85 1.71213308237e-103
too 4.27332750664e-74 6.37118028396e-29 0.00779022701417 1.60814079019e-45 7.95401982498e-08
tops 3.92672258487e-70 0.00230063053784 6.94747553813e-43 3.15555191192e-103 1.71213308237e-103
torment 3.54006752977e-71 2.00671290354e-51 0.00194757937311 5.35477084973e-100 5.08449407593e-21
touches 5.55222228001e-54 8.9412705031e-16 0.00194757937311 5.5130982931e-54 9.65772430647e-26
travel 1.96885220997e-103 2.60740464601e-62 8.91999390154e-17 4.31240540914e-101 0.00342426616474
travels 1.96885220997e-103 2.30063053784e-103 1.94757937311e-103 3.15555191192e-103 0.00171213308237
treasure 1.69151067528e-65 0.00229401601173 1.48315026907e-46 0.00316462441625 1.71213308237e-103
trenches 4.82079565942e-67 0.00230063053784 2.07522127622e-39 3.15555191192e-103 1.71213308237e-103
trifle 4.60176652598e-30 0.00230063053784 9.88497763456e-43 3.15555982983e-103 1.46044276514e-95
trim 1.96885220997e-103 2.30063053784e-103 1.94757937311e-103 0.00315555191192 1.71213308237e-103
tripping 1.74734143575e-19 0.00230063053784 2.05044924285e-50 3.15555191192e-103 1.71213308237e-103
true 1.96885220997e-103 4.67998727007e-68 5.13181674226e-97 3.15555191192e-103 0.00342426616474
truest 1.96885220997e-103 2.30063053795e-103 0.00115795577013 1.3608370069e-98 0.000694164618889
trust 1.96885220997e-103 2.30063053784e-103 1.94757937311e-103 0.00631110382384 1.71213308237e-103
truth 7.5560813643e-50 0.00231570179386 0.00383682604683 0.00322939328071 4.08569807853e-15
turns 1.96885220997e-103 2.30063053784e-103 1.94757937311e-103 2.70637041183e-73 0.00171213308237
twice 1.96885220997e-103 2.33616608995e-101 1.2803689516e-85 3.15555196179e-103 0.00171213308237
twixt 0.00196885220997 2.30063053788e-103 5.33174315932e-68 3.15555191192e-103 1.71213308237e-103
two 7.30905903127e-17 0.00230063053784 1.94757937311e-103 3.15555191192e-103 1.71213308237e-103
tyrant 8.15413345361e-62 2.18455626445e-36 0.00194679354948 6.54482515512e-52 0.0017128239064
unbless 1.96910002586e-103 2.30103276562e-103 0.00194757937311 6.02895701891e-82 1.71213308237e-103
uncertain 1.96885220997e-103 2.30063053784e-103 0.00194757937311 3.15555191192e-103 1.71213308237e-103
under 3.4050806294e-44 0.00216187317894 0.00206821599808 1.40989153657e-87 0.00170934388872
undivided 1.96885221002e-103 2.30063053785e-103 0.00194757937311 2.07753988371e-82 1.28739147389e-37
unfair 3.05228675119e-29 3.02274431173e-10 0.00194757911722 9.54738781126e-100 1.71213308237e-103
unfathered 1.96885220997e-103 2.30063053784e-103 1.94757937311e-103 0.00315555191192 1.71213308237e-103
unhappily 1.96885220997e-103 0.00230063053784 1.22010734916e-71 3.15555191192e-103 1.71213308237e-103
unkindness 0.00196885220997 2.30063053785e-103 4.71289789755e-49 3.15555191192e-103 1.71213308237e-103
unlearned 0.00196885220997 2.30063053784e-103 1.13731111887e-81 3.15555191192e-103 1.71213308237e-103
unless 0.00196885220997 2.30063053784e-103 8.24664411807e-83 3.15555191192e-103 1.71213308237e-103
unlooked 0.00196885220997 2.30063053784e-103 1.94762699739e-103 3.15555191192e-103 1.71213308237e-103
unmoved 0.00196885220997 2.30063053784e-103 1.94766429403e-103 3.15555191192e-103 1.71213308237e-103
unprovident 1.96885220997e-103 2.30063053784e-103 1.94757937311e-103 0.00315555191192 1.71213308237e-103
unrespected 1.96885220997e-103 2.30063053784e-103 1.94757937311e-103 0.00315555191192 1.71213308237e-103
unswept 1.96885220997e-103 2.30063053784e-103 0.00194757937311 3.15555191192e-103 1.71213308241e-103
unto 1.96885220997e-103 2.30063053784e-103 8.91521014642e-25 1.75553611742e-74 0.00171213308237
up 2.03049939953e-57 0.00920252215138 1.53321661987e-45 6.01627109824e-18 0.00171213308237
upon 0.010338074869 2.30067255466e-103 0.00924941853701 1.33821557343e-87 1.27200404978e-11
urge 1.96885220997e-103 2.30063053784e-103 1.94757937311e-103 0.00315555191192 1.71213308237e-103
use 0.00196887202271 2.3006305386e-103 2.47336743966e-70 3.95800082836e-20 0.00171211585302
uttering 0.00196885220997 2.30063053784e-103 1.94757937311e-103 3.15555191192e-103 1.71213308237e-103
valley 0.00196885220997 2.30063053784e-103 2.22642989482e-48 3.15555191192e-103 1.71213308237e-103
variation 1.38029196132e-48 0.00230063053784 1.94775734797e-103 3.15555196812e-103 1.71213308237e-103
vassal 1.96885220997e-103 2.30063053784e-103 0.00194757937311 7.65628198916e-81 1.48578382469e-35
verse 1.62453275182e-33 0.00230062540356 3.4469281507e-49 0.00946666277797 1.71238538631e-103
view 1.96889475803e-103 4.45025659416e-52 0.00384432062214 0.00323792202172 3.57476457163e-12
vile 0.00196885220997 2.30063053787e-103 8.98405559447e-47 3.15555191192e-103 1.71213308237e-103
vilest 1.34424082006e-69 0.00230060510486 2.15300754257e-08 3.15602077336e-103 1.71213308237e-103
virtuous 1.96885220997e-103 3.00694592241e-37 0.00194757937311 3.15621914558e-103 1.71213308237e-103
vowing 3.81934097164e-35 0.00230063053784 1.94758059869e-103 3.15555191203e-103 1.71213308237e-103
vulgar 1.70833344745e-62 0.0022362265232 0.00200210004838 5.50471530684e-80 4.22466006974e-99
wail 2.0277057628e-26 0.00204938773495 0.00216026684834 2.11211067729e-98 1.14890936164e-14
walls 1.96885220997e-103 2.30065030428e-103 1.14816626823e-06 7.53513545346e-90 0.00171112371994
want 0.00196885220997 2.30063053784e-103 1.94767035054e-103 3.15555191192e-103 1.71213308237e-103
wanting 1.96885220997e-103 2.30063053785e-103 1.94757937322e-103 3.15555191192e-103 0.00171213308237
war 2.60160326081e-49 0.00460126107569 8.7806335562e-85 3.15555191802e-103 1.71213308237e-103
wards 1.96885220997e-103 2.31302220393e-103 0.00109777196957 2.17054054447e-101 0.000747072694106
was 9.8704677588e-63 3.13773213908e-90 0.00584273811933 1.91131124475e-92 7.16008745832e-15
waste 1.96885220997e-103 2.30063053784e-103 1.94757937311e-103 0.00946428394056 1.28688392606e-06
way 1.96885220997e-103 2.30063053784e-103 1.94757937311e-103 0.00315555191192 1.71213308237e-103
we 0.00172109638368 3.14478873989e-43 0.00208422278919 3.15615988639e-103 0.00180745961154
weakens 2.05139733578e-48 2.30063053785e-103 0.00194757937311 8.29571721341e-84 1.71213308237e-103
wealth 7.64852507105e-53 0.00210365326503 0.00211432818366 4.3757252206e-41 5.60871890379e-10
weary 1.96885220997e-103 2.30063053784e-103 3.04183030876e-29 1.56547650955e-35 0.00342426616474
weed 1.96885220997e-103 6.94063979488e-43 0.00194757937311 3.15633655537e-103 2.48493143273e-23
weeds 0.00393770441995 2.30063053786e-103 3.65808792529e-45 3.15611638254e-103 1.71213308237e-103
were 1.01004766933e-25 0.00684943298929 0.00199198777891 3.15557008955e-103 1.71213308237e-103
what 0.00673123077948 0.012840140287 2.82354565803e-33 3.15578675758e-103 1.71213308237e-103
when 0.0265256946941 0.00581519168443 0.00585525572948 8.63287445156e-18 0.00341271301148
where 1.96885220997e-103 9.40844114381e-68 9.18083666842e-17 0.00354720158969 0.00834816490839
wherein 0.00393770441995 2.30063053784e-103 1.47577954247e-33 3.15579544936e-103 1.71213308237e-103
whereon 0.00196885220997 2.30063053784e-103 1.94762648057e-103 3.15555191192e-103 1.71213308237e-103
whereto 0.00196885220997 2.30063053784e-103 1.94766393335e-103 3.15555191192e-103 1.71213308237e-103
wherever 1.96885220997e-103 2.30084712029e-103 9.82368142116e-93 3.15555191192e-103 0.00171213308237
which 0.028371927684 5.15887974173e-76 0.0128337890214 4.64345410378e-78 2.59614738867e-46
while 0.00610691190553 0.00206651267814 4.07224197551e-91 3.15555191192e-103 1.71213308237e-103
white 1.96885220997e-103 2.30063053784e-103 1.94757937311e-103 0.00315555191192 1.71213308237e-103
who 0.0078754088399 2.30063053785e-103 8.5045244672e-67 3.15555191192e-103 1.71213308237e-103
whose 0.00590218680977 2.30063053784e-103 0.00180502586975 1.875332498e-100 0.000129119998211
wide 7.06165052044e-44 0.00230063053784 1.94757937311e-103 3.15555191192e-103 1.71213308237e-103
wife 1.96885220997e-103 2.30063053784e-103 1.94757937311e-103 0.00315555191192 1.71213308237e-103
wights 1.96885220997e-103 2.30063053784e-103 1.94757937311e-103 0.00315555191192 1.71213308237e-103
will 0.00382147349036 0.00933505302824 3.807863351e-15 0.00726148734055 0.00119892173379
wilt 3.31485464454e-86 5.50578374641e-21 0.00194757937311 3.15561019267e-103 1.94506864587e-53
win 1.96885220997e-103 2.30063053784e-103 1.94757937311e-103 0.00315555191192 1.71213308237e-103
wires 1.96885220997e-103 2.30063053784e-103 5.83788932014e-16 3.48892326211e-103 0.00342426616474
wiry 8.90083669455e-49 0.00230063053784 1.94757937311e-103 3.15555191192e-103 1.71213308237e-103
wit 1.96885220997e-103 2.30063053784e-103 1.94757937311e-103 0.00315555191192 1.71213308237e-103
with 0.0261059958676 0.00553961338146 0.0374844526435 7.4167426565e-51 0.0104199469319
within 1.96885220997e-103 2.30063053784e-103 1.94757937311e-103 0.00315555191192 1.71213308237e-103
without 0.00393770441995 2.30063053784e-103 8.87576130622e-12 4.28086334808e-38 0.00342426615694
witness 3.30099818434e-68 0.00230063053784 3.18076240144e-45 3.15555191192e-103 1.71213308238e-103
woeful 1.96885220997e-103 2.30542324182e-103 2.51923817725e-102 3.15555191192e-103 0.00171213308237
woes 5.76363627737e-18 2.30063053786e-103 0.00194757937311 3.50327242971e-100 1.71213308237e-103
woman 1.96885220997e-103 2.30063053784e-103 8.40505198498e-05 5.70902657472e-101 0.00163824357748
womb 4.52474323196e-49 0.00230063053784 1.94757937311e-103 3.15555191192e-103 1.71213308237e-103
womens 1.96885220997e-103 2.30063053789e-103 1.94757937361e-103 3.15555191192e-103 0.00171213308237
wood 1.96885220997e-103 1.74034586083e-40 0.00194757937311 3.15624491984e-103 9.83093649632e-38
work 1.76011676003e-50 0.00230063053784 5.6175701673e-95 3.15555191192e-103 1.71213308237e-103
works 1.96885220997e-103 2.30063054113e-103 1.94757940755e-103 3.15555191192e-103 0.00171213308237
world 0.00223107888044 0.00889610672677 1.62679195326e-31 3.15557421029e-103 1.71214369571e-103
worlds 1.96885221001e-103 2.30063054318e-103 0.00194617369255 1.99381754734e-43 1.23574537043e-06
worms 1.96885220998e-103 2.30063053784e-103 0.00194757937311 1.02264402358e-77 4.98416949457e-76
worser 5.89846100642e-67 0.00230063053784 4.49027976824e-50 3.15555221091e-103 1.71218217004e-103
worst 1.96885220997e-103 2.30063053785e-103 2.58441275079e-16 5.67472184875e-25 0.00171213308237
worth 1.96892618609e-103 2.30088545487e-103 1.67114909729e-18 4.36468916353e-31 0.00342426616474
worthy 1.96885220997e-103 2.30063053784e-103 1.9476156756e-103 3.15555191192e-103 0.00171213308237
would 1.96885220997e-103 2.30063053784e-103 0.00194533927754 2.95426314994e-98 1.96928648259e-06
wound 1.297530262e-55 0.00230063053784 5.78913806549e-91 3.15555191192e-103 1.71213308237e-103
wrinkles 1.00697240038e-35 0.00230063053784 7.21782306792e-41 3.1556017598e-103 5.30281519544e-71
year 1.96885220997e-103 2.30063053784e-103 1.94757937311e-103 0.00315555191192 1.71213308237e-103
yellow 1.49629988808e-47 0.00230063053784 1.94757937311e-103 3.15555191192e-103 1.71213308237e-103
yet 0.00401657114704 0.00450910423806 3.69085180388e-24 2.0517786828e-19 0.00171213307959
you 0.00211359644828 0.0136654532614 6.9443091641e-21 0.00667549787498 0.00834002760201
your 0.00212977566009 0.00671178304848 0.00723631163279 6.73246138557e-39 0.0158977673692
yours 1.56490663948e-12 2.30063053787e-103 0.00194757937156 3.1460702083e-78 1.71213308237e-103
youth 1.08094569753e-50 0.00270545390799 1.84745828258e-10 0.00315700679817 0.00312220638597
youthful 1.96885220997e-103 1.28403389735e-97 2.20367121668e-86 3.15555191192e-103 0.00171213308237
