5.600373765227020240e-01 9.786213141981850011e-29 2.092392138509532558e-05 1.077445630621217335e-21 1.546784712636101926e-20 1.259816234116618676e-34 3.434034721095910678e-32 3.488363546378184799e-01 9.110534491809442470e-02 7.745087516201223283e-29 4.081474562782197301e-103 5.925833383421770881e-57
1.546363038686982325e-30 1.828163075817012372e-56 4.138237050607012635e-01 7.788958764421228433e-29 2.522998706841251870e-25 5.861762949392987920e-01 3.158684305689964920e-34 3.869995176528831035e-26 9.874663312845232200e-39 9.642848993659396600e-28 8.804771704621978659e-103 1.412900276903528108e-100
7.788749803678785000e-02 2.537813802639212191e-01 1.130427223925118476e-13 6.019180752608411299e-36 5.827720031775214526e-02 5.892327089155500186e-01 2.082121246587573943e-02 2.149132034898488391e-20 1.645891549137569961e-23 2.803115700542193706e-19 3.532381028086867613e-103 1.985669608104698705e-36
3.222542314985268330e-01 1.168672825800387351e-21 8.099373402034164842e-28 2.747913431827700749e-31 1.601518476997793386e-02 1.643659331400433213e-34 5.868775639696718362e-54 1.139743380463937618e-03 6.605908403510313276e-01 5.495750068122135483e-25 3.812871823342206562e-103 3.812871823342206562e-103
6.676800377056433915e-03 5.609540075500815550e-103 2.022678575433035086e-01 4.706100266955827275e-43 1.117508398610503243e-16 6.519249059026086500e-03 2.007381261544619151e-09 2.962358512041475296e-23 2.249486157583190907e-30 7.845360910132250787e-01 5.437194702828624936e-103 7.363004183982303927e-15
8.805405638353572930e-22 1.932256743653253537e-30 2.541358759863014698e-35 1.544367729004005359e-32 6.685403302327320718e-01 8.612261507022553332e-18 3.314596697672679282e-01 8.387717635588809232e-22 2.352981694061212723e-22 7.195800244010635489e-20 4.262887399057174988e-103 1.955995668662532224e-31
4.026325362293334106e-37 6.060556009342483136e-52 7.650852964227938209e-15 1.279938783453607834e-74 1.704006613609185149e-29 8.573014235941886989e-34 4.668446727020053505e-13 6.646189358410627135e-02 1.690063483150222243e-02 1.761665452313442562e-18 3.407805771861129454e-103 9.166374715839170628e-01
4.943847565203738690e-17 2.799469064060708063e-85 5.077734135255026764e-19 9.356555794816775254e-103 5.978635852138266399e-02 1.029551574426948950e-21 1.938408454605403120e-01 4.194163457329402264e-30 3.076145291811200500e-25 7.463727960180769339e-01 9.353264538432453101e-103 9.354410902189691149e-103
2.965330915952844419e-15 3.177883394847429000e-21 7.259919661092497645e-01 1.973097062958384360e-38 1.887598733692503957e-27 4.127955298367001700e-18 1.026928502669561854e-44 6.003040352204709260e-03 2.680049935385424575e-01 1.197664731038998784e-34 3.650230834313164075e-103 6.131246585583428669e-101
3.177575770013190789e-22 1.777763125499225831e-32 2.417517158793580872e-17 7.581046681469754056e-25 1.895463033237037246e-20 9.239376278017031184e-27 5.557035694131468029e-01 7.509599527230106894e-25 3.659625768867471280e-23 3.413729810540316878e-01 2.939135254482425353e-103 1.029234495328215371e-01
1.091115050566682338e-24 1.372713700805422432e-01 1.079613761266093253e-47 8.627286299194577568e-01 2.562113597888630515e-59 5.739904380760014363e-28 3.673199589557093770e-59 1.193710722513458285e-32 4.689833908820370604e-27 4.933775114163067129e-75 3.289473684210525625e-103 3.289473684210525625e-103
0.000000000000000000e+00 0.000000000000000000e+00 0.000000000000000000e+00 0.000000000000000000e+00 0.000000000000000000e+00 0.000000000000000000e+00 0.000000000000000000e+00 0.000000000000000000e+00 0.000000000000000000e+00 0.000000000000000000e+00 0.000000000000000000e+00 0.000000000000000000e+00
