 0 1 2 3 4
above 0.00103312527508 1.42492312624e-103 1.47463210942e-34 0.0029178390691 0.00570983564531
absence 4.45302962446e-62 1.42492312624e-103 0.00278846241821 4.88709399876e-21 5.70983564531e-103
acceptance 9.32565552041e-34 1.42492312624e-103 0.00278846241821 2.18628224015e-103 5.70983564531e-103
account 1.5526665193e-103 1.42492312624e-103 0.00278846241821 2.18628224015e-103 5.70983564531e-103
accusing 4.37216562678e-37 0.00142492312624 2.78846241821e-103 6.04408102578e-63 5.70983564531e-103
acquaintance 0.0015526665193 1.42492312624e-103 2.78846241821e-103 1.69735680814e-87 5.70983564531e-103
adieu 1.5526665193e-103 1.42492312624e-103 2.78846241821e-103 2.18628224015e-103 0.00570983564531
advantage 1.5526665193e-103 1.42492312624e-103 2.78846241821e-103 0.00218628224015 5.70983564531e-103
after 1.5488271807e-13 0.00142492312615 0.00557692483632 5.44150549821e-20 5.70983564531e-103
again 1.23720915815e-79 1.42492312624e-103 0.00836538725463 6.26118832898e-42 1.48840841355e-44
against 5.82738006656e-45 5.04998943999e-80 2.78846241821e-103 0.00655884672045 5.70983564668e-103
age 4.22465800695e-82 1.42492312624e-103 0.0111538496728 7.99516662726e-43 5.70983564531e-103
aid 0.00155266651929 1.70642444189e-59 2.21188861539e-14 9.39558640247e-19 5.70983564531e-103
air 1.9459542435e-45 0.00142492312624 2.78846241821e-103 2.18628224015e-103 5.7098356455e-103
all 0.0217548265271 0.00315945622034 1.22355586692e-05 0.00386329697712 5.70983564599e-103
almost 0.0015526665193 1.42492312624e-103 2.78846241821e-103 8.53944826455e-88 5.70983564531e-103
aloft 1.11776531074e-95 0.00142492312624 2.78846241821e-103 2.18628224015e-103 5.70983564584e-103
alone 1.5526665193e-103 1.42492312624e-103 0.00836538725463 2.18628224015e-103 6.58258938176e-57
although 7.56382559816e-59 1.42492312624e-103 3.73695280245e-12 0.00655884671752 5.70983564531e-103
altring 2.00191288935e-26 1.42492312624e-103 0.00278846241821 2.18628224015e-103 5.70983564531e-103
am 1.5526665193e-103 0.00142492312624 2.78846241821e-103 2.18628224015e-103 5.70983564531e-103
amazeth 1.5526665193e-103 1.42492312624e-103 0.00278846241821 2.18628224015e-103 5.70983564531e-103
amen 1.5526665193e-103 1.42492312624e-103 2.78846241821e-103 2.18628224015e-103 0.00570983564531
among 1.5526665193e-103 1.42492312624e-103 2.78846241821e-103 0.00218628224015 5.70983564531e-103
an 1.28426264569e-19 0.00142492312624 0.00278846241821 2.79231524626e-16 5.70983564531e-103
anchored 3.96111452537e-23 0.00142492312624 2.78846241821e-103 3.49298713187e-56 5.70983564531e-103
and 0.0188037947808 3.61495793616e-85 1.08864329111e-19 0.128748748489 5.70983564546e-103
anew 5.19119559588e-59 1.42492312624e-103 0.00278846241821 1.98040487338e-19 5.70983564531e-103
angel 1.55789183011e-103 0.00142492312624 2.78846241821e-103 2.18666345173e-103 5.70983564539e-103
angry 1.5526665193e-103 1.42492312624e-103 2.78846241821e-103 0.00218628224015 5.70983564531e-103
another 1.5526665193e-103 0.00142492312624 2.78846241821e-103 2.18628224015e-103 5.70983564531e-103
any 7.04851172817e-26 0.00284984625248 2.78846241821e-103 8.23421949259e-51 5.70983564531e-103
appear 1.5526665193e-103 1.42492312624e-103 2.78846241821e-103 2.18628224015e-103 0.00570983564531
appearance 6.38887938455e-33 1.42492312624e-103 0.00278846241821 2.18628224015e-103 5.70983564531e-103
appears 4.10404697107e-35 1.42492312624e-103 0.00278846241821 2.18628224015e-103 5.70983564531e-103
approve 0.0015526665193 1.42492312624e-103 2.78846241821e-103 2.18628224015e-103 5.70983564531e-103
are 3.8767116855e-42 0.00712461563055 2.78846241821e-103 1.28491961628e-21 0.00570983564793
argument 1.5526665193e-103 1.42492312624e-103 2.78846241821e-103 2.18628224015e-103 0.00570983564531
art 0.00223556705862 2.36644438964e-53 0.00294459671494 0.00328856788022 8.98706738244e-13
arts 4.3499666591e-75 0.00142492312624 2.78846241821e-103 2.18942418536e-103 5.70983564627e-103
as 0.0026670023558 0.00486166894901 2.14733220733e-23 0.0215795387212 5.70983564598e-103
aside 1.5526665193e-103 1.42492312624e-103 3.11756310485e-83 2.18628224015e-103 0.00570983564531
askance 1.5526665193e-103 1.42492312624e-103 2.78846241821e-103 0.00218628224015 5.70983564531e-103
assailed 1.5526665193e-103 1.42492312624e-103 1.74463017907e-32 2.18628224015e-103 0.00570983564531
assemble 1.5526665193e-103 1.42492312624e-103 0.00278846241821 2.18628224015e-103 5.70983564531e-103
astonished 1.5526665193e-103 1.42492312624e-103 2.78846241821e-103 2.18628224015e-103 0.00570983564531
at 0.00427336754233 1.42492312624e-103 7.31027517489e-89 0.00272787577242 5.70983564531e-103
attending 1.5526665193e-103 1.42492312624e-103 2.78846241821e-103 0.00218628224015 5.70983564531e-103
augurs 1.5526665193e-103 0.00142492312624 2.78846241821e-103 2.18628224015e-103 5.70983564531e-103
authorizing 1.5526665193e-103 1.42492312624e-103 2.78846241821e-103 0.00218628224015 5.70983564531e-103
autumn 1.5526665193e-103 0.00142492312624 2.78846241821e-103 2.18628224015e-103 5.70983564531e-103
away 0.0015526665193 1.42492312624e-103 2.78846241821e-103 5.03274380128e-86 0.0114196712906
ay 1.5526665193e-103 1.42492312624e-103 2.78846241821e-103 0.00218628224015 5.70983564531e-103
back 1.5526665193e-103 0.00142492312624 2.78846241821e-103 2.18628224015e-103 5.70983564531e-103
bad 0.0015526665193 1.42493514261e-103 2.78846241821e-103 8.68970733158e-27 5.70983564531e-103
banquet 1.5526665193e-103 0.00142492312624 2.78846241821e-103 2.18628224015e-103 5.70983564531e-103
bare 4.58522483698e-10 1.42492312624e-103 0.00278846159474 9.40937132018e-20 5.70983564531e-103
bareness 3.07479243493e-39 0.00142492312624 2.78846241821e-103 1.01414890452e-65 5.70983564555e-103
base 1.5526665193e-103 0.00142492312624 2.78846241821e-103 2.18628224015e-103 5.70983564531e-103
basest 0.0015526665193 1.42492312624e-103 2.78846241821e-103 2.88373600182e-87 5.70983564531e-103
battring 1.5526665193e-103 0.00142492312624 2.78846241821e-103 2.18628224015e-103 5.70983564531e-103
bay 0.00153562089634 4.18790359251e-76 3.06125484379e-05 6.15392899643e-19 5.70983564531e-103
be 0.0118780517954 0.00240853071668 0.00398250413984 0.00269219975581 5.70983564615e-103
beams 1.5526665193e-103 0.00142492312624 2.78846241821e-103 2.18628224015e-103 5.70983564531e-103
bear 2.60549769657e-78 0.00142492311743 0.00278846243539 9.63681260628e-80 0.0114196712908
beard 1.5526665193e-103 1.42492312624e-103 0.00278846241821 2.18628224015e-103 5.70983564531e-103
beaten 2.40766873164e-67 0.00142492312624 2.78846241821e-103 2.18628224015e-103 5.70983564531e-103
beauteous 1.5526665193e-103 1.42492312624e-103 2.78846241821e-103 0.00218628224015 5.70983564531e-103
beauties 1.14280244648e-56 1.42492312624e-103 0.00278846241821 6.04203034233e-18 5.70983564531e-103
beauty 1.12236351671e-19 9.33897805681e-72 0.00232404935314 0.00255040335206 5.70983564531e-103
beautys 1.89999791689e-24 0.00142492312624 2.78846241821e-103 8.08803665276e-50 5.70983564531e-103
because 2.43954959769e-52 1.42492312626e-103 0.00278846241821 1.52870415462e-19 5.70983564531e-103
becomes 6.24790682206e-40 0.00142492312624 2.78846241821e-103 6.40014314892e-66 5.70983564531e-103
beds 1.5526665193e-103 0.00142492312624 2.78846241821e-103 2.18628224015e-103 5.70983564531e-103
before 2.31547836406e-58 1.42492312624e-103 0.00278846241821 1.86532932614e-18 5.70983564531e-103
behind 1.5526665193e-103 1.42492312624e-103 2.78846241821e-103 2.18628224015e-103 0.00570983564531
being 0.00583522485716 1.42524145754e-103 0.000674261803443 2.46008271152e-12 5.70983565065e-103
bent 1.5526665193e-103 1.42492312624e-103 2.78846241821e-103 2.18628224015e-103 0.00570983564531
best 3.53283709895e-36 0.00568892658685 0.0055979928909 1.04776650733e-68 2.9225578732e-63
bestow 1.5526665193e-103 0.00142492312624 2.78846241821e-103 2.18628224015e-103 5.70983564531e-103
better 0.00425192086084 1.42492317234e-103 1.76588893766e-59 0.00275807446498 5.70983564531e-103
bettered 2.86505795847e-36 0.00142492312624 2.78846241821e-103 2.97869577498e-60 5.70983564531e-103
bettering 1.5526665193e-103 0.00142492312624 2.78846241821e-103 2.18628224015e-103 5.70983564531e-103
bid 0.0015526665193 1.42492312624e-103 4.86028100129e-73 1.15969192885e-33 5.70983564531e-103
bide 1.5526665193e-103 1.42492312624e-103 2.78846241821e-103 2.18628224015e-103 0.00570983564531
bids 6.15007939162e-48 1.42492312624e-103 0.00278846241821 4.73891951021e-18 5.70983564531e-103
bier 8.10771223717e-56 1.61609036402e-63 0.00278846241821 1.19996241515e-18 5.70983564532e-103
big 2.021474063e-58 1.42492312624e-103 0.00278846241821 2.13285945107e-18 5.70983564531e-103
bind 1.5526665193e-103 1.42492312624e-103 0.00278846241821 2.18628224015e-103 5.70983564531e-103
bird 1.32684658068e-30 0.00142492312624 2.78846241821e-103 3.42052543287e-55 5.70983564531e-103
birth 9.57651297809e-101 0.00142492312624 2.78846241822e-103 2.18628224015e-103 5.70983564568e-103
bitter 1.2638506506e-22 0.00142492312624 2.78846241821e-103 5.3749465149e-47 5.70983564531e-103
blame 0.0015526665193 6.28085552354e-33 2.78846241821e-103 1.18824475636e-71 5.70983564531e-103
blessed 0.0015526665193 1.42492312624e-103 2.78846241821e-103 2.18628224015e-103 5.70983564531e-103
blesses 4.60506930073e-65 0.00142492312624 2.78846241821e-103 2.18628224661e-103 5.70983564531e-103
blind 9.69948053578e-56 6.03736758894e-58 0.00278846241821 3.14326901397e-18 5.70983564534e-103
blood 1.5526665193e-103 1.42492312624e-103 2.78846241821e-103 2.18628224015e-103 0.00570983564531
blushing 1.5526665193e-103 0.00142492312624 2.78846241821e-103 2.18628224015e-103 5.70983564531e-103
bodys 1.5526665193e-103 0.00284984625248 2.78846241821e-103 2.18628224015e-103 5.70983564531e-103
boldness 1.55350663566e-103 0.00142492312624 2.78846241821e-103 2.18628224015e-103 5.70983564535e-103
bond 3.35325795488e-82 0.00142492312624 6.79378366198e-101 3.38948981216e-97 5.70983564581e-103
borne 1.5526665193e-103 1.42492312624e-103 2.78846241821e-103 0.00218628224015 5.70983564531e-103
borrowed 5.41560836857e-50 0.00142492312624 2.78846241821e-103 2.18628224015e-103 5.70983564531e-103
both 2.26848448704e-36 0.00284984625248 2.78846241821e-103 3.96730222468e-61 5.70983564531e-103
bounteous 3.72290638326e-20 0.00142492312624 2.78846241821e-103 1.96349644042e-43 5.70983564531e-103
brave 7.28247394153e-76 0.00142492312624 2.78846241821e-103 2.18628224015e-103 5.70983564635e-103
break 2.36471121416e-25 0.00142492312624 2.78846241821e-103 4.6817627797e-50 5.70983564531e-103
breath 4.76382037245e-63 0.00147460186931 0.00269124502769 3.9663660214e-48 5.70983564631e-103
bring 1.1588511761e-56 1.42497922445e-103 0.00278846241821 7.81606396976e-17 5.70983564625e-103
bristly 1.5526665193e-103 0.00142492312624 2.78846241821e-103 2.18628224015e-103 5.70983564531e-103
broad 1.6661674065e-56 9.80855021993e-64 0.00278846241821 3.1010228103e-18 5.70983564531e-103
broils 1.62770253573e-19 0.00142492312624 2.78846241821e-103 6.7761883699e-46 5.70983564531e-103
brow 1.5526665193e-103 1.42492312624e-103 6.01053564614e-37 2.18628224015e-103 0.00570983564531
buds 2.56412744097e-33 1.42492312624e-103 0.00278846241821 2.18628224015e-103 5.70983564531e-103
burthen 5.00356840055e-85 0.00142492312624 2.78846241821e-103 2.18628852843e-103 5.70983564539e-103
busy 0.0015526665193 1.42492312624e-103 2.78846241821e-103 7.93564133851e-83 5.70983564531e-103
but 0.00425341153229 2.04147057438e-40 0.00542329160557 0.0181804066469 5.70983564541e-103
by 0.0057314355148 1.34826895979e-16 7.27971042828e-08 0.026910125877 5.70983564572e-103
calls 1.5526665193e-103 1.42492312624e-103 0.00278846241821 2.18628224015e-103 5.70983564531e-103
can 0.00352272930287 1.63771940699e-33 0.00761577761087 1.30277962932e-17 5.70983564531e-103
cannot 0.00138753119212 1.42492312624e-103 2.78858731525e-103 0.00241880637109 5.70983564531e-103
canopy 0.0015526665193 1.42492312624e-103 5.82533228301e-58 4.80670127969e-21 5.70983564531e-103
canst 8.605376133e-86 0.00142492312624 2.78846241821e-103 2.1875951794e-103 5.70983564557e-103
captain 1.5526665193e-103 0.00142492312624 2.78846241821e-103 2.18628224015e-103 5.70983564531e-103
carcanet 1.5526665193e-103 1.42492312624e-103 0.00278846241821 2.18628224015e-103 2.60496441407e-67
care 8.86767345657e-103 0.00142492312624 2.78846241821e-103 2.18628224015e-103 5.70983564559e-103
catch 0.00155266651922 1.42492312625e-103 0.00278846241835 2.18671850719e-103 5.70983564531e-103
celestial 3.07369584317e-64 0.00142492312624 2.98208450735e-103 2.18628224015e-103 5.70983564531e-103
ceremony 1.28708567101e-87 0.00142492312624 2.78846241821e-103 2.18628224015e-103 5.70983564607e-103
chance 7.36845218561e-28 0.00142492312624 2.78846241821e-103 4.58974527337e-52 5.70983564531e-103
change 0.0015526665193 1.42492312624e-103 2.78846241821e-103 4.06787239802e-87 0.0114196712906
changes 2.98841518797e-48 0.00142492312624 2.78846241834e-103 2.18721352585e-103 5.70983564531e-103
changing 2.45675122856e-58 1.42492312624e-103 0.00278846241821 3.72156261818e-18 5.70983564531e-103
character 1.14638958193e-70 0.00142492312624 2.78846241821e-103 1.11139108953e-86 5.70983564555e-103
charge 6.29413966859e-63 0.00142492312624 2.78846241821e-103 2.18681918437e-103 5.70983564538e-103
checked 1.5526665193e-103 0.00142492312624 2.78846241821e-103 2.1862889821e-103 5.70983564531e-103
cheeks 4.17178557042e-73 1.42492312624e-103 0.00557692483642 1.86644709358e-36 5.70983564531e-103
cheered 1.5526665193e-103 1.42492312624e-103 2.78846241821e-103 0.00218628224015 5.70983564531e-103
cherubins 3.56809122258e-29 0.00142492312624 2.78846241821e-103 1.16843135796e-66 5.70983564531e-103
chiding 1.5526665193e-103 1.42492312624e-103 2.78846241821e-103 0.00218628224015 5.70983564531e-103
chief 1.5526665193e-103 0.00142492312624 2.78846241821e-103 2.18628224015e-103 5.70983564531e-103
childrens 2.1054094582e-103 0.00142492312624 2.78846241821e-103 2.2291592612e-103 5.70983564531e-103
clerk 0.0015526665193 1.42492312624e-103 5.14995064996e-63 5.01921941826e-26 5.70983564531e-103
clock 0.0015526665193 1.42492312624e-103 1.13821405309e-57 8.6281071649e-23 5.70983564531e-103
closet 1.5526665193e-103 1.42492312624e-103 2.78846241821e-103 0.00218628224015 5.70983564531e-103
cold 1.5526665193e-103 0.00142492312624 2.78846241821e-103 2.18628224015e-103 5.70983564531e-103
colour 4.87167120368e-82 0.00284984625248 2.78846241821e-103 3.01299087606e-69 5.70983564558e-103
come 1.5526665193e-103 1.42492312624e-103 2.78846241821e-103 0.00218628224015 5.70983564531e-103
comfort 8.02424838229e-80 0.00142492312624 2.78846241821e-103 2.18629741039e-103 5.70983564531e-103
coming 9.30132880612e-31 0.00142492312624 2.78846241821e-103 2.18628224015e-103 5.70983564549e-103
comments 0.0015526562299 1.42492312624e-103 1.84789152959e-08 4.08351042188e-25 5.70983564531e-103
compare 1.5526665193e-103 1.42492312624e-103 2.78846241821e-103 2.18628224015e-103 0.00570983564531
complexion 1.5526665193e-103 0.00142492312624 2.78846241821e-103 2.18628224015e-103 5.70983564531e-103
confound 1.5526665193e-103 1.42492312624e-103 0.00278846241821 2.18628224015e-103 5.70983564531e-103
confounds 1.55266655551e-103 0.00142492312624 2.78846241821e-103 2.1862822437e-103 5.70983564531e-103
conquered 4.29666998271e-33 0.00142492312624 8.65845118868e-92 2.18628224015e-103 5.70983564531e-103
consecrate 1.67924324434e-48 0.00142492312624 2.78846241821e-103 1.67697873213e-38 5.70983564681e-103
consent 0.0015526665193 1.42492312624e-103 1.72930231662e-67 1.08121190678e-30 5.70983564531e-103
conspire 1.5526665193e-103 1.42492312624e-103 2.7884625485e-103 2.18628224015e-103 0.00570983564531
constant 0.0015526665193 1.42492312624e-103 2.78846241821e-103 5.85738252071e-85 5.70983564531e-103
contented 1.5526665193e-103 0.00142492312624 2.78846241821e-103 2.18628224015e-103 5.70983564531e-103
count 2.18398012162e-58 1.42492312624e-103 0.00278846241821 2.67613472296e-18 5.70983564531e-103
counterfeit 1.5526665193e-103 1.42492312624e-103 2.78846241821e-103 2.18628224015e-103 0.00570983564531
course 0.0031053330386 1.42492312624e-103 1.34808607199e-70 1.11710306693e-31 5.70983564531e-103
courses 4.56111012899e-87 0.00142492312624 2.78846241821e-103 2.18628224015e-103 5.70983564607e-103
covetous 1.54305844702e-46 0.00142492312624 2.78846241821e-103 6.97962936684e-33 5.70983564631e-103
crawls 1.5526665193e-103 1.42492312624e-103 2.78846241821e-103 0.00218628224015 5.70983564531e-103
creep 1.5526665193e-103 1.42492312624e-103 2.78846241821e-103 0.00218628224015 5.70983564531e-103
cries 1.5526665193e-103 1.42492312624e-103 2.78846241821e-103 0.00218628224015 5.70983564531e-103
crime 1.5526665193e-103 1.42492312624e-103 0.00557692483642 2.18628224015e-103 2.00942374282e-84
crossed 1.5526665193e-103 1.42492312624e-103 8.38597392664e-41 2.18628224015e-103 0.00570983564531
crowned 1.5526665193e-103 1.42492312624e-103 2.78846241821e-103 2.18628224015e-103 0.00570983564531
cruel 1.5526665193e-103 1.42492312624e-103 2.78846241821e-103 2.18628224015e-103 0.00570983564531
cry 1.63889040224e-35 1.42492312624e-103 0.00278846241821 2.18628224015e-103 5.70983564531e-103
crystal 1.5526665193e-103 0.00142492312624 2.78846241821e-103 2.18628224015e-103 5.70983564531e-103
cure 1.5526665193e-103 1.42492312624e-103 2.78846241821e-103 2.18628224015e-103 0.00570983564531
cures 6.00428055598e-48 0.00142492312624 2.78846241821e-103 6.56017449369e-77 5.70983564563e-103
darkness 3.38369656327e-89 0.00142492312623 1.27625949907e-14 6.71108721449e-53 5.70983564532e-103
dateless 6.63818668853e-13 1.42492312624e-103 0.00278846241702 0.00218628224015 5.70983564531e-103
day 2.24996214943e-33 0.00142492312624 2.6772557305e-95 1.4742238004e-59 5.70983564531e-103
days 0.00155158400819 1.42492312624e-103 0.0111557937745 1.92434171494e-29 5.70983564531e-103
dead 0.0031053330386 1.42492312624e-103 8.12409951691e-58 1.51284021338e-23 0.00570983564531
dear 0.00298281178019 5.9671507858e-07 4.01199685181e-25 0.00454416894591 5.70983564593e-103
death 1.55267447351e-103 0.00284984625248 1.38937748198e-70 2.18731009316e-103 5.70983564531e-103
deaths 1.55266651933e-103 0.00142492312624 2.78846241821e-103 0.00218628224015 5.70983564531e-103
decay 1.5526665193e-103 1.42492312624e-103 0.00278846241821 2.18628224015e-103 5.70983564531e-103
decays 1.5526665193e-103 1.42492312624e-103 2.30193666127e-21 2.18628224015e-103 0.00570983564531
decease 1.5526665193e-103 1.42492312624e-103 0.00278846241821 2.18628224015e-103 5.70983564531e-103
decrees 4.93013294515e-92 0.00142492312624 2.78846241821e-103 2.18628224015e-103 5.70983564575e-103
deeds 4.65451371313e-84 0.00142492312611 1.67538479485e-79 1.2355130013e-91 0.00570983564583
deemed 1.5526665193e-103 1.42492312624e-103 0.00278846241821 2.18628224015e-103 1.75109323028e-38
defence 1.55623823539e-103 0.00142492312624 2.78846241821e-103 2.18628224015e-103 5.70983564549e-103
delight 1.5526665193e-103 1.42492312624e-103 0.00278846241821 2.18628224015e-103 5.70983564531e-103
depend 1.5526665193e-103 1.42492312624e-103 0.00278846241821 2.18628224015e-103 5.70983564531e-103
desert 1.5526665193e-103 1.42492312624e-103 0.00278846241821 2.18628224015e-103 5.70983564531e-103
deserves 1.5526665193e-103 1.42492312624e-103 2.78846241821e-103 0.00218628224015 5.70983564531e-103
deserving 1.5526665193e-103 1.42492312624e-103 4.34114392367e-13 2.18628224015e-103 0.00570983564442
deservst 1.5526665193e-103 0.00142492312624 2.78846241821e-103 2.18628224015e-103 5.70983564531e-103
desire 1.5526665193e-103 1.42492312624e-103 0.00278846241821 0.00218628224015 5.70983564531e-103
desired 0.0015526665193 1.42492312624e-103 2.52275227431e-87 2.18628224015e-103 5.70983564531e-103
determination 2.90968272844e-25 0.00142492312624 2.78846241821e-103 2.18633575906e-103 5.70983564531e-103
did 1.55797445499e-103 0.00569969250496 2.78846241821e-103 2.18628224015e-103 5.70983564557e-103
die 1.5526665193e-103 1.42492312624e-103 0.00278846241818 2.18628224015e-103 0.00570983564538
difference 1.5526665193e-103 1.42492312624e-103 0.00278846241821 2.18628224015e-103 5.70983564531e-103
different 0.0015526665193 1.42492312624e-103 2.78846241821e-103 5.49493960844e-87 5.70983564531e-103
dignifies 2.33355245113e-48 0.00142492312624 2.78846241821e-103 3.17394430533e-75 5.70983564618e-103
dimmed 1.5526665193e-103 1.42492312624e-103 0.00278846241821 2.18628224015e-103 5.70983564531e-103
disabled 1.5526665193e-103 1.42492312624e-103 0.00278846241821 2.18628224015e-103 5.70983564531e-103
disarmed 1.5526665193e-103 1.42492312624e-103 0.00278846241821 2.18628224015e-103 5.70983564531e-103
discloses 1.5526665193e-103 1.42492312624e-103 2.78846241821e-103 2.18628224015e-103 0.00570983564531
discontent 1.5526665193e-103 1.42492312624e-103 2.78846241821e-103 2.18628224015e-103 0.00570983564531
disdains 1.5526665193e-103 1.42492312624e-103 2.78846241821e-103 0.00218628224015 5.70983564531e-103
diseased 1.5526665193e-103 0.00142492312624 6.51244445351e-74 2.18695071066e-103 5.70983564531e-103
disgrace 1.5526665193e-103 1.42492312624e-103 0.00254319373159 2.18628224015e-103 0.017631734931
distraction 5.48621914713e-39 2.2387536817e-29 0.00278846241821 1.0962228214e-35 5.70983564532e-103
divert 1.5526665193e-103 1.42492312624e-103 2.78846241821e-103 0.00218628224015 5.70983564531e-103
do 0.00761608924509 7.01601130238e-24 7.49322167628e-91 0.00239361299673 5.70983564531e-103
doing 9.44130509323e-97 0.00142492312624 2.78846241821e-103 2.18705719234e-103 5.70983564532e-103
done 1.5526665193e-103 1.42492312624e-103 2.78846241821e-103 2.18628224015e-103 0.00570983564531
dost 0.00090687673101 0.00113106010455 1.00590994451e-06 0.00573197968285 5.70983564531e-103
doth 4.55544509911e-54 0.0142466389464 2.78846241821e-103 0.00219025967185 5.70983564531e-103
double 0.0015526665193 1.42492312624e-103 2.78846241821e-103 2.18628224015e-103 5.70983564531e-103
doubting 1.5526665193e-103 1.42492312624e-103 2.78846241821e-103 0.00218628224015 5.70983564531e-103
down 2.39347661276e-32 0.00284984625248 2.78846241821e-103 1.2044820843e-64 5.70983564531e-103
dry 0.0015526665193 1.42492312624e-103 2.78846241821e-103 1.13771463924e-83 5.70983564531e-103
due 1.92475330203e-28 0.00142492312624 2.78846241821e-103 3.95292763885e-53 5.70983564531e-103
dulling 1.5526665193e-103 1.42492312624e-103 2.78846241821e-103 0.00218628224015 5.70983564531e-103
dully 0.0015526665193 2.91643474853e-32 2.78846241821e-103 1.17579653298e-82 5.70983564531e-103
dulness 1.5526665193e-103 1.42492312624e-103 0.00278846241821 2.18628224015e-103 5.70983564531e-103
each 0.0015746882049 0.00140471324299 2.78846259004e-103 4.94873575103e-83 5.70983564632e-103
ear 1.5526665193e-103 1.42492312624e-103 2.78846241821e-103 2.18628224015e-103 0.00570983564531
earth 0.00155442946511 0.00142330522425 2.78846241821e-103 1.80362590575e-50 5.70983564534e-103
earthly 1.06531772249e-32 1.42492312624e-103 0.00278846241821 2.18628224015e-103 5.70983564531e-103
east 1.5526665193e-103 1.42492312624e-103 0.00278846241821 2.18628224015e-103 7.81856492803e-68
eat 1.5526665193e-103 1.42492312624e-103 2.78846241821e-103 0.00218628224015 5.70983564531e-103
eating 1.5526665193e-103 0.00142492312624 2.78846241821e-103 2.18628224015e-103 5.70983564531e-103
elder 4.16143447697e-83 0.00142492312624 2.78846241821e-103 1.99262012818e-68 5.70983564577e-103
embassy 6.31702311586e-55 0.00142492312624 2.78846241821e-103 2.18628224015e-103 5.70983564599e-103
end 1.5526665193e-103 1.42492312624e-103 0.00557692483642 2.18628224015e-103 5.70983564531e-103
endless 1.5526665193e-103 0.00142492312624 2.78846241821e-103 2.18628224015e-103 5.70983564531e-103
endure 1.5526665193e-103 1.42492312624e-103 2.78846241821e-103 2.18628224015e-103 0.00570983564531
engrafted 3.38020397266e-78 0.00142492312624 2.58064219119e-32 2.35892069547e-49 5.7098356456e-103
engrossed 1.5526665193e-103 1.42492312624e-103 0.00278846241821 2.18628224015e-103 5.70983564531e-103
enjoy 0.0015526665193 1.42492312624e-103 2.78846241821e-103 6.74327031427e-83 5.70983564531e-103
entombed 6.92252845335e-78 0.00142492312624 2.78846241821e-103 2.18628224015e-103 5.70983564615e-103
ere 1.2661854718e-63 1.42492312624e-103 0.00176451126408 0.00298910683926 5.70983564531e-103
erst 4.08660463374e-73 0.00142492312624 2.78846241821e-103 9.14088216169e-97 5.70983564531e-103
essays 4.33061729048e-47 1.42492312624e-103 0.00278846241821 4.00939068539e-19 5.70983564531e-103
esteemed 1.5526665193e-103 1.42492312624e-103 0.00278846241821 2.18628224015e-103 5.70983564531e-103
eternity 1.5526665193e-103 1.42492312624e-103 2.78846241821e-103 2.18628224015e-103 0.00570983564531
even 1.7177997492e-65 1.47546574956e-103 0.000364487731235 0.0106456361269 5.7098356462e-103
ever 1.5526665193e-103 0.00142492312624 2.78846241821e-103 2.18628224015e-103 5.70983564531e-103
every 0.00408841238337 1.42492312624e-103 0.00102293210443 5.52977726834e-81 5.70983564531e-103
exceeded 1.5526665193e-103 1.42492312624e-103 2.78846241821e-103 0.00218628224015 5.70983564531e-103
exceeds 1.5526665193e-103 1.42492312624e-103 0.00278846241821 2.18628224015e-103 5.70983564531e-103
excellence 1.5526665193e-103 1.42492312624e-103 2.78846241822e-103 2.18628224015e-103 0.0114196712906
except 1.5526665193e-103 1.42492312624e-103 0.00278846241821 2.18628224015e-103 5.70983564531e-103
excusing 1.5526665193e-103 1.42492312624e-103 2.78846241821e-103 0.00218628224015 5.70983564531e-103
expense 1.27665979146e-61 0.00142492312622 2.78846241821e-103 2.18730727516e-103 0.00570983564538
expressing 8.65202881223e-56 1.42492312624e-103 0.00278846241821 7.94936175627e-18 5.70983564531e-103
extant 0.0015526665193 1.42492312625e-103 2.78846241821e-103 1.46589930034e-59 5.70983564531e-103
extremity 1.41148073768e-86 0.00142492312624 2.78846241821e-103 2.18628224015e-103 5.70983564635e-103
eye 0.00460459473004 0.00147393414862 5.77128868983e-86 4.55632943867e-36 0.0171295069378
eyes 0.00158416767 4.04852379586e-103 0.0166742010121 2.29226290069e-14 5.70983565189e-103
face 0.0015526665193 1.02114800147e-53 0.00836538725463 1.88963056084e-84 0.00570983564531
faces 1.5526665193e-103 1.42492312624e-103 2.78846241821e-103 2.18628224015e-103 0.00570983564531
faculty 6.72632682792e-49 0.00142492312624 2.78846241821e-103 9.45660880196e-74 5.70983564531e-103
fadeth 8.42277250758e-72 0.00142492312624 2.78846241821e-103 2.18628224015e-103 5.70983564614e-103
fading 0.0015526665193 1.42492312624e-103 2.78846241821e-103 7.71887527398e-101 5.70983564531e-103
fair 1.5526665193e-103 0.00427476937872 2.78846241821e-103 2.18628224015e-103 5.70983564531e-103
fairing 1.5526665193e-103 1.42492312624e-103 2.78846241821e-103 0.00218628224015 5.70983564531e-103
faith 9.50970477048e-64 0.00142492312624 2.78846241821e-103 2.18628224015e-103 5.70983564615e-103
falls 1.5526665193e-103 1.42492312624e-103 2.78846241821e-103 2.18628224015e-103 0.00570983564531
false 0.0015526665193 1.42492312624e-103 1.26305404607e-57 1.52322143506e-18 5.70983564531e-103
far 3.74101953974e-24 0.00284984625248 2.78846241821e-103 1.69472984441e-48 5.70983564531e-103
farther 0.00317494176812 1.42492312624e-103 0.00266345081794 1.15823076662e-23 5.70983564531e-103
farthest 2.0947199061e-29 1.83704669923e-26 0.000501674888464 0.00397922839235 5.70983564767e-103
fashion 1.5526665193e-103 0.00142492312624 2.78846241821e-103 2.18628224015e-103 5.70983564531e-103
fast 0.0015526665193 1.42492312624e-103 2.78846241821e-103 3.01878562288e-86 5.70983564531e-103
fawn 1.5526665193e-103 0.00142492312624 2.78846241821e-103 2.18628224015e-103 5.70983564531e-103
feast 9.84229888344e-75 0.00142492312624 2.78846241821e-103 2.18628224015e-103 5.70983564624e-103
featured 1.5526665193e-103 1.42492312624e-103 2.78846241821e-103 0.00218628224015 5.70983564531e-103
feeding 1.5526665193e-103 1.42492312624e-103 1.64932463533e-76 2.18628224015e-103 0.00570983564531
feedst 1.5526665193e-103 1.42492312624e-103 2.78846241821e-103 0.00218628224015 5.70983564531e-103
feeling 3.54360248439e-84 0.00142492312624 2.78846241821e-103 2.18628224015e-103 5.70983564612e-103
fever 1.5526665193e-103 1.42492312624e-103 0.00278846241821 2.18628224015e-103 5.70983564531e-103
filching 1.5526665193e-103 0.00142492312624 2.78846241821e-103 2.18628224015e-103 5.70983564531e-103
fill 4.4254643479e-24 0.00142492312624 2.78846241821e-103 1.33326184439e-48 5.70983564531e-103
find 1.08488615567e-37 0.00284622468044 2.78846241821e-103 0.00219183887578 0.00570983564535
finding 1.5526665193e-103 1.42492312624e-103 2.78846241821e-103 0.00218628224015 5.70983564531e-103
finds 1.5526665193e-103 0.00142492312624 2.78846241821e-103 2.18628224015e-103 5.70983564531e-103
first 3.18084287931e-81 0.00427476937872 2.78846241821e-103 2.18792444283e-103 5.70983564555e-103
fist 0.0015526665193 1.42492312624e-103 2.78846241826e-103 1.33310332191e-61 5.70983564531e-103
five 6.99500552508e-63 0.00142492312624 8.01611839482e-35 6.40280993708e-49 5.70983564634e-103
fixed 1.5526665193e-103 1.42492312624e-103 0.00278846241821 2.18628224015e-103 5.70983564531e-103
flame 1.36920122071e-58 1.42492312624e-103 0.00278846241821 3.2483789607e-19 5.70983564531e-103
fleece 2.68609690286e-67 0.00142492312624 2.78846241821e-103 2.18628224015e-103 5.70983564635e-103
flesh 0.0015526665193 1.42492312624e-103 2.02813086277e-94 3.08171869017e-38 5.70983564531e-103
flower 5.2403520685e-41 0.00142492312624 2.78846241821e-103 1.22540143019e-30 5.70983564667e-103
flowers 1.46723280531e-84 0.00142492312624 2.78846241821e-103 2.18628224015e-103 5.70983564615e-103
fly 1.5526665193e-103 1.42492312624e-103 2.78846241821e-103 2.18628224015e-103 0.00570983564531
foe 1.5581975792e-103 0.00142492312624 2.78846241821e-103 2.18657117078e-103 5.70983564538e-103
foist 1.55582879819e-103 0.00142492312624 1.6597602367e-28 5.9606501526e-78 5.70983564532e-103
fold 0.0015526665193 1.42492312624e-103 4.31352228782e-56 1.59414900382e-19 5.70983564531e-103
folly 1.5526665193e-103 0.00142492312624 2.78846241821e-103 2.18628224015e-103 5.70983564531e-103
foot 1.07762448743e-39 0.00142492312624 2.78846241821e-103 2.22553240078e-31 5.70983564664e-103
footed 5.05993207013e-51 0.00142492312624 2.78846241821e-103 2.18628224015e-103 5.70983564531e-103
for 5.47380086485e-20 0.00976462639799 9.00342158621e-19 0.0112533651274 5.70983564555e-103
forbear 2.05158055013e-55 1.42492312624e-103 0.00278846241821 3.46606677943e-20 5.70983564531e-103
forbid 0.0015526665193 1.28178364266e-94 2.78846241821e-103 3.08946150693e-84 5.70983564531e-103
form 0.00160298377017 0.00707843815939 5.90223916532e-59 5.07710397731e-20 5.70983564579e-103
foul 3.4181018011e-43 2.84083741521e-67 0.00557692483642 8.53883431039e-30 5.70983564533e-103
frame 3.14195440051e-53 1.42492312624e-103 0.00278846241821 1.05775037526e-18 5.70983564531e-103
fresh 2.21248276071e-66 0.00284984625248 8.92355551789e-22 1.07195770542e-36 5.70983564583e-103
fresher 0.0015526665193 1.42492312624e-103 2.78846241821e-103 3.86807300893e-88 5.70983564531e-103
friend 5.65376819141e-08 0.00142487124011 7.33187859665e-21 2.1997310387e-36 5.70983564531e-103
friends 1.5526665193e-103 0.00284984625248 2.78846241821e-103 2.18628224015e-103 5.70983564531e-103
from 0.0125340536124 5.00210154545e-23 0.0165283359653 1.56360742931e-17 5.70983564531e-103
frown 5.41146338971e-41 0.00142492312624 2.78846241821e-103 2.18634504555e-103 5.70983564597e-103
frowns 2.17412195186e-101 0.00142492312624 2.78846241821e-103 2.18715392423e-103 5.70983564533e-103
frownst 0.0015526665193 1.42492312624e-103 8.65854264575e-49 2.41696052453e-32 5.70983564531e-103
fuel 1.5526665193e-103 1.42492312624e-103 2.78846241821e-103 2.18628224015e-103 0.00570983564531
full 4.78187534864e-40 0.00142492312624 2.78846241821e-103 2.69408973967e-21 5.7098356481e-103
fulness 1.5526665193e-103 1.42492312624e-103 2.78846241821e-103 2.18628224015e-103 0.00570983564531
gainst 8.37599291593e-23 0.00142492312624 2.78846241821e-103 4.24658195973e-47 5.70983564531e-103
gardens 2.94907908675e-58 1.42492312624e-103 0.00278846241821 2.2144224025e-17 5.70983564531e-103
gates 0.0015526665193 1.42492312624e-103 2.78846241821e-103 6.12345160525e-86 5.70983564531e-103
gave 0.0015526665193 1.42918455805e-103 2.80837880442e-103 9.83671588281e-68 5.70983564531e-103
gay 1.5526665193e-103 1.42492312624e-103 0.00278846241821 2.18628224015e-103 5.70983564531e-103
gazeth 1.5526665193e-103 1.42492312624e-103 2.78846241821e-103 2.18628224015e-103 0.00570983564531
gazing 1.5526665193e-103 0.00142492312624 2.78846241821e-103 2.18628224015e-103 5.70983564531e-103
gems 1.5526665193e-103 1.42492312624e-103 0.00278846241821 2.18628224015e-103 5.70983564531e-103
general 1.5526665193e-103 0.00142492312624 2.78846241821e-103 2.18628224015e-103 5.70983564531e-103
gentle 0.0015526665193 6.09436463553e-48 2.78846241821e-103 1.35158524521e-73 5.70983564531e-103
gift 1.5526665193e-103 0.00142492312624 2.78846241821e-103 2.18628224015e-103 5.70983564531e-103
gilding 1.5526665193e-103 1.42492312624e-103 2.78846241821e-103 0.00218628224015 5.70983564531e-103
give 0.00464312069538 1.51229111578e-37 2.78846255865e-103 0.00220723290307 0.00570983564533
given 2.96706080942e-30 0.00427476937872 2.78846241821e-103 2.50771037374e-103 5.70983564534e-103
gives 4.1603842401e-42 0.00142492312624 2.78846241821e-103 1.29678343275e-66 5.70983564531e-103
giving 1.5526665193e-103 1.42492312624e-103 2.78846241821e-103 0.00218628224015 5.70983564531e-103
glance 5.39557205287e-58 0.00142492312624 2.78846241821e-103 2.18700427399e-103 5.70983564531e-103
glass 1.24746710993e-67 8.85238139091e-79 0.00278846241821 6.50511083718e-29 5.70983564531e-103
glazed 3.53427923799e-59 1.42492312624e-103 0.00278846241821 8.65720157904e-20 5.70983564531e-103
glory 3.810539442e-40 0.00284984625242 0.00278846241824 3.56006058566e-77 0.00570983564551
gold 0.0015526665193 1.42492312624e-103 2.78851733283e-103 1.25534764101e-97 5.70983564531e-103
golden 1.5526665193e-103 0.00142492312624 2.78846241821e-103 2.18628224015e-103 5.70983564531e-103
gone 1.55474097135e-103 0.00142492312624 2.78846241821e-103 2.18628224015e-103 5.70983564541e-103
good 1.5526665193e-103 1.42492312624e-103 2.78846241821e-103 2.18628224015e-103 0.00570983564531
grace 4.09264973736e-55 1.42492312624e-103 0.00278846241821 6.47882857155e-18 5.70983564531e-103
graces 1.5526665193e-103 1.42492312624e-103 0.00278846241821 2.18628224015e-103 9.69400263025e-90
graves 2.72571190481e-72 0.00142492312624 2.78846241821e-103 2.18628224015e-103 5.70983564533e-103
gravity 1.5526665193e-103 1.42492312624e-103 2.78846241821e-103 2.18628224015e-103 0.00570983564531
great 0.0015526665193 1.42492312624e-103 2.78846241821e-103 7.13000787134e-88 5.70983564531e-103
greater 2.55765211023e-58 1.47442002645e-103 0.00278846241821 1.27622273906e-18 5.70983564531e-103
greatest 0.0015526665193 1.42492312624e-103 9.45141072554e-27 2.18628224015e-103 5.70983564531e-103
grecian 6.03836415724e-56 9.3458857081e-56 0.00278846241821 5.07173408862e-19 5.7098356454e-103
green 1.5526665193e-103 1.42492312624e-103 0.00278846241821 2.18628224015e-103 5.70983564531e-103
greet 7.92961734729e-98 0.00284984625246 2.78846241823e-103 6.30574431789e-94 0.00570983564538
grew 1.5526665193e-103 1.42492312624e-103 5.22639634402e-55 2.18628224015e-103 0.00570983564531
grey 1.5526665193e-103 0.00142492312624 2.78846241821e-103 2.18628224015e-103 5.70983564531e-103
grief 1.5526665193e-103 1.42492312624e-103 2.78846241821e-103 2.18628224015e-103 0.00570983564531
groan 1.5526665193e-103 1.42492312624e-103 7.6504616578e-67 2.18628224015e-103 0.00570983564531
gross 0.0015526665193 1.42492312624e-103 8.93012526025e-65 5.43462356542e-29 5.70983564531e-103
grow 1.5526665193e-103 1.42492312624e-103 0.00278846241821 2.18628224015e-103 5.70983564531e-103
growth 3.53532453483e-60 0.00142492312624 1.94762776241e-66 2.44810225527e-70 5.70983564597e-103
had 1.44521562274e-47 1.42492312624e-103 0.00557692483642 2.18628224015e-103 5.70983564531e-103
half 2.29776953825e-35 0.00142492312624 2.78846241821e-103 5.25950391857e-65 5.70983564531e-103
hallowed 3.23520634749e-59 1.42492312624e-103 0.00278846241821 4.35095866396e-19 5.70983564531e-103
hand 1.84130352567e-42 0.00427476937872 2.7884624219e-103 1.9559465882e-68 0.00570983564531
hands 8.94286604738e-61 1.42492312624e-103 0.00278846241821 1.35167398208e-20 5.70983564531e-103
happier 0.0031053330386 1.42492312624e-103 6.1243332726e-32 8.66684136962e-30 5.70983564531e-103
happies 0.0015526665193 1.42492312624e-103 2.78846241821e-103 1.72042250451e-87 5.70983564531e-103
happy 7.05441805369e-28 1.42492312624e-103 0.00278846241821 2.18628224015e-103 5.70983564531e-103
harder 0.0015526665193 1.42492312624e-103 2.78846241821e-103 1.69944279442e-86 5.70983564531e-103
hast 9.57886884046e-58 0.00284984122482 9.83873971436e-09 4.47046595405e-23 5.70983564548e-103
hath 1.88807787609e-43 0.00711927290202 2.78846241821e-103 0.0021944796746 5.70983564547e-103
have 0.00618369409811 0.00134762298142 2.21541244444e-05 0.00232549400124 5.70983564635e-103
he 0.000695334452467 0.00282714838691 1.23895435704e-62 0.00342830204329 5.70983564588e-103
heals 0.0015526665193 1.42492312624e-103 2.78846241821e-103 5.19481778979e-85 5.70983564531e-103
health 1.65401230182e-82 0.00142492312624 2.78846241821e-103 1.84827587346e-83 5.70983564546e-103
heard 2.66088732272e-96 0.00142492312624 2.78852586304e-103 2.18782332343e-103 5.70983564587e-103
heart 3.5113522975e-69 0.00284984565064 2.19266480722e-09 1.47384122262e-37 0.0114196692124
hearts 1.5526665193e-103 0.00142492312624 2.78846241821e-103 2.18628224015e-103 5.70983564531e-103
heat 0.0031053330386 1.42492312624e-103 1.50913250121e-58 4.51078299979e-41 5.70983564531e-103
heaven 1.8977778555e-26 1.42492312624e-103 0.00278846241821 2.18628224015e-103 5.70983564531e-103
heavenly 1.5526665193e-103 0.00142492312624 2.78846241821e-103 2.18628224015e-103 5.70983564531e-103
heavens 0.0015526665193 1.42492312624e-103 2.78846241821e-103 8.02302362186e-88 5.70983564531e-103
heavy 1.15830305203e-19 0.00142492312624 2.78846241821e-103 8.67336777975e-45 5.70983564531e-103
height 1.40101318105e-37 0.00141364163413 0.00281053941044 1.74906784712e-34 5.7098356459e-103
heinous 1.5526665193e-103 0.00142492312624 2.78846241821e-103 2.18628224015e-103 5.70983564531e-103
hell 3.08705273674e-36 1.42492312624e-103 0.00278846241821 5.11148518848e-18 5.70983564531e-103
hems 1.5526665193e-103 1.42492312624e-103 2.78846241821e-103 2.18628224015e-103 0.00570983564531
her 1.61487401e-33 0.0113993850078 2.78846241821e-103 7.45588804144e-13 0.0114196712974
herd 1.5526665193e-103 1.42492312624e-103 0.00278846241821 2.18628224015e-103 4.77178680841e-82
hes 2.99119046989e-34 1.42492312624e-103 0.00278846241821 2.18628224015e-103 5.70983564531e-103
hid 1.78232944021e-30 1.42492312624e-103 0.00278846241821 3.80202367448e-19 5.70983564531e-103
hidden 0.0015526665193 6.42314470944e-39 2.78846241821e-103 3.22568694132e-83 5.70983564533e-103
hide 0.0015526665193 5.25440146646e-37 2.78846241821e-103 1.60138404647e-51 5.70983564539e-103
hideous 1.5526665193e-103 0.00142492312624 2.78846241821e-103 2.18628224015e-103 5.70983564531e-103
him 6.65596524631e-10 0.00740448444628 0.00502924239532 7.91950949109e-28 5.70983564564e-103
his 0.0311655778425 0.000756661753228 2.28428521857e-11 0.00305355263038 5.70983564675e-103
holds 0.0015526665193 1.75229029969e-94 2.78846241821e-103 1.079122225e-39 5.70983564531e-103
home 1.5526665193e-103 0.00142492312624 2.78846241821e-103 2.18628224015e-103 5.70983564531e-103
honest 0.0015526665193 1.42492312624e-103 4.68901190301e-60 2.10919012149e-22 5.70983564531e-103
hours 5.5979979874e-43 0.00142492312624 2.78846241821e-103 9.81973241289e-24 5.70983564829e-103
how 1.42871007159e-68 1.42492312624e-103 8.370205545e-19 0.0087451289606 5.70983564531e-103
hue 1.5526665193e-103 1.42492312624e-103 0.00557691754146 2.18628224015e-103 1.49376276176e-08
huge 1.5526665193e-103 0.00142492312624 2.78846241821e-103 2.18628224015e-103 5.70983564531e-103
humble 1.73452178588e-42 0.00142492312624 2.78846241821e-103 1.66286656742e-68 5.70983564531e-103
humour 0.0015526665193 1.42492312624e-103 2.78846241821e-103 1.1265665324e-88 5.70983564531e-103
hundred 0.0015526665193 1.42492312624e-103 3.75879029739e-63 2.26673363218e-26 5.70983564531e-103
hungry 1.5526665193e-103 0.00142492312624 2.78846241821e-103 2.18628224015e-103 5.70983564531e-103
hunted 1.55325512836e-103 0.00142492312624 2.78846241821e-103 2.18628224015e-103 5.70983564534e-103
husband 0.0015526665193 1.42492312624e-103 2.78846241821e-103 8.23132826917e-88 5.70983564531e-103
husbandry 1.5526665193e-103 1.42492312624e-103 2.78846242604e-103 2.18628224015e-103 0.00570983564531
husbands 0.0015526665193 1.42492312624e-103 2.68840730353e-63 2.34508776743e-23 5.70983564531e-103
idly 1.5526665193e-103 0.00142492312624 2.78846241821e-103 2.18628224015e-103 5.70983564531e-103
if 9.10921509845e-09 1.42492312624e-103 0.000143448509839 0.00644636369264 5.70983564531e-103
ignorance 0.0015526665193 1.42492312624e-103 3.13744405704e-66 2.04401050127e-29 5.70983564531e-103
ill 0.0015526665193 1.42492312624e-103 2.78846241821e-103 2.18628224015e-103 5.70983564531e-103
image 1.5526665193e-103 0.00142492312624 2.78846241821e-103 2.18628224015e-103 5.70983564531e-103
imitated 7.76546733707e-82 0.00142492312624 2.78846241821e-103 2.18628224015e-103 5.70983564531e-103
impart 1.5526665193e-103 1.42492312624e-103 2.78846241821e-103 2.18628224015e-103 0.00570983564531
imprisoned 1.5526665193e-103 0.00142492312624 2.78846241821e-103 2.18628224015e-103 5.70983564531e-103
in 0.0375718100024 0.0265942684386 0.000394148583814 0.0327871293308 5.70983564584e-103
increase 1.5526665193e-103 1.42492312624e-103 0.00278846241821 2.18628224015e-103 5.70983564531e-103
increasing 1.5526665193e-103 1.42492312624e-103 2.78846241821e-103 0.00218628224015 5.70983564531e-103
infants 0.0015526665193 1.42492312624e-103 2.78846241821e-103 2.18628224015e-103 5.70983564531e-103
injury 1.5526665193e-103 1.42492312624e-103 1.68272690751e-19 2.18628224015e-103 0.00570983564531
intend 1.5526665193e-103 1.42492312624e-103 2.78846241821e-103 0.00218628224015 5.70983564531e-103
intermixed 1.5526665193e-103 1.42492312624e-103 0.00278846241821 2.18628224015e-103 5.70983564531e-103
into 1.14858576681e-57 1.42492312624e-103 0.00278846241821 6.70711846448e-18 5.70983564531e-103
invention 1.78394778539e-60 0.00284984625248 2.78846241821e-103 2.18628224015e-103 5.70983564541e-103
inviting 7.34894226789e-72 0.00142492312624 2.78846241821e-103 2.18629237713e-103 5.7098356454e-103
inward 9.13244788889e-82 0.00142492312624 2.78846241821e-103 2.18628224015e-103 5.70983564539e-103
is 0.01511356706 0.00331714338137 0.0181946252027 0.0118346621999 5.70983564558e-103
issue 0.0015526665193 1.31095105144e-82 2.78846241821e-103 3.4623480916e-41 5.70983564531e-103
it 0.0165744783449 2.7212525297e-53 0.0159099548421 0.00354071754011 5.70983564535e-103
jealousy 1.5526665193e-103 1.42492312624e-103 2.7884624219e-103 2.18628224015e-103 0.00570983564531
jewel 1.59143704788e-76 0.00142492312624 2.78846241821e-103 2.18628224015e-103 5.70983564533e-103
jewels 5.15265050753e-56 1.42492312624e-103 0.00278846241821 6.75895277397e-21 5.70983564531e-103
joy 2.10969869179e-62 1.42492312624e-103 0.00278846241821 1.12547009158e-22 5.70983564531e-103
judgment 7.90629824724e-39 5.81645773183e-33 0.00278846241821 6.4740750879e-33 5.70983564532e-103
keep 0.0015526665193 1.42492312624e-103 2.78846241821e-103 1.67511606625e-88 5.70983564531e-103
kept 1.5526665193e-103 1.42492312624e-103 2.78846241821e-103 2.18628224015e-103 0.00570983564531
kind 1.5526665193e-103 1.42492312624e-103 1.52529404188e-68 2.18628224015e-103 0.00570983564531
king 1.5526665193e-103 1.42492312624e-103 2.78846241821e-103 2.18628224015e-103 0.00570983564531
kingdom 4.22960505652e-56 3.53900029875e-57 0.00278846241821 6.04620361994e-21 5.70983564532e-103
kings 1.5526665193e-103 1.42492312624e-103 2.78846241821e-103 2.18628224015e-103 0.00570983564531
kiss 0.0015526665193 5.33610158026e-44 2.78846241821e-103 1.89448465502e-82 5.70983564531e-103
know 6.14553163145e-37 0.00284984625225 2.78846241821e-103 4.59117962427e-64 0.0114196712915
knows 0.0015526665193 1.42492312624e-103 3.2057265827e-23 2.34132340262e-17 5.70983564531e-103
knowst 4.71177943143e-84 0.00142492312624 1.40734938443e-73 1.59491545501e-81 5.70983564558e-103
laid 1.55468835325e-103 0.00142492312624 2.78846241821e-103 2.18628224015e-103 5.70983564541e-103
lap 0.0015526665193 1.42492312624e-103 2.26829893181e-58 1.29564859212e-21 5.70983564531e-103
largess 0.0015526665193 1.42492312624e-103 7.84452981254e-68 5.20340855551e-30 5.70983564531e-103
lascivious 3.16441447566e-19 0.00142492312624 2.78846241821e-103 1.00980389329e-43 5.70983564531e-103
latch 1.5526665193e-103 1.42492312624e-103 0.00278846241821 2.18628224015e-103 5.70983564531e-103
lays 1.5526665193e-103 1.42492312624e-103 0.00278846241821 2.18628224015e-103 1.33224541648e-26
least 5.76010494655e-44 1.57958002897e-63 0.00557692483642 1.63071269798e-48 5.70983564531e-103
leave 0.0015526665193 1.42492312624e-103 2.51079860808e-56 5.56063444459e-23 5.70983564531e-103
leaves 0.0015526665193 1.42492312624e-103 2.78846241821e-103 9.70198964586e-43 5.70983564531e-103
left 0.00205075880632 1.42492312624e-103 0.00189392929993 1.24734596297e-72 5.70983564531e-103
legions 8.07560795801e-87 0.00142492312624 2.78846241821e-103 2.18628224015e-103 5.70983564539e-103
lends 4.57647347424e-44 1.42492312624e-103 0.00278846241821 2.30388740846e-33 5.70983564531e-103
liberty 1.5526665193e-103 1.42492312624e-103 0.00278846241821 2.18628224015e-103 2.34033553738e-74
lie 1.5526665193e-103 1.42492312624e-103 4.17765838776e-50 2.18628224015e-103 0.0114196712906
lies 1.5526665193e-103 1.42492312624e-103 2.78846241821e-103 2.18628224015e-103 0.0114196712906
life 0.0015526665193 1.42492312624e-103 5.85717935371e-61 1.13324299462e-23 5.70983564531e-103
light 1.5526665193e-103 1.42492312624e-103 0.00278846241821 2.18628224015e-103 5.70983564531e-103
lights 1.5526665193e-103 0.00142492312624 2.78846241821e-103 2.18628224015e-103 5.70983564531e-103
like 0.00428959301035 1.4467096353e-35 9.38436215469e-77 0.00489131121829 5.70983564531e-103
liker 1.51628309144e-54 0.00142492312624 2.78846241821e-103 7.63166612599e-77 5.70983564531e-103
limit 3.92495799908e-90 0.00142492312624 2.78846241821e-103 2.18628224015e-103 5.70983564604e-103
limping 0.0015526665193 1.42492312624e-103 2.78846241821e-103 3.30753270564e-86 5.70983564531e-103
lines 9.70940751828e-79 0.00142492312624 1.24730355892e-20 2.13225903921e-46 5.70983564568e-103
linger 0.0015526665193 1.42492312624e-103 2.78846241821e-103 6.75214817123e-88 5.70983564531e-103
lip 1.08342509364e-43 0.00142492312624 2.78846241821e-103 3.87256962359e-37 5.70983564648e-103
live 1.5526665193e-103 1.42492312624e-103 2.78846241821e-103 2.18628224015e-103 0.00570983564531
lively 4.07792679682e-18 0.00142492312624 2.78846241821e-103 4.45083125888e-43 5.70983564531e-103
lives 0.00163561866785 0.00134879574578 1.33884945315e-43 1.47649792498e-32 5.70983564631e-103
living 4.00521239275e-87 0.00284984625248 2.78846260068e-103 2.18741824001e-103 5.70983564531e-103
loan 1.5526665193e-103 1.42492312624e-103 2.78846241821e-103 2.18628224015e-103 0.00570983564531
long 5.27429178324e-96 0.00142492312624 4.2696699918e-103 5.37681057299e-101 5.70983564564e-103
look 0.0015526665193 1.42492312624e-103 2.78846241821e-103 0.00218628224015 5.70983564531e-103
looking 1.5526665193e-103 1.42492312624e-103 2.78846241821e-103 0.00218628224015 5.70983564531e-103
looks 0.0015526665193 1.42492312624e-103 2.78846241821e-103 1.06563370558e-84 5.70983564531e-103
lords 1.5526665193e-103 0.00142492312624 2.78846241821e-103 2.18628224015e-103 5.70983564531e-103
lose 2.96582225718e-103 0.00140023168173 6.06007275992e-93 0.0022241667166 5.70983564534e-103
losing 1.55407640856e-103 0.00142492312624 2.05777910682e-74 1.55234031418e-93 5.70983564532e-103
loss 6.40688332777e-45 0.00284984625248 2.78846241821e-103 2.38520641191e-68 5.70983564566e-103
lost 1.5526665193e-103 1.42492312624e-103 1.09634481474e-88 2.18628224015e-103 0.00570983564531
love 0.0110904718058 0.00531695793063 0.0115044864271 1.73036182635e-14 0.00570983338663
loved 2.69601045012e-88 0.00142492312624 2.78846241821e-103 2.18628224015e-103 5.70983564612e-103
loves 2.111435254e-33 0.00284984625248 0.00278846241821 0.00218628224015 5.70983564531e-103
lusty 1.5526665193e-103 0.00142492312624 2.78846241821e-103 2.18628224015e-103 5.70983564531e-103
mad 1.5526665193e-103 1.42492312624e-103 2.78846241821e-103 2.18628224015e-103 0.00570983564531
madding 1.5526665193e-103 0.00142492312624 2.78846241821e-103 2.18628224015e-103 5.70983564531e-103
made 0.00156433588659 0.00141421383927 1.60146720476e-59 2.55802150682e-16 5.70983564565e-103
maiden 1.5526665193e-103 0.00284984625248 2.78846241821e-103 2.18628224015e-103 5.70983564531e-103
main 0.0015526665193 1.42492312624e-103 2.78846241821e-103 8.81678695133e-40 5.70983564531e-103
majesty 1.5526665193e-103 1.42492312624e-103 2.78846241821e-103 2.18628224015e-103 0.00570983564531
make 0.00444569009905 0.00279378137464 6.65009406586e-83 0.00257125266553 5.70983564569e-103
making 1.5526665193e-103 1.42492312624e-103 2.78846241821e-103 0.00218628224015 5.70983564531e-103
maladies 1.5526665193e-103 0.00142492312624 2.78846241821e-103 2.18628224015e-103 5.70983564531e-103
mansion 1.5526665193e-103 0.00142492312624 2.78846241821e-103 2.18628224015e-103 5.70983564531e-103
many 0.0046579995579 1.42492312624e-103 2.78846241821e-103 2.89062250257e-67 5.70983564531e-103
marigold 1.9107539952e-51 6.64045547751e-51 0.00278846241821 6.52064348262e-19 5.70983564533e-103
married 1.71855799889e-78 0.00142492312624 2.78846241821e-103 2.18628224015e-103 5.70983564627e-103
masked 1.5526665193e-103 0.00142492312624 2.78846241821e-103 2.18628224015e-103 5.70983564531e-103
masonry 1.5526665193e-103 1.42492312624e-103 0.00278846241821 2.18628224015e-103 4.90176964205e-16
master 1.5526665193e-103 0.00142492312624 2.78846241821e-103 2.18628224015e-103 5.70983564531e-103
maturity 0.0015526665193 1.42492312625e-103 2.78846241835e-103 2.18671850716e-103 5.70983564531e-103
may 0.00103312528921 1.42492312624e-103 2.78846241821e-103 0.00291783904919 5.70983564531e-103
me 0.00184004031147 7.38481526952e-21 0.0273203472828 5.18351588811e-39 0.00580848599993
means 0.0015526665193 1.42492312624e-103 2.78846241821e-103 4.32916287079e-85 5.70983564531e-103
melancholy 1.5526665193e-103 1.42492312624e-103 2.78846241821e-103 2.18628224015e-103 0.00570983564531
memory 1.5526665193e-103 1.42492312624e-103 0.00553181592235 2.18628224015e-103 0.00580220356958
men 1.5526665193e-103 0.00142492312624 2.78846241821e-103 2.18628224015e-103 0.00570983564531
mens 3.09862382976e-75 0.00427476937872 2.78846241821e-103 2.18635171275e-103 5.70983564532e-103
middle 1.5526665193e-103 0.00142492312624 2.78846241821e-103 2.18628224015e-103 5.70983564531e-103
might 1.70796944726e-35 1.42492312624e-103 0.00278846241821 2.18628224015e-103 0.00570983564531
mind 2.01580706589e-26 0.00216028165034 0.00134942365829 2.34817130549e-17 0.00570983564562
minds 1.56303953039e-72 0.00142492312624 1.42881240832e-31 2.43045709826e-48 5.70983564608e-103
mine 0.0046579995579 1.42493925116e-103 2.78846241821e-103 8.00395960504e-58 5.70983564531e-103
missed 1.5526665193e-103 1.42492312624e-103 1.18621641428e-55 2.18628224015e-103 0.00570983564531
mistress 5.36666081115e-31 1.42492312624e-103 0.00278846241821 2.18628224015e-103 5.70983564531e-103
moan 1.98390681585e-23 0.00142492312624 0.00278846241821 2.91786800567e-49 5.70983564531e-103
mock 2.30464683765e-57 1.42492312624e-103 0.00278846241821 4.340094869e-18 5.70983564531e-103
moods 3.05607667462e-63 1.26807039563e-23 0.00278846241821 8.76992027497e-29 5.70983564547e-103
moon 1.5107205448e-31 0.00142492312624 2.78846241821e-103 5.06806600654e-57 5.70983564564e-103
more 0.00157954923427 0.00425009840025 2.81846322e-103 7.13015943483e-96 0.00570983564533
mortal 0.0015526665193 1.42492312624e-103 2.78846241821e-103 9.77784801068e-88 5.70983564531e-103
most 0.000856429485336 1.7120072893e-98 3.95865405823e-06 0.00534981975679 0.00570983564531
motion 2.57024505482e-76 0.00142492312624 2.78846241821e-103 7.36005220734e-64 5.70983564588e-103
mouthed 0.0015526665193 1.42492312624e-103 2.78846241821e-103 6.08612024484e-85 5.70983564531e-103
much 1.74977532216e-33 1.42492312624e-103 0.00557692483642 0.00218628224015 5.70983564531e-103
must 0.0015526665193 2.47379479477e-72 2.78846241821e-103 0.00218628224015 5.70983564531e-103
my 0.0349008273207 0.0254617531305 7.76190901336e-11 0.00580052590921 5.7098356463e-103
naked 1.20694004758e-84 0.00142492312624 2.79077465398e-103 2.18668373891e-103 5.70983564561e-103
name 0.0016202041257 2.9038987725e-58 0.00545563280434 2.15666795799e-36 5.70983564531e-103
naming 1.5526665193e-103 1.42492312624e-103 2.78846241821e-103 0.00218628224015 5.70983564531e-103
nature 1.78153450408e-55 0.00284984625248 2.78846241821e-103 2.73019295038e-79 5.70983564556e-103
natures 1.55338771265e-103 0.00284984625248 2.78846241821e-103 2.18628224015e-103 5.70983564535e-103
needing 1.5526665193e-103 1.42492312624e-103 2.08728586383e-31 2.18628224015e-103 0.00570983564531
needs 3.41739787156e-25 0.00142492312624 2.78846241821e-103 1.75376602494e-49 5.70983564531e-103
neer 0.0015526665193 1.42492312624e-103 2.78846241821e-103 6.89303720393e-42 5.70983564531e-103
never 1.55293264741e-103 0.00569969250496 2.78846241821e-103 2.18628224021e-103 0.00570983564533
new 1.5526665193e-103 1.42492312624e-103 2.78846241821e-103 2.18628224015e-103 0.00570983564531
news 9.33375960917e-38 0.00142492312624 2.78846241821e-103 1.42746935885e-61 5.70983564531e-103
next 0.0015526665193 2.39775447942e-103 1.03205412837e-67 1.38998055796e-30 5.70983564531e-103
niggard 1.00669792386e-31 0.00142492312624 2.78846241821e-103 5.22904953612e-56 5.70983564531e-103
night 1.5526665193e-103 1.42492312624e-103 2.78846241821e-103 2.18628224015e-103 0.00570983564531
no 0.011475867674 9.51394741237e-17 0.00487557886881 0.00625374363672 5.70983564533e-103
nobler 0.0015526665193 1.42492312624e-103 2.78846241821e-103 1.67467674787e-84 5.70983564531e-103
none 1.5526665193e-103 1.42492312624e-103 0.00278846241821 2.18628224015e-103 5.70983564531e-103
nor 5.29853871194e-31 1.42492312624e-103 0.00278846241821 0.00655884672045 5.70983564531e-103
not 0.0091406245654 0.000412764249556 0.0097423041385 0.00946547634439 5.70983564621e-103
noted 0.0015526665193 1.42492312624e-103 2.78846241822e-103 2.18628224015e-103 5.70983564531e-103
now 1.60407860385e-08 0.00142492312624 0.0083653584466 6.70526457822e-14 5.70983564531e-103
number 9.59600292163e-87 0.00284984625248 2.78846241821e-103 2.1863165265e-103 5.70983564581e-103
numbers 0.00156044039148 0.00141778883815 1.27141943889e-59 7.16653024466e-24 5.70983564538e-103
object 0.0015526665193 1.42492312624e-103 2.23750157141e-60 1.8247420097e-24 5.70983564531e-103
objects 1.33100663534e-81 5.72837877591e-55 0.00278846241821 3.28798254274e-39 5.70983564532e-103
odour 1.25548841908e-63 0.00142492312624 2.78846241821e-103 3.662488435e-79 5.70983564562e-103
oer 0.0031053330386 1.4249321141e-103 2.78846241821e-103 2.9187986513e-50 5.70983564531e-103
oercharged 1.5526665193e-103 1.42492312624e-103 2.78846241821e-103 0.00218628224015 5.70983564531e-103
oerpressed 0.0015526665193 1.42492312624e-103 4.76930916356e-73 3.58166702715e-32 5.70983564531e-103
of 0.0438011658032 0.0058242357081 0.0262444436311 0.0596647650679 5.70983564657e-103
off 4.21932831538e-82 0.00142492312624 2.78846241821e-103 2.43413680701e-75 5.70983564606e-103
offend 1.55266651942e-103 0.00142492312624 2.78846241821e-103 2.18628224016e-103 5.70983564531e-103
oft 0.0015526665193 1.42492312624e-103 2.78846241821e-103 5.49156125683e-87 5.70983564531e-103
often 1.2987927847e-21 0.00142492312624 2.78846241821e-103 4.75787948575e-82 5.70983564531e-103
old 1.5526665193e-103 1.42492312624e-103 3.07446375497e-43 2.18628224015e-103 0.00570983564531
olives 8.55032185934e-60 1.42492312624e-103 0.00278846241821 1.19972466218e-20 5.70983564531e-103
on 0.00629807029831 0.00819625370273 2.78847831459e-103 0.0113503897487 5.70983564638e-103
once 0.0062106660772 1.42492312624e-103 2.78846241821e-103 2.22944506635e-84 5.70983564531e-103
one 3.45723605111e-09 1.42988044758e-103 0.013235293926 0.00492689423325 1.12398391407e-26
oppressed 2.22076185359e-58 1.42492312624e-103 0.00278846241821 3.68331397452e-18 5.70983564531e-103
or 0.00814514018867 9.80776759571e-05 8.80637090099e-12 0.0102433125423 5.70983564587e-103
ornaments 1.5526665193e-103 1.42492312624e-103 0.00278846241821 2.18628224015e-103 5.70983564531e-103
other 1.88652964076e-33 0.00142492312624 1.08308396108e-52 6.88102610334e-67 5.70983564597e-103
others 0.00154676438679 1.42492312624e-103 2.78846241821e-103 0.00219459292846 5.70983564531e-103
our 0.00162365801921 0.00278469547559 2.21234282432e-15 3.69042323855e-19 5.70983564583e-103
out 1.60229568442e-41 0.00569969250496 2.78846241821e-103 2.18628224015e-103 5.70983564542e-103
outstripped 1.55686294906e-103 0.00142492312624 3.42852322794e-72 6.52384273823e-87 5.70983564538e-103
overthrow 1.5526665193e-103 1.42492312624e-103 2.78846241821e-103 2.18628224015e-103 0.00570983564531
own 7.78747252081e-60 0.00569969729216 0.00557691546824 3.47195844795e-35 5.70983569209e-103
painted 0.0020513229995 1.42492312624e-103 0.00468137847321 6.28443468764e-21 5.70983564531e-103
part 7.7248046394e-60 0.00569969250484 2.78846241826e-103 2.18629515245e-103 0.00570983564581
parts 3.94190156092e-69 1.57470029758e-99 0.00278846241821 3.38587714604e-28 5.70983564531e-103
passed 1.5526665193e-103 0.00142492312624 2.78846241821e-103 2.18628224015e-103 5.70983564531e-103
past 0.00218812007816 1.42492312624e-103 1.18784750362e-59 0.00347779357302 5.70983564531e-103
patent 0.0015526665193 1.42492312624e-103 1.85163386798e-61 8.23092714678e-24 5.70983564531e-103
pay 0.0015526665193 1.42492312624e-103 2.78846241821e-103 6.08361489352e-85 5.70983564531e-103
paying 0.0015526665193 1.42492312624e-103 2.78846241821e-103 4.62633046304e-87 5.70983564531e-103
pays 7.80764200365e-49 0.00142492312624 2.78846241821e-103 4.26223118433e-74 5.70983564597e-103
peace 0.0015526665193 1.42492312624e-103 2.78846241821e-103 4.60723057879e-88 5.70983564531e-103
pen 0.0015526665193 1.42492312624e-103 2.78846241821e-103 8.45664194094e-88 0.0171295069359
perfect 0.0015526665193 1.42492312624e-103 2.78846241821e-103 1.45209291318e-87 5.70983564531e-103
perfumed 0.0015526665193 1.42492312624e-103 1.62610741847e-59 1.085663888e-22 5.70983564531e-103
perjured 9.03921882166e-36 1.42492312624e-103 0.00278846241821 2.18628224015e-103 5.70983564531e-103
perpetual 1.5526665193e-103 0.00142492312624 2.78846241821e-103 2.18628224015e-103 5.70983564531e-103
perusal 1.5526665193e-103 0.00142492312624 2.78846241821e-103 2.18628224015e-103 5.70983564531e-103
physic 0.0015526665193 1.42492312624e-103 2.78846241821e-103 3.79469878847e-87 5.70983564531e-103
physicians 0.0015526665193 1.42492312624e-103 2.78846241854e-103 2.18628224015e-103 5.70983564531e-103
pictured 4.72348202392e-32 1.42492312624e-103 0.00278846241821 2.18628224015e-103 5.70983564531e-103
pierced 2.16012171365e-57 1.42492312624e-103 0.00278846241821 5.04921647094e-19 5.70983564531e-103
pilgrimage 6.58782682118e-73 1.42492312624e-103 0.00557692483642 2.59722704707e-35 5.70983564531e-103
pipe 3.04145657287e-49 1.42492312624e-103 0.00278846241821 4.82644506911e-20 5.70983564531e-103
pitch 1.87704970847e-95 0.00142492312624 2.78846241821e-103 2.18628224015e-103 5.70983564581e-103
pitiful 1.5526665193e-103 1.42492312624e-103 2.78846241821e-103 0.00218628224015 5.70983564531e-103
pity 1.5526665193e-103 1.42492312624e-103 2.78846241821e-103 0.00218628224015 5.70983564531e-103
place 0.0015526665193 1.8026871247e-61 3.31298493739e-25 1.16241888172e-27 5.70983564531e-103
pleasure 1.5526665193e-103 1.42492312624e-103 2.78846241821e-103 2.18628224015e-103 0.00570983564531
plods 1.5526665193e-103 1.42492312624e-103 2.78846241821e-103 0.00218628224015 5.70983564531e-103
pluck 4.7998897257e-80 0.00142492312624 2.78846241821e-103 2.18628224015e-103 5.70983564632e-103
pointing 1.5526665193e-103 1.42492312624e-103 2.78846241821e-103 0.00218628224015 5.70983564531e-103
polished 0.0015526665193 1.68697178523e-89 2.78846241821e-103 2.24961214978e-84 5.70983564531e-103
pomp 1.5526665193e-103 0.00142492312624 2.78846241821e-103 2.18628224015e-103 5.70983564531e-103
poor 1.29841962317e-57 1.42492312624e-103 0.00278846241821 8.56869195852e-17 5.70983564531e-103
poorly 0.0015526665193 1.42492312624e-103 2.78846241821e-103 3.03553226427e-87 5.70983564531e-103
possessed 1.5526665193e-103 1.42492312624e-103 0.00278846241821 2.18628224015e-103 5.70983564531e-103
posterity 1.5526665193e-103 1.42492312624e-103 0.00278846241821 2.18628224015e-103 5.70983564531e-103
power 5.72380577662e-58 9.82360985038e-48 0.00278846241821 4.85728826255e-21 5.70983564533e-103
praise 1.5526665193e-103 1.42492312624e-103 0.00557692483628 2.18628224015e-103 2.78643285e-13
praises 3.92217817336e-35 0.00142492312624 2.78846241821e-103 3.9049963237e-59 5.70983564568e-103
precious 0.0015526665193 1.42492312624e-103 2.78846241821e-103 3.58580618501e-84 5.70983564531e-103
predict 3.71081873008e-94 0.00142492312624 2.78846241821e-103 2.18628224015e-103 5.70983564581e-103
presage 1.5526665193e-103 1.42492312624e-103 0.00278846241821 2.18628224015e-103 5.70983564531e-103
prescriptions 0.0015526665193 1.42492312624e-103 2.78866356459e-103 9.52333208844e-92 5.70983564531e-103
present 1.5526665193e-103 0.00142492312624 2.78846241821e-103 2.18628224015e-103 5.70983564531e-103
presentst 0.0015526665193 1.42492312624e-103 1.10358692929e-62 4.28517043231e-26 5.70983564531e-103
prevailed 1.5526665193e-103 1.42492312624e-103 1.65951787134e-97 2.18628224015e-103 0.00570983564531
prey 6.41044293645e-41 1.28862917041e-85 0.00278846241821 4.23060086909e-36 5.70983564531e-103
pride 1.5526665193e-103 1.42492312624e-103 2.78846241821e-103 2.18628224015e-103 0.00570983564531
prime 1.5526665193e-103 1.42492312624e-103 2.78846241821e-103 2.18628224015e-103 0.00570983564531
prizing 0.0015526665193 1.42492312624e-103 2.78846241821e-103 6.02362307396e-87 5.70983564531e-103
proceed 1.5526665193e-103 1.42492312624e-103 0.00278846241821 2.18628224015e-103 5.70983564531e-103
process 3.39558681459e-29 0.00142492312624 2.78846241821e-103 2.90513482305e-54 5.70983564531e-103
proclaims 1.5526665193e-103 0.00142492312624 2.78846241821e-103 2.18628224015e-103 5.70983564531e-103
profaned 1.35299296685e-82 0.00284984625248 9.47075358083e-55 1.19636824804e-73 5.70983564583e-103
progress 3.3198762236e-96 0.00142492312624 2.78846241821e-103 2.18628224015e-103 5.70983564584e-103
prone 1.5526665193e-103 1.42492312624e-103 2.78846241821e-103 2.18628224015e-103 0.00570983564531
proud 6.57013963955e-80 0.00142492312624 2.78846241843e-103 2.18628224023e-103 5.70983564635e-103
proudest 4.028452817e-55 2.68731198492e-62 0.00278846241821 5.28113436792e-18 5.70983564533e-103
proved 0.0015526665193 5.74634059497e-85 2.78846241821e-103 1.01722551406e-31 5.70983564552e-103
pry 1.5526665193e-103 1.42492312624e-103 2.78846241821e-103 2.18628224015e-103 0.00570983564531
purchased 1.5526665193e-103 0.00142492312624 2.78846241821e-103 2.18628224015e-103 5.70983564531e-103
pure 1.5526665193e-103 0.00142492312624 2.78846241821e-103 2.18628224015e-103 5.70983564531e-103
purity 6.68835902145e-80 0.00142492312624 2.84853939116e-103 2.20598440994e-103 5.70983564624e-103
purpose 0.0015526665193 1.42492312624e-103 2.78846241821e-103 1.25805947542e-87 5.70983564531e-103
purposed 1.70261733052e-32 1.42492312624e-103 0.00278846241821 2.18628224015e-103 5.70983564531e-103
rack 3.72932493897e-10 1.42492312624e-103 0.00278846174845 1.51243076828e-22 5.70983564531e-103
raiment 8.04800377494e-81 0.00142492312624 2.78846241821e-103 2.18628224015e-103 5.70983564539e-103
rain 2.78822122983e-31 1.31934174801e-67 0.00557692483642 2.54465763031e-19 5.70983564531e-103
rearward 4.20927111889e-56 1.16689183344e-62 0.00278846241821 2.71233285679e-20 5.70983564532e-103
reason 0.0015526665193 1.42492312624e-103 2.78846241821e-103 5.6431839774e-88 0.00570983564531
reasons 0.0015526665193 5.11207112986e-74 2.78846241821e-103 1.76038296648e-83 5.70983564531e-103
reckoned 1.5526665193e-103 0.00142492312624 2.78846241821e-103 2.18628224015e-103 5.70983564531e-103
record 0.00163665870531 1.42492312624e-103 0.00263761930335 9.52263674312e-21 5.70983564531e-103
reeks 1.5526665193e-103 1.42492312624e-103 2.78846241821e-103 2.18628224015e-103 0.00570983564531
refined 3.58775179843e-32 1.42492312624e-103 0.00278846241821 2.18628224015e-103 5.70983564531e-103
refuse 2.17536929797e-57 0.00142492312624 2.78846241821e-103 1.33480287184e-77 5.70983564543e-103
refusest 1.5526665193e-103 1.42492312624e-103 0.00278846241821 2.18628224015e-103 5.70983564557e-103
religious 1.00573373718e-72 0.00142492312624 1.86617316673e-55 2.30787325072e-68 5.70983564634e-103
removed 1.17710044113e-89 0.00284984625248 1.46082408082e-29 5.80114567679e-63 5.70983564547e-103
renewed 1.5526665193e-103 1.42492312624e-103 0.00278846241821 2.18628224015e-103 5.70983564531e-103
rent 1.5526665193e-103 1.42492312624e-103 2.78846241821e-103 2.18628224015e-103 0.00570983564531
rents 1.5526665193e-103 1.42492312624e-103 2.78846241823e-103 2.18628224015e-103 0.00570983564531
repair 3.53371041863e-91 0.00142492312624 2.78846254562e-103 2.18637104227e-103 5.70983564607e-103
report 1.5526665193e-103 1.42492312624e-103 2.78846241821e-103 2.18628224015e-103 0.00570983564531
resemble 1.5526665193e-103 1.42492312624e-103 0.00278846241821 2.18628224015e-103 5.70983564531e-103
resembling 1.5526665193e-103 1.42492312624e-103 2.78846241821e-103 0.00218628224015 5.70983564531e-103
rest 1.5526665193e-103 1.42492312624e-103 0.00557692483642 2.18628224015e-103 1.41379375368e-36
return 1.5526665193e-103 0.00142492312624 2.78846241821e-103 2.18628224015e-103 5.70983564531e-103
revenge 1.5526665193e-103 1.42492312624e-103 2.78846241821e-103 0.00218628224015 5.70983564531e-103
revenues 1.10227547067e-40 1.42492312624e-103 0.00278846241821 8.96012267539e-37 5.70983564531e-103
rich 1.5526665193e-103 0.00284984625248 2.78846241821e-103 2.18628224015e-103 5.70983564531e-103
riches 0.00165840555572 4.23364634354e-52 0.0025985637339 2.10455763065e-17 5.70983564531e-103
ride 1.5526665193e-103 1.42492312624e-103 0.00278846241821 2.18628224015e-103 5.70983564531e-103
rider 0.0015526665193 1.42492312624e-103 2.78846241821e-103 3.05598572221e-88 5.70983564531e-103
right 2.98315267808e-25 0.00142492312624 0.00557692483642 2.62593653203e-31 5.70983564531e-103
riper 1.5526665193e-103 0.00142492312624 2.78846241821e-103 2.18628224015e-103 5.70983564531e-103
rite 1.5526665193e-103 1.42492312624e-103 0.00278846241821 2.18628224015e-103 5.70983564531e-103
robbed 1.5526665193e-103 1.42492312624e-103 2.78846241821e-103 0.00218628224015 5.70983564531e-103
robs 0.0015526665193 3.88917181953e-57 2.78846241821e-103 1.49182202116e-80 5.70983564531e-103
rondure 7.68869393792e-33 1.42492312624e-103 0.00278846241821 2.18628224015e-103 5.70983564531e-103
root 0.0015526665193 1.42492312624e-103 1.69450315452e-65 2.67387034463e-28 5.70983564531e-103
rose 2.77694480928e-100 0.00142492312624 2.80478757185e-103 2.19211583217e-103 5.70983564559e-103
roses 1.6474086666e-13 1.42492312624e-103 0.00278912866198 0.00437204211444 1.24739210089e-54
rudely 0.0015526665193 1.42492312624e-103 2.78846241821e-103 2.18628224015e-103 5.70983564531e-103
sad 0.0015526665193 1.42492312624e-103 2.60996619137e-60 4.88356490614e-25 5.70983564531e-103
sail 0.0015526665193 1.42492312624e-103 2.78846241821e-103 1.03854271071e-41 5.70983564531e-103
sake 3.02483136603e-97 0.00142492312624 1.79575023307e-42 2.48232319501e-72 5.70983564541e-103
salutation 9.55059948942e-31 0.00142492312624 2.78846241821e-103 1.05489355905e-54 5.70983564531e-103
same 0.00310533201593 1.42492312624e-103 1.83663005649e-09 6.72215998399e-24 0.00570983564531
sauces 0.0015526665193 1.42492312624e-103 2.06963433126e-61 8.1158397554e-26 5.70983564531e-103
saw 2.51615482099e-57 1.42492312624e-103 0.00278846241821 1.80544361234e-17 5.70983564531e-103
say 1.14927550536e-47 0.00142492312623 0.00278846241823 1.26227116391e-17 5.70983564587e-103
says 0.0015526665193 2.95831194315e-17 2.78846241821e-103 1.53786508467e-64 5.70983564531e-103
scarcely 0.0015526665193 1.42492312624e-103 2.78846241821e-103 1.26982608388e-85 5.70983564531e-103
scarlet 1.5526665193e-103 0.00142492312624 2.78846241821e-103 2.18628224015e-103 5.70983564531e-103
scope 3.64936502651e-40 0.00142492312624 2.78846241821e-103 1.45214043956e-63 5.70983564531e-103
seals 0.0015526665193 1.42492312624e-103 2.78846241821e-103 2.47785502271e-86 5.70983564531e-103
seas 0.0015526665193 1.42492312624e-103 2.78846241821e-103 2.22514765263e-88 5.70983564531e-103
seasons 2.86653264439e-54 5.04522581717e-62 0.00278846241821 1.01297851332e-17 5.70983564533e-103
second 0.0015526665193 1.54722920963e-103 2.78846241821e-103 2.10404433571e-87 5.70983564531e-103
see 9.29076058515e-28 0.00284984625182 2.78846241821e-103 3.03254857261e-20 0.00570983564798
seeing 2.66051601711e-58 0.00142492312624 2.78846241821e-103 2.6059129832e-83 5.70983564531e-103
seem 8.4515670489e-59 0.00284984625248 2.78846264675e-103 7.60725850217e-37 5.7098356461e-103
seeming 7.53625843218e-73 0.00142492312624 2.78846241821e-103 2.18628224015e-103 5.70983564539e-103
seemly 0.0015526665193 1.42492312624e-103 8.23176699387e-60 6.27461094058e-24 5.70983564531e-103
seen 1.5526665193e-103 1.42492312624e-103 2.7885195935e-103 2.18628224015e-103 0.00570983564531
seldom 0.0015526665193 1.42492312624e-103 2.78846241821e-103 1.29702877574e-87 5.70983564531e-103
self 2.21239257549e-40 0.0199702150128 0.00553525954468 1.11001955031e-17 5.70983564547e-103
sense 3.1558415667e-61 1.42492312624e-103 0.00278846241821 2.69042249602e-20 5.70983564531e-103
sensual 0.0015526665193 1.42492312624e-103 1.25239974849e-62 2.96162968787e-26 5.70983564531e-103
separable 1.5526665193e-103 0.00142492312624 2.78846241821e-103 2.18628224015e-103 5.70983564531e-103
sepulchres 0.0015526665193 1.42492312624e-103 2.78846241821e-103 1.12722529857e-47 5.70983564531e-103
servant 4.99987082555e-57 1.42492465769e-103 0.00278846241821 1.37283109752e-17 5.70983564531e-103
set 0.0031053330386 1.4353861453e-103 2.78846241821e-103 3.00750456631e-52 0.00570983564531
settled 0.0015526665193 1.42492312624e-103 2.78846241821e-103 2.18628224015e-103 5.70983564531e-103
shade 1.5526665193e-103 0.00142492312624 2.78846241821e-103 2.18628224015e-103 5.70983564531e-103
shadow 1.5526665193e-103 0.00142492312624 6.28535505334e-53 2.18748536378e-103 5.70983564531e-103
shadows 5.122639269e-50 0.00142492312624 2.78846241821e-103 9.57708870031e-84 5.70983564626e-103
shake 1.5526665193e-103 0.00142492312624 2.78846241821e-103 2.18628224015e-103 5.70983564531e-103
shaken 1.5526665193e-103 1.42492312624e-103 0.00278846241821 2.18628224015e-103 5.70983564531e-103
shall 0.00205075237616 1.42492312624e-103 0.00189394084797 0.00218628224015 5.70983564531e-103
shalt 0.0015526665193 1.42492312624e-103 2.78846241821e-103 2.81207643081e-39 5.70983564531e-103
shame 8.68927613368e-70 1.42492312624e-103 0.00278846241821 1.79413335422e-28 5.70983564531e-103
shames 1.12200458704e-82 0.00142492312624 2.78846241821e-103 2.18692234913e-103 5.70983564567e-103
shape 1.10398517123e-42 0.00427476937872 2.78846241821e-103 2.18119698777e-75 5.70983564565e-103
share 4.92302949444e-33 1.42492312624e-103 0.00278846241821 2.18628224015e-103 5.70983564531e-103
she 5.56291933005e-36 0.00142492312624 2.78846241821e-103 3.01093007562e-60 5.70983564531e-103
shine 1.5526665193e-103 1.42492312624e-103 2.78846241821e-103 2.18628224015e-103 0.00570983564531
shines 3.13989087037e-34 1.42492312624e-103 0.00278846241821 2.18628224015e-103 5.70983564531e-103
shore 1.5526665193e-103 1.42492312624e-103 0.00278846241821 2.18628224015e-103 1.05340157921e-69
shorn 2.89847224292e-35 1.42492312624e-103 0.00278846241821 2.18628224015e-103 5.70983564531e-103
should 0.00502537915407 9.66677855726e-55 0.00212867863051 2.99569502063e-30 5.70983564531e-103
shouldst 1.60170045763e-34 9.46477017629e-50 0.00278846241821 2.18628224015e-103 5.70983564531e-103
show 1.5526665193e-103 0.00142492312624 2.78846241821e-103 2.18628224015e-103 0.0114196712906
showing 1.5526665193e-103 1.42492312624e-103 2.78846241821e-103 0.00218628224015 5.70983564531e-103
shown 1.5526665193e-103 1.42492312624e-103 0.00278846241821 2.18628224015e-103 5.70983564531e-103
side 1.5526665193e-103 1.42492312624e-103 1.09675417714e-18 2.18628224015e-103 0.00570983564531
sides 0.0015526665193 1.42492312624e-103 1.41892098481e-58 4.39827509339e-22 5.70983564531e-103
siege 3.96934375331e-84 0.00142492312624 2.78846241821e-103 2.18628224015e-103 5.70983564607e-103
sight 1.5526665193e-103 1.42492312624e-103 0.00557692176468 2.18628224015e-103 0.00570984193521
simple 7.24333784779e-66 0.00142492312624 2.78846241821e-103 9.21233640096e-55 5.70983564593e-103
since 2.74142986098e-67 1.42492312624e-103 1.07876281873e-18 0.0087451289606 5.70983564531e-103
single 1.5526665193e-103 0.00142492312624 2.78846241821e-103 2.18628224015e-103 5.70983564531e-103
singleness 0.0015526665193 1.42492312624e-103 2.78846241821e-103 7.55961177605e-85 5.70983564531e-103
sinks 1.5526665193e-103 1.42492312624e-103 2.78846241821e-103 0.00218628224015 5.70983564531e-103
sins 0.0031053330386 5.95417082345e-74 2.78846246618e-103 2.18635906673e-103 5.70983564532e-103
skill 2.64317518247e-61 1.42492312624e-103 0.00278846241821 2.12467010129e-21 5.70983564531e-103
sky 1.5526665193e-103 1.42492312624e-103 2.78846241821e-103 2.18628224015e-103 0.00570983564531
sleeping 3.36325599834e-86 0.00142492312624 2.78846241821e-103 4.62342746278e-99 5.70983564531e-103
slow 1.5526665193e-103 1.42492312624e-103 2.78846241821e-103 2.18628224015e-103 0.00570983564531
small 2.61651979578e-36 0.00142492312624 2.78846241821e-103 2.18628224015e-103 5.70983564531e-103
smiling 0.0015526665193 1.42492312624e-103 7.22756762419e-72 2.27410592425e-35 5.70983564531e-103
snowed 9.97960627407e-99 0.00142492312624 2.78846241821e-103 2.18628224015e-103 5.70983564568e-103
so 0.00893376743314 2.91932502094e-40 5.22063824094e-15 0.0114696248663 0.0228393425823
sober 5.27332292045e-33 7.02938223888e-83 0.00278846241821 2.18628224015e-103 5.70983564531e-103
some 0.00154803064699 1.42492312624e-103 2.78846242331e-103 0.00219280992988 5.70983564531e-103
soon 0.0015526665193 6.56589660921e-19 2.78846241821e-103 1.6688435753e-79 5.70983564531e-103
sooner 1.5526665193e-103 0.00142492312624 2.78846241821e-103 2.18628224015e-103 5.70983564531e-103
souls 1.5526665193e-103 0.00284984625248 2.78846241821e-103 2.18628224015e-103 5.70983564531e-103
sourly 2.51613447747e-22 0.00142492312624 2.78846241821e-103 8.97517426505e-47 5.70983564531e-103
sovereign 3.21585365633e-38 1.44833535762e-09 0.00557692200214 5.38600739453e-28 5.70983564611e-103
speaking 1.5526665193e-103 1.42492312624e-103 2.78846241821e-103 0.00218628224015 5.70983564531e-103
speed 1.78954179359e-45 0.00284984625248 2.78846241821e-103 1.23321173746e-34 5.70983564718e-103
spend 1.5526665193e-103 1.42492312624e-103 0.00278846241821 2.18628224015e-103 5.70983564531e-103
spent 1.5526665193e-103 1.42492312624e-103 0.00557692483642 2.18628224015e-103 5.70983564531e-103
spirit 0.00310533303746 1.04472460892e-12 2.78846241821e-103 6.61725092265e-61 5.70983564531e-103
spite 1.5526665193e-103 1.42492312624e-103 0.00278846241821 2.18628224015e-103 5.70983564531e-103
sport 1.5526665193e-103 1.42492312624e-103 2.78846241855e-103 2.18628224015e-103 0.00570983564531
sportive 3.5837483695e-26 1.42492312624e-103 0.00278846241821 2.18628224015e-103 5.70983564531e-103
spring 1.5526665193e-103 1.42492312624e-103 2.91947075096e-103 2.18628224015e-103 0.00570983564531
stain 1.5526665193e-103 1.42492312624e-103 2.78846241821e-103 2.18628224015e-103 0.00570983564531
stamp 9.37500216891e-84 0.00142492312624 2.78846241821e-103 2.18628224015e-103 5.70983564603e-103
stand 1.5526665193e-103 1.42492312624e-103 0.00557692483642 1.26361234716e-77 5.70983564531e-103
state 0.0015526665193 1.42492312624e-103 5.37083443105e-59 3.68604596986e-23 5.70983564531e-103
stays 1.5554964234e-103 0.00142492312624 2.78846241821e-103 2.18628224015e-103 5.70983564545e-103
steal 5.84930970553e-31 0.00427476937872 2.2879615342e-96 4.81532604545e-32 5.70983564648e-103
stealing 1.5526665193e-103 1.42492312624e-103 2.78846241821e-103 0.0043725644803 5.70983564531e-103
steals 0.0015526665193 1.42492312624e-103 2.78846241821e-103 1.78829425677e-83 5.70983564531e-103
steel 5.85593046752e-55 9.49641569544e-22 0.00278846241821 1.59817555557e-21 5.70983564568e-103
steeled 1.5526665193e-103 0.00142492312624 2.78846241821e-103 2.18628224015e-103 5.70983564531e-103
stewards 4.80715903175e-74 0.00142492312624 2.78846241821e-103 2.18634096809e-103 5.70983564539e-103
stickst 3.43238243099e-59 0.00142492312624 2.78846241821e-103 2.18688436748e-103 5.70983564537e-103
still 1.03539015683e-87 0.00427476937872 2.78846241821e-103 0.00218628224015 5.70983564583e-103
stoln 3.35808453824e-88 0.00142492312624 2.78846241821e-103 1.21496815845e-64 5.70983564559e-103
stop 1.5526665193e-103 0.00142492312624 2.78846241821e-103 2.18628224015e-103 5.70983564531e-103
stops 0.0015526665193 1.42492312624e-103 2.78846241821e-103 1.68727087772e-87 5.70983564531e-103
store 1.08521739575e-21 0.00142492312624 2.79067497785e-103 2.18978041578e-48 0.0114196712906
storm 0.0015526665193 1.42492312624e-103 3.37223052853e-69 1.1955787516e-31 5.70983564531e-103
story 1.5526665193e-103 1.42492312624e-103 0.00278846241821 2.18628224015e-103 0.00570983564531
strange 0.0015526665193 1.42492312624e-103 2.78846241821e-103 1.01745075628e-85 0.0114196712906
strangely 1.5527937445e-103 0.00142492312624 2.78846241821e-103 2.1862866254e-103 5.70983564532e-103
strangle 1.55325596771e-103 0.00142492312624 2.78846241821e-103 2.18628224015e-103 5.70983564534e-103
strength 2.62484531584e-87 0.00142492312624 2.78846241821e-103 5.27057513047e-99 5.70983564531e-103
strong 0.00311084278279 0.00141986668829 2.78846241821e-103 5.78968122439e-75 5.70983564534e-103
struck 1.36005486105e-96 0.00142492312624 2.78846241821e-103 2.18690311633e-103 5.70983564533e-103
strumpeted 1.5526665193e-103 1.42492312624e-103 2.78846241821e-103 2.18628224015e-103 0.00570983564531
subdued 1.5526665193e-103 1.42492312624e-103 2.78846241821e-103 2.18628224015e-103 0.00570983564531
subject 1.5526665193e-103 0.00142492312624 2.78846241821e-103 2.18628224015e-103 5.70983564531e-103
subsist 1.5526665193e-103 1.42492312624e-103 2.78846241821e-103 2.18628224015e-103 0.00570983564531
substantial 4.61085248914e-31 1.42492312624e-103 0.00278846241821 2.18628224015e-103 5.70983564531e-103
such 1.5526665193e-103 0.00427473812836 2.78846241821e-103 0.00437261242823 5.70983564531e-103
suffered 3.1227852201e-83 0.00142492312624 2.78846241821e-103 2.18628224015e-103 5.70983564615e-103
suffers 3.34617775686e-30 0.00142492312624 2.78846241821e-103 2.01521390553e-67 5.70983564531e-103
suffring 1.5526665193e-103 1.42492312624e-103 2.78846241821e-103 0.00218628224015 5.70983564531e-103
sum 8.89953548349e-91 0.00142492312624 2.78846241821e-103 2.18628224015e-103 5.70983564607e-103
summers 0.0015526665193 3.70809966061e-24 2.78846241821e-103 1.15550382905e-86 5.70983564531e-103
sums 4.65834579832e-38 0.00142492312624 2.78846241821e-103 2.25063477279e-27 5.70983564692e-103
sun 6.43689815388e-55 0.00284984624912 0.00278846242479 1.08522359864e-77 1.53461593349e-46
suns 3.57765116973e-33 1.42492312624e-103 0.00278846241821 2.18628224015e-103 5.70983564531e-103
sunset 0.0015526665193 1.42492312624e-103 7.27100784034e-75 9.46489113071e-37 5.70983564531e-103
suppressed 1.5526665193e-103 1.42492312624e-103 2.78846241821e-103 2.18628224015e-103 0.00570983564531
surmount 1.5526665193e-103 1.42492312624e-103 2.78846241821e-103 2.18628224015e-103 0.00570983564531
sway 1.5526665193e-103 0.00142492312624 2.78846241821e-103 2.18628224015e-103 5.70983564531e-103
swear 4.14010337534e-92 0.00142492312624 2.78846241821e-103 2.18731291044e-103 5.70983564531e-103
sweet 0.00638398691563 8.8211323383e-79 0.00526565474832 5.29087468711e-21 5.70983564531e-103
swerving 1.5526665193e-103 1.42492312624e-103 2.84984198782e-103 2.18628224015e-103 0.00570983564531
swift 0.0031053330386 1.42492312624e-103 2.65897445183e-72 7.37818402451e-35 5.70983564531e-103
taken 1.5526665193e-103 1.42492312624e-103 2.78846307586e-103 2.18628224015e-103 0.00570983564531
taker 2.23878325274e-33 1.42492312624e-103 0.00278846241821 2.18628224015e-103 5.70983564531e-103
taste 1.190418784e-79 0.00142492312624 2.78846241821e-103 2.18628224015e-103 5.709835646e-103
taught 3.38473372308e-26 0.00142492312624 2.78846241821e-103 3.15301250059e-51 5.70983564531e-103
teeming 0.0015526665193 1.42492312624e-103 2.78846241821e-103 4.51252076812e-86 5.70983564531e-103
tell 1.55721378773e-103 0.00142492312624 2.78846242363e-103 2.19761580611e-103 5.70983564536e-103
tempests 1.55674732684e-103 6.93598220784e-47 0.00278846241821 1.09220282709e-53 5.70983564531e-103
tempteth 1.5526665193e-103 1.42492312624e-103 2.78846241821e-103 0.00218628224015 5.70983564531e-103
ten 0.0031053330386 9.02200150531e-35 2.78846241821e-103 2.65969967145e-54 5.70983564531e-103
tender 0.0046579995579 1.42492312624e-103 2.26195006708e-81 4.44584518789e-43 5.70983564531e-103
tenure 2.12181542649e-35 0.00142492312624 2.78846241821e-103 1.16206512968e-96 5.70983564534e-103
th 0.00279294831644 1.42492312624e-103 8.11765445345e-81 0.00262614563751 5.70983564531e-103
than 0.00183000428492 2.65845173683e-16 8.91451061492e-14 0.019286025763 5.70983564601e-103
that 0.0163747176681 0.00460793786973 7.33799614681e-08 0.0660693785131 5.70983564578e-103
the 0.00223887750378 0.0831983949629 1.21671661835e-28 0.0309797399187 5.70983564579e-103
thee 0.00377262703589 0.015565988367 0.00459019169166 9.31541648243e-26 0.0342590137662
their 0.0201846647508 5.71683233719e-14 1.69896730598e-67 2.21429130718e-16 5.70983564718e-103
them 0.00396667025825 8.93138749298e-24 0.00124157103069 2.7479253035e-32 5.7098356454e-103
then 3.11139743831e-43 0.0029712309025 1.79536300703e-08 0.00637259024278 5.70983564712e-103
thence 1.25290866994e-80 0.00142492312624 2.78846241821e-103 2.18628224015e-103 5.7098356463e-103
there 1.55684710559e-103 0.00284984625247 2.82320597881e-103 2.18953653405e-103 0.00570983564534
therefore 5.01181121012e-67 0.00134459485753 2.78846241821e-103 0.00230953118182 5.70983564559e-103
these 7.02128628241e-09 0.00284983980886 2.78846241821e-103 2.02753168821e-36 5.70983564581e-103
they 0.00308967941113 0.00282801016183 0.00285930656721 4.45600302598e-22 5.70983564579e-103
thief 1.5526665193e-103 1.42492312624e-103 0.00278846241821 2.18628224015e-103 5.70983564531e-103
thievish 0.0015526665193 1.42492312624e-103 2.78846241821e-103 8.32090922116e-87 5.70983564531e-103
thine 7.48329328411e-11 0.00305989389389 0.0135312652529 5.46765064809e-24 8.07814627984e-18
thing 1.5526665193e-103 0.00142492312624 2.78846241821e-103 2.18628224015e-103 5.70983564531e-103
things 0.0015526665193 0.00142492312624 2.78846241821e-103 4.30324087047e-85 0.00570983564531
think 0.00191130428666 0.00121555714484 0.00255409099073 3.39217219046e-22 5.70983564531e-103
thinking 0.0015526665193 4.22002268768e-69 2.78846241821e-103 3.93680955169e-86 5.70983564531e-103
this 0.00929837631608 1.61729093519e-05 2.78846241996e-103 7.26221308878e-26 5.70983564835e-103
those 1.05744751752e-62 0.00427476937872 2.78846241821e-103 1.8816452549e-88 5.70983564533e-103
thou 0.00701129451399 0.0160499232515 4.30306406957e-08 0.00485491410419 5.70983564532e-103
though 0.00153078854117 2.39528885527e-21 2.78846241821e-103 0.00658965271416 5.70983564531e-103
thought 7.98404677177e-57 1.42492351603e-103 0.00557692483642 1.42255268695e-18 5.70983564531e-103
thoughts 3.28967000949e-75 0.00142492312624 2.91926383735e-103 2.19922253398e-103 5.70983564539e-103
three 1.5741342196e-103 0.00142492312624 2.78846241821e-103 2.18628224015e-103 5.70983564635e-103
threescore 1.90149792356e-31 0.00142492312624 2.78846241821e-103 2.02656200762e-56 5.70983564531e-103
thrice 0.0015526665193 1.42492312624e-103 2.78846241821e-103 1.19831144562e-88 5.70983564531e-103
thriftless 1.5526665194e-103 0.00142492312624 2.78846241821e-103 2.18628224015e-103 5.70983564531e-103
thrivers 0.0015526665193 9.39762638235e-23 2.78846241821e-103 1.35643649549e-77 5.70983564531e-103
thunder 1.5526665193e-103 0.00142492312624 2.78846241821e-103 2.18628224015e-103 5.70983564531e-103
thus 8.86389464058e-85 0.00427476937872 2.78846241821e-103 2.18628224015e-103 5.70983564563e-103
thy 0.0456750127644 7.24471808422e-11 1.21374242953e-05 0.0165687495544 5.70983564609e-103
tied 1.5526665193e-103 1.42492312624e-103 2.78846241823e-103 2.18628224015e-103 0.00570983564531
till 0.00310533303859 1.42492312624e-103 1.43226807055e-14 6.65305516288e-30 5.70983564531e-103
tillage 1.12078337157e-36 2.941787158e-31 0.00278846241821 1.16145772164e-35 5.70983564532e-103
time 0.00622884098782 0.000202718108568 0.00793609315347 1.79422558552e-21 0.0114195690291
times 8.82219416982e-76 0.00142492312624 2.78846241821e-103 0.00218628224015 5.70983564635e-103
tincture 3.60138171324e-75 0.00142492312624 2.78846241821e-103 2.18628224015e-103 5.70983564607e-103
tires 0.0015526665193 1.42492312624e-103 2.78846241821e-103 3.72063261863e-40 5.70983564531e-103
to 0.0468886616652 2.93679412602e-09 0.0193216783939 0.0500047547036 5.70983564569e-103
toil 0.0015526665193 1.42492312624e-103 5.04049679215e-17 3.09328383446e-23 5.70983564531e-103
told 1.5526665193e-103 1.42492312624e-103 2.78846241821e-103 2.18628224015e-103 0.00570983564531
tongue 4.99553277476e-79 0.0010811617544 0.00346117636927 6.5403472642e-93 1.64533740193e-47
tongues 4.96470701218e-72 0.00142492312624 2.78846241821e-103 6.01413067674e-65 5.70983564536e-103
too 3.80715285023e-33 0.00142492312624 0.00278846241821 2.18628224015e-103 5.70983564531e-103
torment 1.5526665193e-103 1.42492312624e-103 2.78846241821e-103 0.00218628224015 5.70983564531e-103
torture 9.24912653434e-70 0.00142492312624 2.78846241822e-103 2.18628224015e-103 5.70983564531e-103
touched 1.5526665193e-103 0.00142492312624 2.78846241821e-103 2.18628224015e-103 5.70983564531e-103
touches 8.769519772e-41 1.42492312624e-103 0.00557692483642 4.63842493177e-28 5.70983564531e-103
translated 2.54536665753e-99 0.00142492312624 2.78846241821e-103 2.18628224015e-103 5.70983564568e-103
transport 1.5526665193e-103 0.00142492312624 2.78846241821e-103 2.18628224015e-103 5.70983564531e-103
travail 2.56473733073e-36 9.98790070391e-32 0.00278846241821 4.98425503458e-36 5.70983564532e-103
travels 0.0015526665193 1.42492312624e-103 2.78846241824e-103 9.41887772014e-83 5.70983564531e-103
treason 1.5526665193e-103 1.42492312624e-103 0.00278846241821 2.18628224015e-103 5.70983564531e-103
treasure 2.97417108979e-39 1.23988754931e-72 0.00557692483642 6.49793953371e-35 0.00570983564531
trespass 3.45130833589e-78 0.00142492312624 2.78846242198e-103 2.18632292187e-103 5.70983564634e-103
triumph 1.5526665193e-103 1.42492312624e-103 2.78846241821e-103 0.00218628224015 5.70983564531e-103
true 0.00683483011432 0.00227703440904 7.47711454104e-74 2.47922719236e-33 0.00570983564559
truth 0.00124171546109 0.0010389372222 0.00225049038413 0.00363814595134 5.70983564654e-103
truths 0.0015526665193 1.42492312624e-103 2.78846241821e-103 1.0505406801e-85 5.70983564531e-103
twenty 0.0015526665193 1.42492312624e-103 3.99006999948e-59 5.67219863376e-25 5.70983564531e-103
twixt 0.0015526665193 1.42492312624e-103 3.90550261617e-68 7.67659899097e-32 5.70983564531e-103
ugly 1.55266661737e-103 0.00142492312624 2.78846241821e-103 2.18628225023e-103 5.70983564531e-103
under 1.5526665193e-103 1.42492312624e-103 2.78846241821e-103 0.00218628224015 5.70983564531e-103
unions 0.0015526665193 1.42492312624e-103 2.78846241821e-103 4.90555776025e-87 5.70983564531e-103
unknown 1.5526665193e-103 0.00142492312624 2.78846241821e-103 2.18628224015e-103 5.70983564531e-103
unlettered 2.23714452864e-67 0.00142492312624 2.78846241821e-103 2.18643742847e-103 5.70983564634e-103
unseeing 6.25219183192e-103 0.00142492312624 2.78846241996e-103 2.1862834617e-103 5.70983564532e-103
unseen 1.13940582938e-30 0.00142492312624 2.78846241821e-103 4.6500902926e-55 5.70983564531e-103
unset 1.5526665193e-103 1.42492312624e-103 2.78860702741e-103 2.18628224015e-103 0.00570983564531
unstained 1.18347528955e-31 1.42492312624e-103 0.00278846241821 2.18628224015e-103 5.70983564531e-103
untrimmed 1.5526665193e-103 1.42492312624e-103 2.78846241821e-103 2.18628224015e-103 0.00570983564531
up 1.33455273987e-36 0.00284984625248 2.78846241821e-103 3.40411472006e-62 5.70983564581e-103
upon 2.68235450526e-05 0.00160693211751 0.00599866949892 0.0080974327782 5.70983564538e-103
us 1.11892475933e-41 0.00142492312624 2.78846241821e-103 7.96739736252e-43 5.70983564562e-103
usest 1.5526665193e-103 1.42492312624e-103 0.00278846241821 2.18628224015e-103 5.30814832574e-16
vanished 1.70850213949e-60 0.00142492312624 2.78846241821e-103 2.18628224015e-103 5.70983564531e-103
verse 0.0015526665193 1.42492312624e-103 5.53967078963e-72 2.18628224015e-103 5.70983564531e-103
very 0.00408743295881 1.42492313771e-103 0.00102469107104 2.06819686669e-36 5.70983564531e-103
virgin 0.0015526665193 1.42492312624e-103 2.78846241821e-103 2.78693307343e-83 5.70983564531e-103
virtue 8.82283645834e-57 1.42492312624e-103 0.00278846241821 5.13118456842e-19 5.70983564531e-103
vision 6.38309858637e-58 1.42492395102e-103 0.00278846241821 5.90545713964e-18 5.70983564533e-103
vouchsafe 1.55476519325e-103 0.00142492312624 2.78846241821e-103 2.18628224015e-103 5.70983564541e-103
vows 1.55325596771e-103 0.00142492312624 2.78846241821e-103 2.18628224015e-103 5.70983564534e-103
vulgar 1.5526665193e-103 0.00142492312624 2.78846241821e-103 2.18628224015e-103 5.70983564531e-103
wanting 0.0015526665193 1.42492312624e-103 2.78846249747e-103 2.81843393698e-69 5.70983564531e-103
warmed 1.5526665193e-103 1.42492312624e-103 2.78846241821e-103 2.18628224015e-103 0.00570983564531
was 0.00330247359853 1.42492312624e-103 0.00372478491031 0.00336085463276 5.70983564531e-103
watch 0.0015526665193 5.626745523e-102 2.78846314323e-103 2.40526791919e-35 5.70983564532e-103
water 0.0015526665193 3.40409370754e-88 2.78846241821e-103 1.04245717892e-39 5.70983564531e-103
we 1.5526665193e-103 0.00142492312624 2.78846241821e-103 2.18628224015e-103 5.70983564531e-103
wear 7.49602955356e-20 0.00142492312624 2.78846241821e-103 8.89817865558e-46 5.70983564531e-103
weed 1.5526665193e-103 1.42492312624e-103 2.78846241821e-103 2.18628224015e-103 0.00570983564531
weigh 1.5526665193e-103 0.00142492312624 2.78846241821e-103 2.18671061839e-103 5.70983564531e-103
weight 0.0015526665193 3.93853747179e-49 2.78846241821e-103 4.99746188337e-81 5.70983564537e-103
well 1.5526665193e-103 0.00427476937872 2.78846241821e-103 2.18628224015e-103 5.70983564531e-103
were 1.5526665193e-103 0.00284984625248 2.78846241821e-103 0.00218628224015 0.00570983564531
west 5.17741504903e-62 0.00142492312612 0.00274665808384 1.22708696443e-56 0.00579543689935
what 1.87458837644e-55 0.0069930425597 2.78846241821e-103 0.0045744391388 5.70983564608e-103
whateer 4.88825933187e-79 0.00142492312624 2.78846241821e-103 2.18631232096e-103 5.70983564619e-103
when 2.04569215378e-25 1.42492312624e-103 1.24651533768e-91 0.0240491046416 5.70983564531e-103
where 0.000418576945353 0.00705674573604 4.82670748007e-64 0.00388730755387 0.00570983564583
wherein 1.5526665193e-103 1.42492312624e-103 2.78846241821e-103 0.00218628224015 5.70983564531e-103
whereof 0.0015526665193 1.42492312624e-103 2.78846241821e-103 1.02102813166e-40 5.70983564531e-103
whereto 1.5526665193e-103 1.42492312624e-103 2.78846241821e-103 0.0043725644803 5.70983564531e-103
whereupon 4.31603579641e-100 0.00142492312624 2.78846241821e-103 2.18628224015e-103 5.70983564564e-103
wherewith 1.56895522034e-103 0.00142492312624 2.78846241821e-103 2.18628224015e-103 5.7098356461e-103
which 3.4774159128e-05 1.01652716457e-08 1.20936244027e-09 0.0283726876991 5.70983564537e-103
whilst 1.5526665193e-103 1.42492312624e-103 2.78846241821e-103 0.0043725644803 5.70983564531e-103
white 2.8911172557e-86 0.00142492312624 2.78846241821e-103 2.18742029007e-103 5.70983564565e-103
whom 8.5442928279e-19 0.00142492312624 2.78846241821e-103 5.46622103892e-45 5.70983564531e-103
whose 2.80034732463e-58 1.42492312624e-103 7.90458444121e-05 0.00431058891819 5.70983564531e-103
widowed 0.0015526665193 1.42492312624e-103 2.78846241821e-103 3.89003021416e-89 5.70983564531e-103
wilful 0.0015526665193 1.42492312624e-103 2.78846241821e-103 6.63998346677e-87 5.70983564531e-103
wilfully 2.39893281641e-35 1.42492312624e-103 0.00278846241821 2.18628224015e-103 5.70983564531e-103
will 0.0016262788372 0.0015851165919 0.000450799125925 0.0146010889342 5.7098356454e-103
willing 3.03337452199e-32 1.42492312624e-103 0.00278846241821 2.18628224015e-103 5.70983564531e-103
willingly 5.98919431469e-33 1.42492312624e-103 0.00278846241821 2.18628224015e-103 5.70983564531e-103
wills 7.40156711033e-95 0.00284984625248 2.78846241821e-103 2.18645507226e-103 5.70983564533e-103
wilt 2.24508650837e-52 0.00142492312624 2.78846241822e-103 9.80796113093e-74 5.70983564619e-103
win 1.5526665193e-103 0.00142492312624 2.78846241821e-103 2.18628224015e-103 5.70983564531e-103
wind 1.5526665193e-103 1.42492312624e-103 2.78846241821e-103 2.18628224015e-103 0.00570983564531
windows 1.5526665193e-103 0.00142492312624 2.78846241821e-103 2.18628224015e-103 5.70983564531e-103
winged 0.0015526665193 1.42492312624e-103 2.78846241821e-103 4.70948656848e-87 5.70983564531e-103
wink 5.93137840233e-58 3.54764550733e-62 0.00278846241821 8.1899652185e-18 5.70983564538e-103
winter 3.15428153162e-69 1.42492312624e-103 0.00278846241821 9.46092986262e-29 5.70983564531e-103
wish 0.0015526665193 1.42492312624e-103 2.78846241821e-103 6.89941776022e-84 5.70983564531e-103
with 0.0304829024064 1.57278546994e-63 0.00011355167182 0.0138318732701 5.70983564572e-103
without 1.5526665193e-103 1.42492312624e-103 2.78846241821e-103 0.0043725644803 5.70983564531e-103
woe 1.5526665193e-103 1.42492312624e-103 0.00278846241821 2.18628224015e-103 0.00570983564531
wombs 5.88330797243e-87 0.00142492312624 2.78846241821e-103 2.18628224015e-103 5.70983564531e-103
womens 0.0015526665193 1.42492312624e-103 2.78846241821e-103 1.91278721554e-87 5.70983564531e-103
wondrous 1.54527985794e-31 1.42492312624e-103 0.00278846241821 2.18628224015e-103 5.70983564531e-103
wont 4.54553272906e-81 0.00142492312624 2.78846241821e-103 2.18637189421e-103 5.70983564612e-103
woods 0.0015526665193 1.42492312624e-103 3.17880166212e-60 8.15666098459e-24 5.70983564531e-103
wooed 8.36068547872e-75 0.00142492312624 2.78846241821e-103 2.18628224015e-103 5.70983564575e-103
wooing 1.5526665193e-103 1.42492312624e-103 2.78846241821e-103 0.00218628224015 5.70983564531e-103
words 1.69383741621e-83 0.00142492312624 2.78846241821e-103 2.18628224015e-103 5.70983564612e-103
work 0.0015526665193 1.42492312624e-103 2.78846241821e-103 7.8565035922e-85 5.70983564531e-103
world 2.00651156614e-49 2.43874729513e-77 0.0111538496728 1.81880499946e-25 5.70983564532e-103
worse 1.5526665193e-103 0.00142492312624 2.78846241821e-103 2.18628224015e-103 5.70983564531e-103
worst 2.71854176969e-64 0.00142492312624 2.78846241821e-103 8.42179342716e-96 5.70983564623e-103
worth 0.0062106660772 8.45656604993e-21 4.75540266559e-21 7.54417000512e-37 5.70983564531e-103
worthier 0.0015526665193 1.42492312624e-103 1.69592760896e-67 2.18628224015e-103 5.70983564531e-103
worths 0.00310512064924 1.42492312624e-103 3.81433955388e-07 5.70527756596e-85 5.70983564531e-103
worthy 0.00154676438679 1.42492312624e-103 2.78846241821e-103 0.00219459292846 5.70983564531e-103
would 8.32944697495e-40 0.00569969250496 2.78846241821e-103 2.85390490695e-35 5.70983564601e-103
wound 1.24629589314e-67 1.90979223872e-100 0.00278846241821 6.93777871541e-29 5.70983564531e-103
wrackful 0.0015526665193 1.42492312624e-103 1.0962831447e-60 7.99737815932e-25 5.70983564531e-103
wrinkles 0.0015526665193 1.42492312624e-103 2.78846241821e-103 2.18628224015e-103 5.70983564531e-103
writ 0.00174756164887 0.00124606271168 2.78846241821e-103 1.22758039594e-58 5.7098356457e-103
wrong 1.5526665193e-103 1.42492312624e-103 2.78846536189e-103 2.18628224015e-103 0.00570983564531
year 0.0020500182918 1.42492312624e-103 0.00189525920361 7.62071616e-22 5.70983564531e-103
yet 0.00582287126309 1.97755102914e-06 3.22050727895e-47 0.00272929506502 5.70983564533e-103
yhave 0.0015526665193 1.42492312624e-103 1.25715042646e-59 2.18571258705e-22 5.70983564531e-103
you 0.0166081475609 1.47503199014e-23 0.00921159555612 8.31026295982e-27 0.00570983564531
your 5.36136243766e-08 0.0227987208172 4.31134631282e-47 9.88921713551e-54 5.70983564542e-103
yours 1.09562294766e-58 0.00142492312624 2.78846241821e-103 3.62536884206e-91 5.70983564633e-103
youth 6.08888967374e-31 0.00142492312624 2.43087156192e-38 2.71272235748e-55 5.7098356455e-103
zealous 1.5526665193e-103 0.00142492312624 2.78846241821e-103 2.18628224015e-103 5.70983564531e-103
