1.032672523425534643e-31 1.314922618527331243e-44 3.974710476396294268e-01 3.661663017575785342e-03 1.455311606126392002e-23 3.255040949055125477e-02 5.663168798522435488e-01 2.663364138841993463e-47 1.895673372835518952e-38 9.968720916024113326e-33 5.920459026039208672e-103 7.806489146344358291e-26
1.381117847206968785e-01 2.682233123094871416e-50 4.748794871770031078e-47 1.874677986702177821e-38 6.536267109726759950e-01 3.587255176337169337e-49 1.780599010699866682e-56 8.767806110149528866e-48 2.082615043066270433e-01 1.837702111513068619e-47 3.746902689144375195e-103 3.747766761790542471e-103
2.388329420666285943e-21 1.633583250386231260e-73 1.551206528518953174e-13 2.538915833066971635e-26 6.209722316712464557e-45 1.958403173031082130e-35 2.558904776495479760e-01 3.382423726076586644e-12 4.984414579509546632e-03 5.995196770501413051e-03 4.598119732832671269e-103 7.331299109969034999e-01
1.534276689888953715e-01 5.139037691103051634e-60 1.989800663419011295e-01 1.713020434007591710e-28 2.757048674277325384e-55 2.317488546786568749e-66 1.035260660588308263e-60 6.475922646692034990e-01 6.247427386697499868e-26 7.635731554095588182e-40 3.246733883843654350e-103 1.474377395322650923e-33
4.778226720535092394e-23 2.259943495367487757e-48 6.083923187145629002e-31 1.906594133790894263e-01 1.718773377829220794e-01 1.853223485731565465e-41 6.221015368750240011e-31 1.702807234833893434e-29 6.374632488379885498e-01 4.905417741942255485e-51 4.036062474913622152e-103 5.740692477859139313e-75
4.997732888579094009e-29 2.370512687774862505e-44 1.281077561458087218e-30 2.866894987469685921e-02 6.412744705061869627e-05 9.900199126371173253e-25 1.910389202849521331e-62 1.967811192662837203e-23 3.982368149933661616e-01 5.730301076848863806e-01 6.455300396858341618e-103 6.477865161875833844e-103
2.816941402463342681e-01 3.801997933303484259e-86 3.227885340981375374e-53 1.438608942957248782e-01 2.030752026378145336e-01 1.846575602704934306e-39 7.911925907746385538e-25 3.713697628201262924e-01 4.942287458993532784e-18 5.775717235687776186e-101 6.609152475224182297e-103 1.478369414641458038e-64
2.950545741648578254e-52 1.175034480525901785e-67 1.145060038817430853e-18 3.760148873125521152e-01 4.999117215799989599e-61 1.727754609824421411e-80 1.289203501256158907e-33 1.346906523208710738e-01 5.046646479196587169e-31 1.278435708061706405e-47 3.384744443871220241e-103 4.892944603665766445e-01
1.526159742108170458e-01 1.214843484080148535e-02 2.914049058928981258e-25 4.446088215089664120e-01 1.144137201562561557e-23 3.906267693551773168e-01 1.869774636575183666e-27 7.572213755249271319e-17 8.423757008532964260e-11 8.804492455891516564e-33 3.619259211511552193e-103 2.872250183419796367e-65
5.646806359146688940e-09 4.055873948157626835e-03 3.562364824193597346e-01 2.726332832869634725e-30 2.426466607179710975e-50 3.834037586566229525e-45 4.999575380099239987e-36 2.167283292441283847e-19 9.077521223035426362e-33 6.397076379856763140e-01 4.000014393802797202e-103 4.184936415312869559e-31
2.324989486762424513e-56 8.635412138086774325e-01 3.316390155828985815e-103 1.471469272264881260e-76 1.103565523999117045e-56 1.364587861913225120e-01 1.405382978054033951e-42 2.733480003910781660e-66 7.462599450624417601e-75 4.409031883134330428e-55 3.289473684210526616e-103 3.289473684210526616e-103
0.000000000000000000e+00 0.000000000000000000e+00 0.000000000000000000e+00 0.000000000000000000e+00 0.000000000000000000e+00 0.000000000000000000e+00 0.000000000000000000e+00 0.000000000000000000e+00 0.000000000000000000e+00 0.000000000000000000e+00 0.000000000000000000e+00 0.000000000000000000e+00
