 0 1 2 3 4
abide 1.44262583692e-103 3.31095350954e-103 2.74326477838e-103 0.0032696473373 1.4463005323e-103
about 1.44262583692e-103 3.31095350954e-103 2.74326477838e-103 0.0032696473373 1.4463005323e-103
absence 1.44262583692e-103 3.31095350954e-103 0.00274326477838 3.2696473373e-103 2.74112598975e-29
absent 1.44262583692e-103 0.00662190701908 2.74326477838e-103 3.2696473373e-103 2.90158329308e-45
abundance 0.00144262583692 3.31095350954e-103 2.74326477838e-103 3.2696473373e-103 1.4463005323e-103
action 0.00273880963411 3.72593513116e-39 0.0030217356607 3.26964740825e-103 1.06107438111e-37
active 1.44262583692e-103 3.31095350954e-103 0.00274326477838 3.2696473373e-103 3.54618449873e-30
added 2.58144538386e-52 1.64953036194e-52 1.07687043396e-42 1.77061241431e-97 0.0014463005323
addition 1.44262583692e-103 3.31095350954e-103 0.00274326477838 3.2696473373e-103 1.42518939365e-73
admit 0.00144262583692 3.31095350954e-103 2.74326477838e-103 3.2696473373e-103 1.4463005323e-103
advantage 1.44262583692e-103 3.31095350954e-103 0.00274326477838 3.2696473373e-103 2.79153109221e-71
advised 1.44262583692e-103 3.31095350954e-103 0.00274326477838 3.2696473373e-103 2.57404084842e-74
affections 1.44262583692e-103 3.31095350954e-103 0.00274326477838 3.2696473373e-103 1.87567094891e-60
after 0.00144258703214 1.49094223732e-56 0.00274333856867 3.2696473373e-103 4.0075140908e-26
afterwards 1.44262583692e-103 3.31095471941e-103 9.55248962122e-42 8.0932111765e-47 0.0014463005323
against 0.00288525167384 3.06831995761e-47 2.74805170732e-103 3.26979932105e-103 3.96771980124e-16
age 1.44262583692e-103 3.31095350954e-103 2.74326477838e-103 0.0032696473373 1.4463005323e-103
air 1.44262583692e-103 3.31095350954e-103 2.74326477838e-103 0.0032696473373 1.4463005323e-103
alchemy 1.44262583692e-103 3.31095350954e-103 2.74326477838e-103 0.0065392946746 1.4463005323e-103
all 0.01370587661 0.0102397134474 6.36584644665e-05 3.7541450024e-94 0.0121250186575
allow 1.44262583692e-103 3.31095350954e-103 2.74326477838e-103 0.0032696473373 1.4463005323e-103
alone 0.0029470278008 2.60364255053e-59 2.40103081033e-59 0.00327231550524 0.00138318680626
although 0.00288525167384 3.31095350954e-103 2.74326477838e-103 3.2696473373e-103 4.78628816306e-39
am 0.00247776298026 2.26190386404e-42 0.00272528620385 3.2696473373e-103 0.00331060636533
among 0.00144262583692 3.31095350954e-103 2.74326477838e-103 3.2696473373e-103 1.4463005323e-103
an 1.44262598395e-103 3.31095379393e-103 6.51369981133e-52 3.27364656193e-103 0.00433890159691
and 0.0755873681091 0.00972597018824 1.74817708421e-41 3.04096533754e-98 0.0298904070215
annoy 1.44262583692e-103 3.31095350954e-103 2.74326477838e-103 0.0032696473373 1.4463005323e-103
another 1.44262583692e-103 3.31095350954e-103 2.74326477838e-103 0.0032696473373 1.4463005323e-103
appear 1.44262583692e-103 3.31095350954e-103 2.74326477838e-103 0.0032696473373 1.4463005323e-103
appetite 4.65637404516e-31 3.61988216192e-76 2.74326487336e-103 0.0032696473373 0.0014463005323
april 1.44262583692e-103 0.00331095350954 2.74326477838e-103 3.2696473373e-103 1.4463005323e-103
are 0.00318286860612 0.0154720082443 0.00801129921497 1.23268514914e-99 0.0017360943491
aright 1.44262583692e-103 3.31095350954e-103 2.74326477838e-103 0.0032696473373 1.4463005323e-103
array 1.44262583692e-103 3.31095350954e-103 2.74326477838e-103 0.0032696473373 1.4463005323e-103
art 2.39729830217e-09 4.51885667159e-07 0.00373210988689 0.00985241320613 0.00813703663766
as 0.00702165267964 1.04782056241e-45 2.32199828008e-64 3.48081746732e-93 0.0117623684975
assistance 1.44262583692e-103 0.00331095350954 2.74463864477e-103 3.2696473373e-103 2.4798090214e-23
assured 1.44262583692e-103 3.31095350954e-103 0.00274326477838 3.2696473373e-103 2.73885416778e-70
astronomy 1.44262583692e-103 3.31095350954e-103 2.74326477838e-103 0.0032696473373 1.4463005323e-103
attaint 1.44262583692e-103 3.31095350954e-103 0.00274326477838 3.2696473373e-103 2.29445410936e-47
audit 2.38538479443e-29 0.00331095350954 2.74353263521e-103 3.27157313809e-103 1.08209095296e-20
away 1.44262583692e-103 3.31095350954e-103 2.74326477838e-103 0.0065392946746 1.4463005323e-103
bad 8.83973468047e-06 0.00329066553894 5.61279263365e-89 3.26995562896e-103 3.60276686814e-27
bail 6.8273518671e-11 0.00331095335285 2.74326477838e-103 3.2696473373e-103 5.09593562077e-25
bare 0.00142540975385 2.11625214632e-80 1.44948221857e-85 3.2696473373e-103 0.00146356046864
bareness 1.44262583692e-103 3.31095350954e-103 0.00274326477838 3.2696473373e-103 8.30687122856e-74
barren 6.0113928094e-51 3.31095350954e-103 0.00257261249785 3.2696473373e-103 0.00153627160841
bars 1.44262583692e-103 3.31095350954e-103 2.7432648016e-103 3.2696473373e-103 0.0014463005323
base 1.44262583692e-103 3.31095350954e-103 2.74360432436e-103 3.2696473373e-103 0.0014463005323
bastard 3.08683857007e-66 6.3761808665e-102 0.00271456605253 3.2696473373e-103 0.00146143103767
be 6.41715092235e-42 0.00323310650897 0.0131853494059 0.00662932237257 0.00750562472347
bear 1.44262583692e-103 3.31095350954e-103 2.74460304619e-103 3.2696473373e-103 0.0014463005323
bearer 0.00144262583692 3.31105400202e-103 2.74326477838e-103 3.2696473373e-103 9.7721732836e-90
bearing 1.44262583692e-103 3.31095350954e-103 2.74326477838e-103 0.0032696473373 1.4463005323e-103
beauties 0.00144262583692 3.31095350954e-103 2.74326477838e-103 3.2696473373e-103 1.4463005323e-103
beauty 3.16755940242e-59 3.31095350954e-103 0.00287135501963 3.2696473373e-103 0.00427137002447
beautys 8.26049553258e-94 3.31095459863e-103 0.016459588667 7.53577653372e-92 1.71549989582e-12
been 2.77392620129e-54 3.31095350954e-103 4.03936409584e-87 3.2696473373e-103 0.0014463005323
before 1.33568371872e-64 0.00662190701908 2.13478989825e-48 0.0032696473373 8.90912076075e-56
beggar 1.44262583692e-103 3.31095350954e-103 0.00274326477838 3.2696473373e-103 2.37977491254e-70
beguile 9.10633252939e-14 0.00331095350933 2.744628613e-103 4.33607601214e-103 4.52629057147e-23
beguiled 1.44262583692e-103 3.31095350954e-103 2.74326477838e-103 0.0032696473373 1.4463005323e-103
behold 1.4112896235e-16 0.00662190701908 1.05532074176e-74 3.2696473373e-103 2.69055282471e-35
being 0.00288525167384 3.31095350954e-103 2.74326477838e-103 0.0032696473373 1.4463005323e-103
believe 7.68752660639e-24 0.00316818469991 3.47422729081e-41 2.0003235453e-101 6.23646948737e-05
bell 1.44262583692e-103 3.31095350954e-103 2.74326477838e-103 0.0032696473373 1.4463005323e-103
beloved 0.00144262583692 1.61317218716e-16 2.74326477838e-103 3.2696473373e-103 2.98037998673e-43
bends 0.00144262583692 7.06644182454e-26 2.74326477838e-103 3.2696473373e-103 1.16705921259e-35
benefit 1.44262583692e-103 0.00331095350954 1.02766872427e-33 2.62531941351e-91 7.60629337243e-16
bent 1.44262583692e-103 0.00331095350954 3.04262121146e-54 3.27446303596e-103 2.02491078495e-35
beside 1.44262583692e-103 3.31095350954e-103 2.74326480188e-103 0.0032696473373 0.0014463005323
besmeared 0.00144262583692 1.48189351924e-44 2.74326477838e-103 3.2696473373e-103 1.19445837464e-26
best 1.23077855136e-101 0.0031682421354 4.78271454471e-38 9.46582797639e-93 0.00150864013804
better 2.34179886837e-64 3.31095350954e-103 0.00548652917689 3.2696473373e-103 2.00270230151e-10
beweep 0.00144262583689 6.55971649368e-14 3.31111576811e-103 3.26991319164e-103 1.77896636048e-27
beyond 0.00144262583692 3.31095350954e-103 2.74326477838e-103 3.2696473373e-103 3.41590576099e-39
birds 1.44262583692e-103 3.31095350954e-103 0.00274326477838 3.2696473373e-103 1.22586580599e-48
black 1.44262583692e-103 3.31095350954e-103 2.74326510253e-103 3.2696473373e-103 0.0014463005323
blessed 0.00288525167384 3.31095350954e-103 2.74326477846e-103 3.26964733734e-103 1.447522643e-103
blessing 1.44262583692e-103 3.31095355346e-103 2.74326483444e-103 3.26964733839e-103 0.0014463005323
blind 1.44262583861e-103 3.31095818032e-103 1.83170904137e-21 2.41621264087e-41 0.0014463005323
blood 1.44262583692e-103 3.31095350954e-103 2.74326477838e-103 0.0032696473373 1.4463005323e-103
bloody 3.70551639967e-93 3.31095411914e-103 3.687979178e-46 5.20188464799e-63 0.0014463005323
blunter 1.44262583692e-103 0.00331095350954 4.82268921042e-67 3.27001970498e-103 7.88206459673e-46
blunting 0.00144262583692 1.48860123328e-26 2.74430037384e-103 3.26968197973e-103 8.16921148629e-20
boast 1.44262583692e-103 3.31095350954e-103 2.74326477838e-103 0.0032696473373 1.4463005323e-103
bodys 1.55097282086e-88 3.31095357427e-103 0.00274534026677 3.27055319242e-103 0.00144520629598
bonds 0.00142426600352 4.17072226734e-13 9.67738873244e-12 3.2696473373e-103 0.00146470712708
bones 3.99316104229e-09 0.00331094434488 2.74326477838e-103 3.2696473373e-103 2.93297691914e-29
book 0.00144262583692 3.31095350954e-103 2.74326477838e-103 0.0032696473373 1.4463005323e-103
boot 1.88050902079e-87 0.00331095350954 8.74821890548e-69 3.2696473373e-103 3.05756761653e-60
bore 0.00144262583692 2.11523662323e-22 2.74345506976e-103 3.26965370472e-103 6.2313922798e-26
born 1.44262583692e-103 6.80193932512e-59 2.74349849133e-103 0.00327133258119 0.00144555507908
borne 1.44262583692e-103 3.31095350954e-103 0.00274326477838 3.2696473373e-103 1.1988252766e-63
both 0.0014426258369 5.4395176461e-14 2.74326477838e-103 3.2696473373e-103 9.75552466265e-31
bound 0.00288525167384 7.21888603696e-65 2.74326478599e-103 3.2696473373e-103 2.91721565742e-29
brains 1.44262583692e-103 3.31095350954e-103 0.00274326477838 3.2696473373e-103 8.56740971136e-70
brand 1.44262583692e-103 3.31095350954e-103 2.74326477838e-103 0.0032696473373 1.4463005323e-103
brass 0.00288525167384 9.15914911592e-76 2.74326477838e-103 3.2696473373e-103 4.28063446442e-56
brave 1.44262583692e-103 4.05038224891e-19 9.04985551995e-19 4.59434103633e-64 0.0014463005323
bravry 1.4426258373e-103 0.00331095350954 5.31039927591e-43 3.2696473373e-103 2.56949486734e-44
breast 1.44262583696e-103 1.77070399889e-18 1.01891191693e-21 2.58418792186e-48 0.0014463005323
breathe 0.00144262583692 3.31095350954e-103 2.74326477838e-103 3.2696473373e-103 1.4463005323e-103
breathed 0.00144262583692 3.31095350954e-103 2.74326477838e-103 3.2696473373e-103 1.48541560697e-67
breeds 1.44262583692e-103 3.31095350954e-103 2.74326477838e-103 0.0032696473373 1.4463005323e-103
bright 0.00288521554885 8.29100269072e-08 2.74326479105e-103 3.2696473373e-103 6.71820028679e-29
brightness 0.00144262583692 5.15181967655e-36 2.74326529637e-103 3.26964735476e-103 1.20789553992e-21
bring 1.44262583713e-103 3.31095350954e-103 0.00274326477838 3.2696473373e-103 5.76950137399e-29
broke 1.44262583692e-103 3.31095350954e-103 0.00274326477838 3.2696473373e-103 3.56506943278e-76
brood 1.44262583692e-103 3.31095350954e-103 2.74326477838e-103 0.0032696473373 1.4463005323e-103
brow 1.44262583692e-103 3.31095350954e-103 2.74326477838e-103 0.0065392946746 1.4463005323e-103
bud 1.44262583692e-103 3.31095350954e-103 2.74326477838e-103 0.0032696473373 1.4463005323e-103
built 1.44262583692e-103 0.00331095350954 2.74326477838e-103 3.2696473373e-103 1.4463005323e-103
buried 1.44262583692e-103 3.31095350954e-103 0.00274326477838 0.0032696473373 5.73738216686e-76
burn 0.00144248241991 1.33168615259e-11 0.0027435374859 3.26965646222e-103 1.41202071578e-21
burning 1.44262583692e-103 3.31095350954e-103 0.00274326477838 3.2696473373e-103 3.72964434261e-26
burthen 1.44262583692e-103 3.31095350954e-103 2.74326477909e-103 3.2696473373e-103 0.0014463005323
but 0.013892019227 1.40340385601e-16 3.802600782e-37 3.26982020477e-103 0.00487450156745
by 0.00224397681711 0.00266285892667 0.00742215940451 3.27370732803e-103 0.0129222154363
call 0.00144262583692 3.31095350954e-103 2.74326477838e-103 3.2696473373e-103 1.4463005323e-103
called 0.00144262583692 3.31095350954e-103 2.74326477838e-103 3.2696473373e-103 9.85750467805e-35
came 0.00144262583692 3.31095350954e-103 2.74326477838e-103 3.2696473373e-103 1.4463005323e-103
can 6.55159823911e-10 0.00129343160062 2.7433957801e-103 3.27055745279e-103 0.00522020084429
canker 0.00288525167384 5.77827220367e-45 3.10757700333e-82 3.2696473373e-103 5.66548992924e-47
carry 1.44262583692e-103 2.54238986452e-29 9.88804036995e-21 4.42599460122e-77 0.0014463005323
censures 1.7149505314e-51 3.31095350954e-103 2.30781286061e-59 3.2696473373e-103 0.0014463005323
change 1.44262583692e-103 0.00331095350954 2.74326477838e-103 0.0032696473373 1.44630053231e-103
charactered 0.00144262583692 2.31626357585e-45 2.74326477838e-103 3.2696473373e-103 5.23883960584e-30
child 1.44262583692e-103 0.00320449103179 3.06543052944e-43 0.00337478163045 1.4463005323e-103
choirs 1.44262583692e-103 3.31095350954e-103 0.00274326477838 3.2696473373e-103 2.21690457724e-29
churl 0.00144262583692 3.31095350954e-103 2.74326477838e-103 3.2696473373e-103 1.4463005323e-103
clearer 1.44262583692e-103 3.31095350954e-103 2.74326477838e-103 0.0032696473373 1.4463005323e-103
cloak 1.44262583692e-103 3.31095350954e-103 2.74326477838e-103 0.0032696473373 1.4463005323e-103
cold 0.00288525167384 2.79247207887e-93 2.74326483512e-103 3.2696473373e-103 8.93971008106e-61
coloured 1.44262583692e-103 3.31095350954e-103 0.00274326477838 3.2696473373e-103 1.17861341285e-73
come 1.44262583692e-103 3.31095350954e-103 2.74326477838e-103 0.0032696473373 1.4463005323e-103
comfort 1.11112972209e-11 0.00331055448468 0.00274359536619 3.26977143402e-103 2.45163936816e-33
commend 1.44262583692e-103 3.31095350954e-103 2.74326477838e-103 0.0032696473373 1.4463005323e-103
comment 2.67494999557e-61 0.00331095350954 2.74326477838e-103 0.0032696473373 1.51680712031e-40
comments 0.00144262583692 1.41503267283e-54 2.74326478406e-103 3.2696473373e-103 2.39729824562e-29
compiled 1.44262583692e-103 3.31095350954e-103 2.74326477838e-103 0.0032696473373 1.4463005323e-103
compounds 1.44262583692e-103 4.0338666108e-38 0.00548652955675 3.2696473373e-103 7.09143959901e-36
concord 1.44262583692e-103 1.96871320624e-62 0.00274326477838 3.26967710438e-103 6.97329583371e-38
confined 1.44262583692e-103 3.31095350954e-103 0.00274326477838 3.2696473373e-103 1.78145928886e-73
confounds 1.44262583692e-103 3.31095350954e-103 2.74326477838e-103 0.0032696473373 1.4463005323e-103
conquest 1.44262583692e-103 0.00331095350954 2.74406268793e-103 3.26967403112e-103 2.94948409247e-52
conscience 1.4426258374e-103 1.11130020297e-14 0.00274326477837 3.26969465445e-103 4.56263761009e-25
consumst 2.26880695591e-20 0.00331095350954 3.03003669007e-63 3.271243575e-103 5.78694493152e-25
contend 1.44262583692e-103 3.31095350954e-103 2.74326477838e-103 0.0032696473373 1.4463005323e-103
control 1.44262583692e-103 0.00331095341434 7.6309146504e-55 2.59693765577e-80 4.15847807498e-11
convertest 1.44262583692e-103 3.31095350954e-103 2.74326477838e-103 0.0032696473373 1.4463005323e-103
coral 0.00144262583692 3.31095350954e-103 2.74326477838e-103 3.2696473373e-103 1.4463005323e-103
correspondence 1.57509305281e-33 0.00331095350954 2.74326477838e-103 3.2696473373e-103 2.43343053503e-53
cost 1.44262583692e-103 0.00331095350954 2.74326477838e-103 3.2696473373e-103 2.56353915088e-50
costly 1.44262583692e-103 3.31095350954e-103 0.00274326477838 3.2696473373e-103 1.32992756768e-73
could 1.44262583692e-103 0.00331095350954 1.81134970652e-47 3.26971168277e-103 4.35143105864e-39
cover 1.44262583692e-103 3.31095350954e-103 2.74326477838e-103 0.0032696473373 1.4463005323e-103
creatures 1.44262583692e-103 3.31095350954e-103 2.74326480215e-103 3.2696473373e-103 0.0014463005323
cross 1.44262583692e-103 3.31095350954e-103 2.74326477838e-103 0.0032696473373 1.4463005323e-103
crow 0.00144262583692 3.31095350954e-103 2.74326477838e-103 3.2696473373e-103 1.4463005323e-103
cruel 1.44262583692e-103 0.00331068139162 2.74446049327e-103 0.00326991606038 1.4463005323e-103
crushed 1.44262583692e-103 0.00331095350954 2.74326477838e-103 3.2696473373e-103 1.4463005323e-103
curls 0.00144262583692 3.31095350954e-103 2.74326477838e-103 3.2696473373e-103 1.4463005323e-103
curse 3.09458704564e-58 7.93821614586e-23 3.32584818646e-30 4.47214837416e-89 0.0014463005323
dark 1.44262583692e-103 3.31095350954e-103 0.00274326477838 3.2696473373e-103 1.41418913139e-56
darkening 0.00144262583692 3.31095350954e-103 2.74326477838e-103 3.2696473373e-103 6.16355870528e-26
darkly 0.00144262583692 3.31095350954e-103 2.74326477894e-103 3.2696473373e-103 1.446300534e-103
date 3.49190771846e-09 0.00331094549531 2.74326477838e-103 0.0065392946746 1.04576754825e-29
day 4.52398888545e-10 2.70481361057e-09 0.00750068167613 0.00657620187389 0.00326067568503
days 1.40277073832e-34 3.27605214455e-34 1.04633466952e-46 1.50425067851e-99 0.0014463005323
dead 1.44262583692e-103 0.00331095350954 2.7432647816e-103 0.0032696473373 1.4463005323e-103
dear 4.72569450647e-98 3.31095400089e-103 0.00568207800422 1.614139807e-89 0.00134320373104
dearer 1.44262583692e-103 3.31095350954e-103 2.74326477838e-103 0.0032696473373 1.4463005323e-103
dearly 1.44262583692e-103 3.31095350954e-103 2.74326477838e-103 0.0032696473373 1.4463005323e-103
dearths 7.19076656635e-10 0.0033109518592 2.74326477838e-103 3.2696473373e-103 1.2886968663e-39
death 0.00288525167384 3.18841557528e-69 2.74326484916e-103 3.2696473373e-103 1.86800045023e-29
debarred 3.44744087918e-09 0.00331094559736 6.41530242554e-89 3.27012239794e-103 1.02291854106e-25
debt 1.44262583692e-103 3.31095350954e-103 2.74326477838e-103 0.0032696473373 1.4463005323e-103
deceased 1.44262583692e-103 3.31095350954e-103 0.00274326477838 3.2696473373e-103 4.81653459047e-71
deceived 0.00144262583692 3.31095350954e-103 2.74326477838e-103 3.2696473373e-103 1.4463005323e-103
decembers 6.14569066847e-89 3.31095350982e-103 2.74326487563e-103 3.2696473373e-103 0.0014463005323
deeds 1.44262583692e-103 0.00659693385316 2.5502044262e-23 0.00329293318778 6.08555627253e-07
deep 0.00288525167384 3.31095350954e-103 2.74326477838e-103 3.2696473373e-103 1.4463005323e-103
defects 1.44262583692e-103 3.31095350954e-103 2.74326477838e-103 0.0032696473373 1.4463005323e-103
defence 1.44262583692e-103 3.31095350954e-103 2.74326477838e-103 0.0032696473373 1.4463005323e-103
delights 1.44262583712e-103 0.00331095350954 2.74326477838e-103 3.2696473373e-103 1.44630053234e-103
departest 1.44262583692e-103 3.31095350954e-103 2.74326477838e-103 0.0032696473373 1.4463005323e-103
depends 0.00144262583692 2.08502037886e-66 2.74326477838e-103 3.2696473373e-103 9.18319610148e-71
descriptions 1.44262583693e-103 0.00331095350954 2.74329559329e-103 3.26964836849e-103 1.67251346127e-51
desert 1.44262583692e-103 3.31095350954e-103 2.74326480215e-103 3.2696473373e-103 0.0014463005323
deserts 1.44262583692e-103 3.31095350954e-103 0.00274326477838 0.0032696473373 3.72527057666e-75
desire 1.44262583692e-103 3.31095350954e-103 2.74326477838e-103 0.0032696473373 1.4463005323e-103
despite 2.21538107911e-12 0.00331095350446 2.74391876321e-103 3.26966920883e-103 3.14096124391e-33
determinate 1.44262583692e-103 3.31095350954e-103 2.74326477838e-103 0.0032696473373 1.4463005323e-103
devour 1.44262583692e-103 0.00331095350954 8.41290947444e-72 1.56316988739e-68 4.91042024728e-59
dial 1.4426258372e-103 1.42570479194e-22 0.00274326477838 3.2696473373e-103 5.41676102501e-28
dians 3.64832447909e-27 0.00331095350954 7.78982212747e-86 3.27011788229e-103 1.14586229383e-37
did 1.44262583692e-103 3.31095350954e-103 0.00274326477838 3.2696473373e-103 6.45158035297e-38
die 1.44262583692e-103 3.31095350954e-103 2.74326477838e-103 0.0032696473373 1.4463005323e-103
died 1.44262583692e-103 0.00331095350954 2.74326477838e-103 3.2696473373e-103 1.36086006005e-53
dig 0.00144262583692 3.31095350954e-103 2.74326477838e-103 3.2696473373e-103 1.4463005323e-103
dignified 1.44262583692e-103 3.31095350954e-103 2.74326477838e-103 0.0032696473373 1.4463005323e-103
directed 1.44262583692e-103 3.31095350954e-103 2.74326477838e-103 0.0032696473373 1.4463005323e-103
disdain 1.44262583692e-103 3.31095350954e-103 2.74326477838e-103 0.0065392946746 1.4463005323e-103
disease 1.44262583692e-103 3.31095350954e-103 2.74326477838e-103 0.0032696473373 1.4463005323e-103
disperse 1.44262583692e-103 3.31095350954e-103 2.74326477838e-103 0.0032696473373 1.4463005323e-103
distance 1.44262583692e-103 0.00331095344594 5.26937747247e-11 3.27136076933e-103 3.00652512687e-28
distilled 0.00144262583692 3.31095350954e-103 2.74326477838e-103 0.0032696473373 1.12268165143e-66
divide 4.66314301341e-73 0.00331095350954 2.06610801352e-90 3.27201673557e-103 9.35184725532e-51
do 0.00256586586722 0.0174732782483 0.0102035158229 3.26967388758e-103 0.00466359200823
doom 1.44262583692e-103 3.31095350954e-103 2.74326477838e-103 0.0032696473373 1.4463005323e-103
dost 0.00432920689719 7.7857954068e-34 0.00548400152153 3.2696473373e-103 5.48037798074e-11
dote 1.44262583692e-103 3.31095350954e-103 2.74326477838e-103 0.0032696473373 1.4463005323e-103
doth 4.25273531635e-20 5.56229602166e-52 0.0167910750052 3.2696473373e-103 0.00850303739416
dreaming 1.44262583692e-103 0.00331095350954 2.74326477838e-103 3.2696473373e-103 9.14316942825e-49
dressed 1.44262583692e-103 3.31095350954e-103 2.74326502422e-103 3.2696473373e-103 0.0014463005323
dressings 2.78477275346e-12 0.00331095350315 2.74409069976e-103 3.26967496814e-103 9.66507279961e-31
drink 0.00144262583692 3.31095350954e-103 2.74326477838e-103 3.2696473373e-103 1.64571601643e-42
drop 1.4426258377e-103 0.00331095350954 4.8700160491e-81 3.2696473373e-103 2.63195519444e-51
dull 0.00144262583692 3.31095350954e-103 2.74326477838e-103 3.2696473373e-103 1.4463005323e-103
durst 0.00144262583692 3.31095350954e-103 2.74326477838e-103 3.2696473373e-103 1.4463005323e-103
dust 1.44312954603e-103 0.00331095350954 2.74326477838e-103 3.2696473373e-103 8.79871429916e-47
duty 1.44262583692e-103 0.00331095643995 1.02756463438e-22 1.15888271881e-76 0.00144629925223
dwell 1.44262583692e-103 3.31095350954e-103 2.74326477838e-103 0.0065392946746 1.4463005323e-103
dyed 1.44262583692e-103 3.31095350954e-103 2.74326477838e-103 0.0032696473373 1.4463005323e-103
each 0.00144781838581 9.32736714467e-41 1.14147677925e-38 3.26992320078e-103 0.00433369582142
eager 2.84207069567e-93 3.3109541974e-103 1.24154621489e-39 4.5538942138e-98 0.0014463005323
ear 1.44262583692e-103 3.31095350954e-103 0.00274326477838 3.2696473373e-103 3.44204061754e-71
earth 0.00155402554589 1.4654011449e-40 0.00243700517084 1.08845371452e-98 0.00149608285984
edge 1.44262583726e-103 0.00331095350954 1.07452466758e-50 3.27229100127e-103 1.97007820169e-31
effectually 8.16588389457e-20 3.09915585768e-28 1.02506881726e-58 3.27206796933e-103 0.0014463005323
else 0.00144262583692 3.31095350954e-103 2.74326477838e-103 3.2696473373e-103 1.4463005323e-103
enclose 1.44262583692e-103 3.31095350954e-103 2.74326477838e-103 0.0032696473373 1.4463005323e-103
end 1.44262583692e-103 3.31095350954e-103 2.74326477838e-103 0.0065392946746 1.4463005323e-103
enough 0.00144262583692 1.67836695838e-30 2.74326477838e-103 3.2696473373e-103 2.52318487455e-43
equal 1.44262583692e-103 3.31095350954e-103 0.00274326477838 3.2696473373e-103 1.55761901202e-73
ere 1.44262583692e-103 3.31095350954e-103 5.64646322089e-67 3.2696473373e-103 0.00289260106461
errors 1.44262583692e-103 3.31095350954e-103 0.00274326477838 3.2696473373e-103 4.02627868276e-72
estimate 1.44262583692e-103 3.31095350954e-103 2.74326477838e-103 0.0032696473373 1.4463005323e-103
eternal 0.00144262583692 3.31095350954e-103 2.74326477838e-103 3.2696473373e-103 1.44630053239e-103
eternity 1.44262583692e-103 3.31095350954e-103 2.74326477838e-103 0.0032696473373 1.4463005323e-103
even 0.00141032137967 2.68099405576e-34 2.9084020053e-33 3.2696473373e-103 0.00292498780864
ever 0.00144259257472 3.31095350954e-103 0.00274332802903 3.2696473373e-103 2.18042969156e-57
every 7.15088430933e-28 3.31095404736e-103 0.00932830078694 3.28196686487e-103 0.0052060489689
everywhere 1.44262583692e-103 3.31095350954e-103 2.74326477838e-103 0.0032696473373 1.4463005323e-103
evident 1.44262583692e-103 3.31095350954e-103 2.74326477838e-103 0.0032696473373 1.4463005323e-103
example 2.02280460829e-80 3.31095350954e-103 0.00274326477838 3.2696473373e-103 6.54603673795e-20
excel 1.44262583692e-103 3.31095350954e-103 2.74326477838e-103 0.0032696473373 1.4463005323e-103
expiate 1.44262583692e-103 3.31095350954e-103 2.74326477838e-103 0.0032696473373 1.4463005323e-103
expired 1.44262583692e-103 3.31095350954e-103 2.74326477838e-103 0.0032696473373 1.4463005323e-103
express 0.00144262583692 3.31095669474e-103 2.74326477864e-103 3.2696473373e-103 1.4473918815e-103
extern 1.30792644827e-27 0.00331095350954 2.74380253857e-103 3.26995124973e-103 4.45274967883e-43
extreme 5.78031164296e-51 3.31095350982e-103 2.74326487563e-103 3.2696473373e-103 0.0014463005323
eye 7.47991794432e-99 0.00865246591657 0.0037547801802 0.00659514199759 1.3123357528e-06
eyed 1.44262583692e-103 3.31095350954e-103 2.74326477838e-103 0.0032696473373 1.4463005323e-103
eyelids 0.00144262583692 2.0476858664e-53 2.74326477894e-103 3.2696473373e-103 2.25279718839e-33
face 1.44262583692e-103 7.92000902319e-18 2.74338022405e-103 0.00327047964038 0.00144593237015
fair 4.80333646089e-69 0.00912763119353 0.00583487896678 0.00364963958547 1.73431666773e-11
fairest 1.44262583692e-103 0.000860368289704 0.0047736781021 3.2696473373e-103 6.41348097929e-36
fairly 4.6804980836e-45 5.76049092852e-93 2.74326487467e-103 3.2696473373e-103 0.0014463005323
faith 7.29088805077e-95 3.31095350982e-103 2.74326487563e-103 3.2696473373e-103 0.0014463005323
false 1.44262583692e-103 3.31095377509e-103 0.00278510135155 3.04365648702e-72 0.00142424350794
falsehood 1.60113382213e-43 0.00331095350954 2.74326477838e-103 3.2696473373e-103 4.19312722416e-46
falsely 1.44262583692e-103 0.00331095350954 2.74326477838e-103 3.2696473373e-103 5.55475198734e-56
fame 1.44262583692e-103 3.31095350954e-103 2.74326477838e-103 0.0032696473373 1.4463005323e-103
far 0.0072131291846 4.03218094803e-58 2.74326873766e-103 3.26964746972e-103 2.11617793724e-34
fashion 1.44262583692e-103 3.31095350954e-103 2.74326477838e-103 0.0032696473373 1.4463005323e-103
fate 1.44262583692e-103 3.31095350954e-103 2.74326477838e-103 0.0032696473373 1.4463005323e-103
faults 9.4625319591e-35 0.00316361363352 1.0003192126e-77 3.27101252068e-103 0.00151066197396
fear 1.44262583692e-103 0.00331095350954 4.99332830105e-83 8.57073246517e-93 1.90437615095e-54
feathered 1.44262583692e-103 0.00331095350954 2.74326477838e-103 3.2696473373e-103 7.80728699008e-71
feel 1.44262583692e-103 3.31095350954e-103 2.74326477838e-103 0.0032696473373 1.4463005323e-103
feeling 1.44262583692e-103 0.00331095350954 2.74326477838e-103 3.2696473373e-103 1.23153990338e-52
few 2.77976841292e-41 1.20271474361e-54 1.10074298127e-56 3.27326154232e-103 0.0014463005323
field 1.44262583692e-103 3.31095350954e-103 2.74326477838e-103 0.0032696473373 1.4463005323e-103
figured 1.44262583716e-103 0.00331095350954 1.0486933756e-54 3.27200592563e-103 1.93715814093e-33
filed 1.44262583692e-103 3.31095350954e-103 2.74326477838e-103 0.0032696473373 1.4463005323e-103
filled 0.00144262583692 9.40052462114e-54 2.74326477838e-103 3.2696473373e-103 2.004784096e-34
find 1.44262583692e-103 3.31095350954e-103 2.74326479837e-103 3.2696473373e-103 0.0014463005323
fine 1.44262583692e-103 0.00331095350954 2.74326477838e-103 3.2696473373e-103 8.93081081809e-54
first 0.00144262583692 2.23256191447e-20 7.72526085305e-100 3.26973730946e-103 1.48962188938e-22
flame 1.44262583692e-103 3.58020075199e-18 1.70978240606e-30 8.65472337799e-89 0.00289260106461
flatter 0.00144262583692 3.31095350954e-103 2.74326477838e-103 3.2696473373e-103 4.04729494776e-36
flattery 1.44262583692e-103 3.31095350954e-103 2.74326477838e-103 0.0032696473373 1.4463005323e-103
fleeting 1.44262583692e-103 3.31095350954e-103 0.00274326477838 3.2696473373e-103 1.1781919289e-68
flies 0.00144262583692 4.5788204258e-57 2.84059554999e-103 3.2696473373e-103 8.19309045548e-34
flower 1.44262583692e-103 3.31095350954e-103 2.74326477838e-103 0.0032696473373 1.4463005323e-103
flowers 0.000221937114603 0.0036320347496 0.00402432248487 1.67595209345e-82 0.000408144835599
foes 1.44262583692e-103 3.31095350954e-103 0.00274326477838 3.2696473373e-103 2.52234920527e-73
follows 1.44262583692e-103 3.31095350954e-103 0.00274326477838 3.2696473373e-103 5.17477479529e-30
for 0.0297697324471 0.00351777539714 8.62596328954e-77 8.65698177727e-65 0.00332900498127
force 1.44262583692e-103 3.31095350954e-103 2.74326477838e-103 0.0032696473373 1.4463005323e-103
forests 1.44262583692e-103 3.31095350954e-103 0.00274326477838 3.2696473373e-103 8.95434491918e-29
forfeit 5.20117051548e-31 0.00331095350954 5.09672551976e-97 3.26982163905e-103 1.53786165336e-33
forgotten 1.44262583692e-103 3.31095350954e-103 2.74326477838e-103 0.0032696473373 1.4463005323e-103
form 1.44262583692e-103 0.00331095350954 0.00274326477838 3.2696473373e-103 2.51694452185e-49
former 1.44262583692e-103 3.31095350954e-103 0.00822979433513 3.2696473373e-103 1.36691023236e-69
forsworn 1.44262583692e-103 0.0032771830465 2.74556850473e-103 0.00657264383043 1.4463005323e-103
forth 0.00144141591995 0.00331373037568 2.74326477911e-103 3.2696473373e-103 7.99055206111e-31
fortunes 0.00144262583692 4.37073561292e-18 2.74584881128e-103 3.26973353368e-103 1.50774217319e-19
forwards 8.65136222926e-46 2.39720585586e-50 4.49529109283e-50 3.27582529079e-103 0.0014463005323
foul 1.44262583692e-103 0.00331095350954 2.74326477838e-103 3.2696473373e-103 1.9677725704e-51
found 0.000348539254516 0.00582197869504 2.74326477838e-103 0.0065392946746 2.17414522132e-21
fountain 0.00144262583692 2.06945374102e-46 2.74326477896e-103 3.2696473373e-103 2.51150967951e-27
fountains 1.44262583692e-103 3.31095350954e-103 0.00274326477838 3.2696473373e-103 9.02530666379e-70
fragrant 1.44262583692e-103 3.31095350954e-103 0.00274326477838 3.2696473373e-103 3.32419172846e-72
frank 0.00144262583692 3.31095350954e-103 2.74326477838e-103 3.2696473373e-103 1.4463005323e-103
free 1.44262583692e-103 3.31095350954e-103 2.74326477838e-103 0.0032696473373 1.4463005323e-103
freedom 1.44262583692e-103 0.00331095350954 2.74408876387e-103 3.2696761316e-103 8.22436586154e-52
friend 1.44262583692e-103 0.00662190701908 2.74326477838e-103 0.0032696473373 2.35006252268e-82
friends 0.00144262583692 3.31095350955e-103 1.20177466287e-37 3.2696473373e-103 2.53697293161e-34
from 0.0113652219723 2.61828350531e-29 6.25726096294e-60 1.74095729974e-102 0.00740773514816
frown 1.44262583692e-103 0.00331095350954 2.74326477838e-103 3.2696473373e-103 1.017373773e-28
fulfil 1.44262583692e-103 3.31095350954e-103 2.74326477838e-103 0.0032696473373 1.4463005323e-103
full 0.00144262583692 0.00331095350954 2.74326477838e-103 3.2696473373e-103 7.60458955767e-56
gathered 1.44262583692e-103 3.31095350954e-103 2.74326477838e-103 0.0032696473373 1.4463005323e-103
gay 1.44262583692e-103 3.31095350954e-103 2.74326477838e-103 0.0032696473373 1.4463005323e-103
gaze 1.44262583692e-103 3.31095350954e-103 5.80709270443e-51 3.2696473373e-103 0.0014463005323
gentle 1.44262583692e-103 3.31095350954e-103 0.00548652955675 3.2696473373e-103 3.60497984162e-70
gilding 0.00144262583692 3.31095350954e-103 2.74326477838e-103 3.2696473373e-103 7.75302494149e-37
give 1.44262583692e-103 0.00331095350954 2.74326477838e-103 0.0065392946746 1.07527227201e-80
gives 1.35354103089e-15 7.45982951091e-37 2.70395531918e-91 3.27031404732e-103 0.00289260106461
go 1.44262583692e-103 3.31095350954e-103 0.00274326477838 3.2696473373e-103 4.64290283509e-73
goddess 1.44262583692e-103 0.00331095350954 2.74328018757e-103 3.26975841439e-103 1.4463005323e-103
good 1.44262583692e-103 0.00331095350954 0.00274326477838 3.2696473373e-103 1.41998214248e-47
governs 1.95925915718e-30 5.71788904113e-82 1.91911854156e-87 3.2696473373e-103 0.0014463005323
grace 1.44262583698e-103 0.0064825439646 0.00284573620989 0.00328513791902 8.27121719005e-24
graces 1.44262583692e-103 1.44933108447e-74 0.00274326477838 3.26965547903e-103 1.37249016513e-29
great 1.44262586893e-103 3.3109543052e-103 2.89628604189e-45 5.43026350761e-56 0.0014463005323
green 0.00144262583692 3.31371112796e-103 2.74326486597e-103 3.2696473373e-103 3.46854480942e-80
grew 1.44262583692e-103 3.31095350954e-103 2.74326477838e-103 0.0065392946746 1.4463005323e-103
ground 1.44262583692e-103 3.31095350954e-103 2.74326477838e-103 0.0065392946746 1.4463005323e-103
grounded 0.00288525167384 2.52620752412e-62 2.74326477838e-103 3.2696473373e-103 8.49581237603e-42
grow 1.44262583692e-103 3.31095350954e-103 2.74326477838e-103 3.2696473373e-103 0.0014463005323
guilty 0.0014426258367 3.88263856435e-48 0.00274326477879 3.2696473373e-103 3.22446614076e-18
had 0.00144262583692 5.44393436719e-40 7.69880131089e-36 3.26964736065e-103 8.4393628024e-19
hadst 1.44262583692e-103 6.71436038155e-23 0.00469261675316 1.57503097863e-78 0.000418565688405
hairs 3.08290583203e-05 3.32182647268e-50 2.74326486152e-103 3.2696473373e-103 0.00141539294538
half 1.44262583692e-103 8.31465244983e-21 2.49383204291e-18 1.94540099207e-77 0.0014463005323
hammered 1.44262583692e-103 3.31095350954e-103 0.00274326477838 3.2696473373e-103 3.3621146959e-36
hand 1.44262583692e-103 3.31095350954e-103 0.00274326477838 0.0032696473373 2.24366010933e-31
hands 0.00144262577916 1.32573385518e-10 2.84957623225e-85 3.26980767699e-103 5.81421575296e-16
hang 1.44262583692e-103 3.31095350954e-103 2.74326477838e-103 0.0032696473373 1.4463005323e-103
harmful 1.44262583692e-103 3.31095350954e-103 0.00274326477838 3.2696473373e-103 8.15596082394e-72
hast 0.00288525167384 3.31095350954e-103 2.74326477838e-103 3.2696473373e-103 3.90379442842e-68
hasten 1.44262583692e-103 0.00331095350954 2.74364398797e-103 3.27238271391e-103 1.4463005323e-103
hate 0.00288521288231 3.3109535158e-103 2.74589459303e-103 0.00326973525657 8.52115642392e-66
hath 0.00425655724813 0.00678559331098 7.36001682646e-44 3.26964736137e-103 7.1819565666e-33
have 0.00313236252967 1.04147997119e-86 2.92603210133e-63 3.2696473373e-103 0.00553746182596
having 0.00144262583692 5.18658105921e-41 2.74326477838e-103 3.2696473373e-103 5.64580176184e-20
hawks 0.00144262583692 3.31095350954e-103 2.74326477838e-103 3.2696473373e-103 1.4463005323e-103
head 1.44262583692e-103 0.00331095350954 2.74326477838e-103 0.0032696473373 1.4463005323e-103
hear 1.44262583692e-103 0.00331095350954 3.97325168799e-59 3.2696473373e-103 4.12111565222e-48
heart 0.00202662419072 0.00896150014501 2.00240661109e-20 0.0164705864983 0.00267730726556
hearts 1.44262583692e-103 0.00331095350954 2.74326477838e-103 3.2696473373e-103 1.46407527833e-54
heavenly 1.44262583692e-103 3.31095350954e-103 0.00274326477838 3.2696473373e-103 6.41906780116e-73
heavens 6.41713463481e-96 3.31095422956e-103 4.45398068542e-38 2.52097018168e-95 0.0014463005323
heavy 0.00288525167384 3.31095350954e-103 2.74326477838e-103 3.2696473373e-103 1.4463005323e-103
heir 1.44262583692e-103 3.31095350954e-103 2.74326510253e-103 3.2696473373e-103 0.0014463005323
held 1.44262583692e-103 3.31095350954e-103 2.74326477838e-103 0.0032696473373 1.4463005323e-103
hell 1.44262583692e-103 3.31095350954e-103 0.00274326477838 3.2696473373e-103 2.84471624655e-72
help 1.44262583702e-103 0.00331095350954 5.31924998028e-72 3.27468715004e-103 1.00607471533e-45
her 2.86909467622e-91 4.73376044245e-97 0.0132846517745 3.27175987147e-103 0.00601278774841
here 1.44262583692e-103 3.31095350954e-103 0.00274326477838 3.2696473373e-103 1.88447132583e-35
hideous 1.44262583692e-103 3.31095350954e-103 0.00274326477838 3.2696473373e-103 2.74438567658e-74
hides 0.00124994915612 5.07422519784e-52 2.74326490023e-103 3.2696473373e-103 0.000193167472031
hiding 0.00144262583692 3.31095350954e-103 2.74326477838e-103 3.2696473373e-103 2.91680423451e-24
high 1.44262583692e-103 3.31095350954e-103 0.00274326477838 3.2696473373e-103 3.30035117201e-73
him 1.44262583692e-103 0.00330693100501 2.74381530217e-103 0.00327361965862 1.4463005323e-103
himself 1.44262583692e-103 3.31095350954e-103 2.74326480192e-103 3.2696473373e-103 0.0014463005323
his 3.75019678925e-31 0.00204111559578 0.0237989398804 3.27321918048e-103 0.014040857435
holds 0.00144262583692 3.31095350954e-103 2.74326477838e-103 3.2696473373e-103 1.12529476566e-70
honour 0.00125782564012 1.14293432452e-36 2.58862666707e-06 3.2696473373e-103 0.00163020668472
honouring 1.44262583692e-103 3.31095350954e-103 2.74326477838e-103 0.0032696473373 1.4463005323e-103
horse 1.44262583692e-103 3.31095350954e-103 2.74326477838e-103 0.0032696473373 1.4463005323e-103
hounds 0.00144262583692 2.13076732305e-33 2.74344433008e-103 3.26965334549e-103 5.40056221318e-52
hours 1.44262583692e-103 0.00331095350954 2.74326477838e-103 3.2696473373e-103 2.7243555938e-53
how 0.000907326103309 0.00331095350954 2.92127040879e-103 3.27059477009e-103 0.00198296379581
husband 0.00144262583692 2.63512012336e-50 2.74326485887e-103 3.2696473373e-103 1.8988500086e-28
idol 1.44262583692e-103 3.31095350954e-103 0.00274326477838 3.2696473373e-103 1.80430348156e-73
if 0.00432787751076 3.31095350954e-103 2.74326477838e-103 3.2696473373e-103 7.36907426998e-88
ill 1.44262583692e-103 3.31095350954e-103 2.74326477838e-103 0.0032696473373 1.4463005323e-103
impediments 0.00144262583692 2.57806614708e-89 2.74326479027e-103 3.2696473373e-103 4.30878169103e-42
impiety 1.44262583692e-103 3.31095350954e-103 2.74326477838e-103 0.0032696473373 1.4463005323e-103
in 0.0261675071623 0.00834887944445 7.34578708365e-38 6.16036576422e-102 0.0438801831246
inflaming 1.44262583692e-103 3.31095350954e-103 0.00274326477838 3.2696473373e-103 8.89513312139e-23
influence 1.44262583692e-103 3.31095350954e-103 0.00274326477838 3.2696473373e-103 1.25480569623e-73
inhabit 0.00144262583692 5.67330168191e-48 2.74326477838e-103 3.2696473373e-103 4.51068546201e-28
injurious 1.45285759104e-50 3.31095357665e-103 4.13645105983e-103 1.33340929886e-85 0.00289260106461
insufficiency 0.00144262566798 3.87740612516e-10 3.25362195681e-54 3.27276349106e-103 6.32539204979e-23
into 1.12174527231e-34 8.82289244943e-83 2.74326487433e-103 3.2696473373e-103 0.0014463005323
inward 0.00144262583692 3.46843345714e-50 2.74326479088e-103 3.2696473373e-103 4.75301707244e-33
is 0.0085817377486 0.0103237887784 0.00260161378228 3.26984857039e-103 0.0115485246887
ist 0.00144262583692 1.70804859266e-45 2.74326477838e-103 3.2696473373e-103 1.85033312076e-62
it 0.0146088932752 0.00292514680385 0.00504493882161 3.27001601548e-103 0.00311084507564
jewel 1.44262583692e-103 3.31095350954e-103 2.74326477838e-103 0.0032696473373 1.4463005323e-103
joy 0.00144262509062 1.49960277028e-35 0.00274326619753 0.0032696473373 1.35476350022e-22
killed 1.44262583692e-103 3.31095350954e-103 2.74326477838e-103 0.0032696473373 1.4463005323e-103
knights 1.44262583692e-103 3.31095350954e-103 2.74326477838e-103 0.0032696473373 1.4463005323e-103
knit 1.44262583692e-103 3.31095350954e-103 2.74326477838e-103 0.0032696473373 1.4463005323e-103
know 1.44262583692e-103 3.3109535725e-103 3.45880309658e-69 3.27053202118e-103 0.0014463005323
knowing 0.001073292077 3.31095350954e-103 2.74326477838e-103 3.2696473373e-103 0.00181657506912
knows 0.00144262583692 3.28291264086e-46 2.74326477874e-103 3.2696473373e-103 1.10633400234e-27
knowst 1.5405273327e-36 3.73813254177e-17 3.31792844284e-39 3.21297776115e-98 0.0014463005323
lace 0.00144262583692 8.68792952472e-71 1.5716254054e-65 3.27066513808e-103 2.54248346008e-18
lacking 8.64928137897e-37 0.00331095350954 2.74326477838e-103 3.2696473373e-103 3.25308907656e-47
ladies 3.92078887545e-80 3.31095350954e-103 0.00274326477838 3.2696473373e-103 3.66384743702e-19
laid 0.00144262583692 3.31095350954e-103 2.74326477838e-103 3.2696473373e-103 3.60777166766e-35
lasting 1.44262583692e-103 3.31095350954e-103 0.00274326477838 3.2696473373e-103 2.09556574867e-61
late 1.44262583692e-103 3.31095350954e-103 2.75262140107e-103 3.2696473373e-103 0.0014463005323
laughed 0.00144262583692 1.87665282952e-76 2.74326477838e-103 3.2696473373e-103 4.49393521224e-57
lays 1.44262583692e-103 3.31095350954e-103 2.74326477838e-103 3.2696473373e-103 0.0014463005323
leaped 0.00141841295922 5.55706894588e-05 2.74326477838e-103 3.2696473373e-103 7.66842139641e-19
learning 0.00144262583692 3.31095350954e-103 2.74326477838e-103 3.2696473373e-103 1.4463005323e-103
lease 1.44262583692e-103 3.31095350954e-103 0.00274326477838 3.2696473373e-103 1.00925383076e-31
leaves 0.00144262583692 3.31095350954e-103 2.74326477838e-103 3.2696473373e-103 1.4463005323e-103
legacy 1.44262583692e-103 3.31095350954e-103 2.74326477838e-103 0.0032696473373 1.4463005323e-103
leisure 1.44262583692e-103 3.31095350954e-103 2.74326477838e-103 0.0032696473373 1.4463005323e-103
lend 1.44262583692e-103 0.00331095350954 2.74326477838e-103 0.0032696473373 1.21230041151e-53
lends 0.00144262583692 1.60252975982e-48 2.74326477838e-103 3.2696473373e-103 3.38299589849e-34
less 1.44262583704e-103 0.00662190701908 3.48794482861e-102 3.26966468828e-103 1.59908590944e-52
lest 0.00144262583692 3.31095350954e-103 2.74326477838e-103 3.2696473373e-103 1.44650471444e-103
lie 1.44262583692e-103 3.31095350954e-103 2.74326477838e-103 0.0032696473373 1.4463005323e-103
lies 1.44262583692e-103 3.31095350954e-103 2.74326477838e-103 0.0032696473373 1.4463005323e-103
life 2.5319166733e-13 0.0066219070185 2.74326477838e-103 0.0032696473373 1.30769405033e-39
lifts 0.00144262583692 3.31095350954e-103 2.74326477838e-103 3.2696473373e-103 4.19977540536e-45
light 1.44262583692e-103 3.31095350954e-103 2.74326477838e-103 0.0032696473373 1.4463005323e-103
like 0.00713086750485 1.20989533847e-70 2.74431835518e-103 3.2731438107e-103 0.00152877175122
limbecks 1.21241582476e-56 3.31095350954e-103 9.13138455214e-08 3.2696473373e-103 0.00144625238994
limbs 1.44262583692e-103 0.00331095350954 2.74326477838e-103 3.2696473373e-103 2.92502464473e-52
limits 0.00144262583692 3.31095350954e-103 2.74326477838e-103 3.2696473373e-103 1.4463005323e-103
lines 0.00288525167384 2.04548713933e-66 2.74326477839e-103 3.26964733731e-103 6.64818661441e-51
lips 1.44262583692e-103 3.31095350954e-103 0.00274326477838 3.2696473373e-103 1.91926377134e-73
little 1.44262583692e-103 3.31095350954e-103 0.00274326477838 3.2696473373e-103 2.73373118148e-60
live 1.44262583692e-103 3.31095350954e-103 2.74326477838e-103 0.0065392946746 1.4463005323e-103
lived 1.85855627797e-32 0.00993286052862 3.13857418333e-86 3.2696473373e-103 3.38726266265e-41
lives 0.00144262583692 1.11421219417e-46 2.74326477838e-103 3.2696473373e-103 1.49133935818e-28
living 1.44262583692e-103 3.31095350954e-103 0.00274326477838 3.2696473373e-103 1.12741887874e-70
loathsome 0.00144262583692 3.31095350954e-103 2.74326477838e-103 3.2696473373e-103 1.4463005323e-103
locked 1.44262583692e-103 3.31095350954e-103 0.00274326477838 3.2696473373e-103 2.8493278033e-67
long 0.0014426258336 7.60856206455e-12 0.00274326477838 3.2696473373e-103 9.6864245871e-16
longer 0.00288525167384 3.17120831425e-62 2.74326477838e-103 3.2696473373e-103 3.13224640918e-30
look 0.00288525167384 2.49122649475e-68 2.74326477838e-103 3.2696473373e-103 4.10089370207e-78
looking 0.00144262583692 3.31095350954e-103 2.74326477838e-103 3.2696473373e-103 1.44680903515e-38
looks 1.245610319e-41 0.00662190701908 3.984002643e-93 3.26982775915e-103 1.7814189274e-43
losing 0.00144262583692 3.31095350954e-103 2.74326477838e-103 3.2696473373e-103 1.4463005323e-103
loss 0.00144262583692 3.31095350954e-103 2.74326477838e-103 0.0032696473373 1.44630053235e-103
love 0.0122568141606 5.81349094003e-05 0.00525244218227 0.00986654333421 0.00224751140436
loved 1.44262583692e-103 1.17956124966e-61 1.6062931101e-59 3.27147342123e-103 0.0014463005323
lovely 1.44262596955e-103 0.00662190701707 0.00274326478004 3.2696473373e-103 3.37510333835e-55
lover 1.44262583692e-103 3.31095350954e-103 2.74326477838e-103 0.0032696473373 1.4463005323e-103
loves 1.44262583692e-103 3.31095350954e-103 0.0022841826348 3.2696473373e-103 0.00168833723028
loving 1.44262583692e-103 3.31095350954e-103 2.74326477838e-103 0.0032696473373 1.4463005323e-103
lovst 0.00144262583692 4.10261714292e-48 2.74326494311e-103 3.2696473373e-103 7.22523736294e-22
lust 0.00144262583692 1.22155549508e-53 2.74326478051e-103 0.0032696473373 6.17314251288e-82
made 0.00288525167384 1.01483083759e-43 2.74855382947e-103 3.26966870315e-103 2.72138552169e-49
maid 0.00144262583692 3.31095350954e-103 2.74326477838e-103 3.2696473373e-103 1.33863385579e-38
maiden 1.44262583692e-103 3.31095350954e-103 0.00274326477838 3.2696473373e-103 2.76651362526e-75
majesty 1.44262583692e-103 3.31095350954e-103 2.74326477838e-103 0.0032696473373 1.4463005323e-103
make 0.00450525503978 1.59070657724e-10 7.96083853985e-45 3.27283394609e-103 0.00271477164529
makeless 1.44262583692e-103 3.31095350954e-103 0.00274326477838 3.2696473373e-103 6.17524249722e-71
making 3.08447226203e-20 3.31095364448e-103 5.60762542813e-67 3.27154410318e-103 0.00433890159691
makst 1.94772503547e-10 0.00331095306252 2.74326507533e-103 3.2696473373e-103 1.20698462075e-27
manner 1.44262583692e-103 0.00331095350954 2.46213793111e-88 3.26985051414e-103 7.8059639378e-50
manners 1.44262583692e-103 3.31095350954e-103 0.00274326477838 3.2696473373e-103 1.35557473588e-39
mark 0.00144262583692 3.31095357347e-103 2.74326477838e-103 3.2696473373e-103 1.44630703339e-103
master 1.44262583692e-103 3.31095350954e-103 0.00274326477838 3.2696473373e-103 9.7075056241e-27
may 0.00288525167371 4.18528928754e-38 1.96154193195e-79 3.27053409274e-103 1.25911589475e-13
mayst 0.00432787751076 7.2312111435e-55 2.74326477838e-103 3.2696473373e-103 8.78985103719e-37
me 6.66075087449e-27 0.0261314415144 0.0106404214982 0.00655659755553 0.00466221106218
means 0.00288525167384 3.31095350954e-103 4.75314422902e-47 3.2696473373e-103 2.47383108409e-40
measured 1.44262583692e-103 0.00331095350954 2.74326477838e-103 3.2696473373e-103 3.66743650216e-55
memorial 0.00144262583692 3.31095350954e-103 2.74326479234e-103 3.2696473373e-103 1.45751722335e-103
memory 1.44262583692e-103 3.31095350954e-103 2.74326477838e-103 0.0065392946746 1.4463005323e-103
mend 1.44262583692e-103 3.31095350954e-103 2.74326477838e-103 0.0032696473373 1.4463005323e-103
merit 0.000567728875803 5.32889522639e-13 0.00320626622178 0.0032696473373 0.0020793230281
merits 1.44262583692e-103 0.00331095350954 5.48831792398e-90 7.67575555368e-71 8.80970591471e-21
methinks 0.00144262583692 1.01353596303e-50 2.74326477838e-103 3.2696473373e-103 4.56998600129e-22
methods 1.90566057426e-103 3.31101908096e-103 6.10100980257e-85 3.2696473373e-103 0.0014463005323
might 0.00144262583692 0.00331095719202 7.97233034917e-22 0.0130785857126 8.66189009774e-49
miles 1.44262583692e-103 0.00331095350954 8.11784817726e-38 2.05954900782e-95 3.17997076291e-20
millions 0.00144262583692 3.31095350954e-103 2.74326477838e-103 3.2696473373e-103 1.4463005323e-103
mind 0.00144262583692 1.14015405728e-47 2.74326477838e-103 3.2696473373e-103 4.25505483227e-75
mine 0.000238602374737 1.81626495296e-09 1.85658809376e-20 0.00327071055122 0.00554552088311
minutes 1.44262583692e-103 3.31095350954e-103 0.00548652955675 3.2696473373e-103 2.49268865215e-39
miser 1.44262584158e-103 3.31095350954e-103 2.74326493709e-103 3.2696473373e-103 0.0014463005323
mistress 1.44262583692e-103 0.00331095350954 2.74332454858e-103 3.27007822545e-103 1.4463005323e-103
mock 1.44262583692e-103 8.36219436439e-40 1.14963862239e-47 1.13867618961e-90 0.0014463005323
moment 1.44262583692e-103 3.31095350954e-103 2.74326477838e-103 0.0032696473373 1.4463005323e-103
monarchs 1.44262583692e-103 0.00331095350954 2.74326477838e-103 3.2696473373e-103 4.72897785877e-53
more 0.00577050334787 3.31095350954e-103 0.00822979433472 0.00326964733736 5.00492877619e-41
morn 1.44262583692e-103 3.31095350954e-103 2.74326477838e-103 0.0032696473373 1.4463005323e-103
mortal 1.44262583692e-103 3.31095350954e-103 0.00274326477838 3.2696473373e-103 4.83521263435e-66
mortality 0.00144262583692 2.56421319235e-48 2.74326477838e-103 3.2696473373e-103 2.43662156372e-30
mortgaged 2.92522290479e-54 0.00331095350954 2.74793626911e-103 3.27004081785e-103 6.82080347661e-53
most 3.86484718641e-32 1.37138353787e-61 0.00264447451614 0.00331413894973 0.00581760572016
mother 1.44262583692e-103 3.31095350954e-103 2.74326477838e-103 0.0032696473373 1.4463005323e-103
motion 1.44262583692e-103 3.31095350954e-103 0.00548652955675 3.2696473373e-103 1.45408511953e-38
motley 7.04975306257e-45 0.00331095350954 2.4933720653e-102 3.27102961581e-103 4.40848474486e-27
mountain 1.44262583692e-103 3.31095350954e-103 0.00274326477838 3.2696473373e-103 1.13022371552e-28
much 1.44262583692e-103 3.31095350954e-103 0.00274326477838 3.2696473373e-103 1.05294904877e-50
mud 1.44262583692e-103 3.31095350954e-103 2.74326477838e-103 0.0032696473373 1.4463005323e-103
muse 4.16121793033e-09 4.37491099112e-56 2.74326486243e-103 3.2696473373e-103 0.00144629636049
muses 1.44262583692e-103 3.31095350954e-103 0.00274326477838 3.2696473373e-103 1.76239814204e-73
must 1.44262583692e-103 3.31095350954e-103 7.70951762057e-26 3.2696473373e-103 0.0014463005323
my 0.0300887151547 0.0019660525055 0.0480047964105 1.84144456096e-90 0.033337431082
name 1.44262583692e-103 3.31095350954e-103 2.74326477838e-103 0.0065392946746 1.4463005323e-103
nearly 1.44262583692e-103 3.31095350954e-103 2.74326477838e-103 0.0032696473373 1.4463005323e-103
need 1.44262583692e-103 3.31095350954e-103 2.74326477838e-103 0.0032696473373 1.4463005323e-103
neglect 1.44262583705e-103 0.00331095350954 5.22629634054e-76 3.27009768881e-103 3.53818220375e-44
nerves 0.00144262583692 3.31095350954e-103 2.74326477838e-103 3.2696473373e-103 1.4463005323e-103
never 1.44262583692e-103 3.31095350954e-103 0.00274326477838 3.2696473373e-103 4.37621632852e-16
new 0.00292732939037 4.35989550742e-88 7.94102917003e-05 0.0032697347837 0.00280851089345
newer 1.44262583692e-103 3.31095350954e-103 0.00274326477838 3.2696473373e-103 1.49693055033e-72
night 1.44262585955e-103 0.00662178462911 2.7672065085e-103 0.00653941553768 2.44929029506e-51
no 0.00263941247157 3.10359443185e-06 0.00752268502507 1.83464671205e-91 0.00206421148354
none 0.00288525167384 1.03153503462e-63 2.74326477838e-103 3.2696473373e-103 2.85963472203e-79
nor 0.00288525167384 3.31095350954e-103 2.74326477838e-103 3.2696473373e-103 1.44630158065e-103
not 4.20737430607e-12 0.00235705755973 0.00207465598053 3.2699146042e-103 0.0253562957745
note 1.44262583692e-103 3.31095350954e-103 2.74326477838e-103 0.0032696473373 1.4463005323e-103
nothing 0.000347252309619 3.31095472818e-103 1.04304231244e-36 4.17343840434e-99 0.00254446422455
now 0.00288525167384 0.00331095350954 2.74326477838e-103 0.0032696473373 2.25709919411e-29
nurseth 9.44686123728e-12 2.36035549489e-50 2.74326486523e-103 3.2696473373e-103 0.00144630052283
odour 1.44262583692e-103 3.31095350957e-103 0.00274326477838 3.2696473373e-103 2.58414800436e-28
oer 0.00288525167384 2.30576344346e-58 2.74326477838e-103 3.2696473373e-103 1.29671009734e-34
oerlook 1.44262583692e-103 3.31095350954e-103 2.74326477838e-103 0.0032696473373 1.4463005323e-103
oersways 5.44380558177e-43 2.94154054092e-97 2.74326487487e-103 3.2696473373e-103 0.0014463005323
oerworn 1.44262583692e-103 3.31095350954e-103 2.74326477838e-103 0.0032696473373 1.4463005323e-103
of 0.0158456248529 8.27309912312e-35 0.00828060396241 2.38895213939e-94 0.063633754235
offence 1.44262583692e-103 3.31095350954e-103 2.74326477838e-103 0.0032696473373 1.4463005323e-103
offences 0.00144262583692 1.37988809817e-46 2.74326477896e-103 3.2696473373e-103 6.59088491047e-27
old 0.00432787751076 2.88884564258e-34 2.74326477838e-103 3.2696473373e-103 6.71146832784e-43
on 4.98425878873e-67 7.44630686167e-38 8.3938453219e-44 1.39943577982e-96 0.00867780319382
one 0.00712719321279 4.56116673751e-25 0.0029066786856 0.0032696473373 8.32418296613e-21
oppressed 1.44262583692e-103 3.31095350954e-103 2.74326477838e-103 0.0032696473373 1.4463005323e-103
or 0.0144028915297 1.97508145993e-40 2.18383617367e-59 3.26973692264e-103 0.00725492902162
ornament 1.44262583692e-103 3.31095350958e-103 0.00274326477838 3.2696473373e-103 6.43444583694e-25
other 1.44262583692e-103 3.31095350954e-103 0.00822979433513 0.0032696473373 1.37515631754e-73
others 1.44262583692e-103 3.31095350954e-103 0.00274326477838 3.2696473373e-103 6.89217357611e-60
our 2.17555611157e-76 3.31095368815e-103 1.73068478116e-14 3.35536101446e-81 0.00723150266151
out 1.44262583692e-103 3.31095350954e-103 2.74326477838e-103 0.0032696473373 1.4463005323e-103
outcast 1.44262583692e-103 3.31095350954e-103 0.00274326477838 3.2696473373e-103 4.95733222852e-48
outlive 1.44262583692e-103 0.00331095350954 4.16189697854e-83 3.2701179386e-103 2.91052433965e-47
outward 1.44262583692e-103 3.31095350954e-103 0.00548652955675 3.2696473373e-103 3.48028978279e-39
outworn 1.44262583692e-103 3.31095643995e-103 3.91885263961e-19 5.22663409097e-71 0.0014463005323
over 1.44262583692e-103 3.31095350954e-103 0.00274326477838 3.2696473373e-103 6.79818512019e-73
own 8.02873794701e-66 0.0057829459629 0.00343837428986 1.13844789244e-81 2.71324398968e-09
owners 1.44262583692e-103 3.31095350954e-103 0.00274326477838 3.2696473373e-103 3.34636359301e-29
pain 1.44262583692e-103 3.31095350954e-103 2.74326477838e-103 0.0065392946746 1.4463005323e-103
painted 2.95904748399e-42 0.00331095350954 2.74395285603e-103 3.26967035783e-103 1.8964453019e-45
painters 1.44262583692e-103 3.31095350954e-103 0.00274326477838 3.2696473373e-103 4.77845671973e-49
painting 0.00144262583692 3.31095350954e-103 0.00274326477838 3.2696473373e-103 3.58352250095e-34
palate 1.44262583692e-103 3.31095350954e-103 0.00274326477838 3.2696473373e-103 9.95060637287e-71
pale 2.13310505232e-52 3.31095350954e-103 1.85138180728e-85 3.2696473373e-103 0.0014463005323
paper 1.44262583692e-103 3.31095350954e-103 2.7432648016e-103 3.2696473373e-103 0.0014463005323
part 1.44262583692e-103 0.00652670039119 5.08763375889e-56 0.00663331354151 2.67594080107e-60
partake 1.44262583692e-103 3.31095350954e-103 2.74326477838e-103 0.0032696473373 1.4463005323e-103
parts 1.44262583692e-103 3.31095350954e-103 2.74326477838e-103 0.0032696473373 1.4463005323e-103
passion 1.44262583692e-103 3.31095350954e-103 2.74326477838e-103 0.0032696473373 1.4463005323e-103
past 1.44262583692e-103 3.31095350954e-103 2.74326477838e-103 0.0032696473373 1.4463005323e-103
patience 1.44262583692e-103 0.00331095350954 2.74326477838e-103 3.2696473373e-103 4.01575066008e-50
perfection 6.04975040175e-14 0.0033109535094 2.74326477838e-103 3.2696473373e-103 6.16250117782e-37
perspective 0.00144262583692 9.02325840934e-91 3.16549603192e-76 3.26981004171e-103 1.23025246031e-37
phoenix 1.44262583692e-103 3.31095350954e-103 2.7432647888e-103 3.2696473373e-103 0.0014463005323
phrase 1.44262583692e-103 0.00331095350954 3.18242593463e-77 2.48502165838e-100 1.00388944356e-63
pied 1.44262583692e-103 3.31095350954e-103 0.00274326477838 3.2696473373e-103 1.09743541014e-30
pity 1.44262583692e-103 3.31096113935e-103 2.3702564741e-22 1.35517214588e-21 0.0014463005323
place 0.00144260934002 1.84280529165e-48 2.7557696477e-103 0.00653933206408 1.28666441746e-53
plague 1.44262583692e-103 3.31095350954e-103 2.74326480194e-103 3.2696473373e-103 0.0014463005323
plagues 0.00144262583692 1.41674545359e-99 2.77309846983e-103 3.27063520328e-103 2.2559542356e-103
please 1.44262583692e-103 3.31095350954e-103 2.74326477838e-103 0.0032696473373 1.4463005323e-103
pleased 1.44262583692e-103 7.7578517389e-49 8.780874896e-69 1.0248321757e-89 0.0014463005323
pleasure 1.44262615486e-103 0.00321537396668 1.1525098144e-27 0.00657542507599 0.00147206989769
plus 1.44262583692e-103 3.31095350954e-103 2.74326477838e-103 0.0032696473373 1.4463005323e-103
poesy 1.44262583692e-103 3.31095350954e-103 0.00274326477838 3.2696473373e-103 9.86091173064e-75
poets 1.44262583692e-103 3.31095350954e-103 0.00274326477838 3.2696473373e-103 1.14285918571e-73
point 1.44262583692e-103 3.31095350954e-103 2.74326477909e-103 3.2696473373e-103 0.0014463005323
poor 0.00144262583692 3.31095350954e-103 2.74326477838e-103 3.2696473373e-103 1.4463005323e-103
posting 1.44262583692e-103 0.00331095350954 1.00360386769e-67 3.26969491263e-103 4.70513131046e-48
pourst 0.00144262583692 1.00770158288e-56 2.74326477838e-103 3.2696473373e-103 1.97970643716e-42
power 1.44262583696e-103 0.00993205819561 1.25366852979e-70 0.00327043966072 8.82622884381e-43
powerful 1.44262583692e-103 3.31095350954e-103 0.00274326477838 3.2696473373e-103 4.25554116042e-73
powers 1.44262583692e-103 3.31095350954e-103 0.00274326477838 3.2696473373e-103 1.18030555357e-73
praise 0.00270139990549 1.20675086722e-12 0.00567505935316 4.18410460793e-57 0.00153122417523
precious 3.44504179954e-65 3.3109547002e-103 0.00763618337945 1.1048921589e-86 0.00175926333777
presence 1.44262583692e-103 3.31095793265e-103 1.13172887213e-24 7.62028896307e-30 0.0014463005323
present 1.90829822769e-49 3.31095350954e-103 2.62452053422e-85 3.2696473373e-103 0.0014463005323
pretty 2.40203967145e-35 0.00331095350954 2.74326477838e-103 3.2696473373e-103 1.32499962582e-43
pride 1.44262583692e-103 3.31095350954e-103 2.74326477838e-103 0.0065392946746 1.4463005323e-103
princes 1.87852420976e-18 0.00331095350954 2.74326477838e-103 3.2696473373e-103 1.44495539417e-33
prize 1.44262583692e-103 0.00331095350954 9.84675074021e-75 3.27006057331e-103 4.08236186888e-46
proud 4.88736560528e-97 3.31095359694e-103 6.17079289426e-67 3.27087325739e-103 0.00433890159691
proudly 0.00144262583692 1.94746230793e-51 2.74326477838e-103 3.2696473373e-103 6.56407009077e-31
prove 3.75673162922e-38 1.07507355207e-60 8.58115661921e-21 0.0065392946746 0.0014463005323
proves 0.00144262583692 3.31095350954e-103 2.74326477838e-103 3.2696473373e-103 1.4463005323e-103
public 0.00286387403419 2.03984708552e-91 6.99258136733e-89 3.26964932495e-103 0.00146773262565
publish 1.44262583692e-103 4.81363167764e-22 2.18012549576e-20 2.28963419521e-73 0.0014463005323
purest 0.00144262583689 7.02903167139e-14 2.74326477838e-103 3.2696473373e-103 2.25940331737e-23
purge 1.44262583692e-103 3.31095350954e-103 2.74326477838e-103 0.0032696473373 1.4463005323e-103
pursuit 0.00144262560273 5.37491861202e-10 2.74801182399e-103 3.2698056952e-103 5.90691387333e-33
put 1.44262583692e-103 0.00331095350954 6.40319587898e-57 3.2696473373e-103 8.77910521622e-53
pyramids 1.44262583692e-103 3.31095350954e-103 0.00274326477838 3.2696473373e-103 2.38645134752e-28
qualify 1.44262583692e-103 3.31095350954e-103 2.74326477838e-103 0.0032696473373 1.4463005323e-103
quality 1.44262583692e-103 3.31095350954e-103 2.74326477838e-103 0.0032696473373 1.4463005323e-103
quick 1.44262583692e-103 3.31095350954e-103 0.00274326477838 3.2696473373e-103 7.65332791445e-37
rage 1.44262583692e-103 3.31095350954e-103 2.74326477838e-103 0.0032696473373 1.4463005323e-103
reasons 1.44262583705e-103 0.00331095350954 2.74326477838e-103 3.2696473373e-103 9.88471383927e-53
rebel 5.81788349997e-89 3.31095350982e-103 2.74326487563e-103 3.2696473373e-103 0.0014463005323
receives 1.44262583692e-103 0.00331095350954 2.74326477838e-103 3.2696473373e-103 5.02059699014e-41
receivst 0.00144262583692 1.35404336645e-53 2.74326477838e-103 3.2696473373e-103 4.02642016779e-34
red 0.00144262583688 3.31095350954e-103 2.74326477856e-103 0.00326964733738 8.46840606921e-102
rehearse 1.44262583692e-103 3.31095350954e-103 2.74326477838e-103 0.0065392946746 1.4463005323e-103
remembrance 1.38165590881e-36 0.00331095350954 2.74409084767e-103 3.26967497309e-103 2.03984838968e-44
remote 4.22806805107e-58 3.31095350954e-103 1.87134569168e-82 3.2696473373e-103 0.0014463005323
remove 1.44262583692e-103 3.31095350954e-103 2.74326477838e-103 0.0032696473373 1.4463005323e-103
remover 1.44262583692e-103 1.57635606606e-08 4.26025274826e-22 3.41276831643e-59 0.00144629364642
repay 1.44262583692e-103 3.31095350954e-103 2.74326477838e-103 0.0032696473373 1.4463005323e-103
reproach 1.44262583692e-103 3.31095350954e-103 2.74326479903e-103 3.2696473373e-103 0.0014463005323
reproving 1.44262583692e-103 3.31095350954e-103 2.74326477838e-103 0.0032696473373 1.4463005323e-103
require 1.44262583692e-103 3.31095350954e-103 2.74326477838e-103 0.0032696473373 1.4463005323e-103
resort 1.44262583692e-103 3.31095350954e-103 2.74326477838e-103 0.0032696473373 1.4463005323e-103
respects 1.44262583692e-103 3.31095350954e-103 2.74326477838e-103 0.0032696473373 1.4463005323e-103
respose 1.44262583692e-103 0.00331095350954 2.74326477838e-103 3.2696473373e-103 5.97836779008e-94
rest 1.44262583692e-103 3.31095350954e-103 2.74326477838e-103 0.0032696473373 1.4463005323e-103
restore 1.44262584274e-103 3.31095350955e-103 2.74326479487e-103 3.2696473373e-103 0.0014463005323
return 1.44262583692e-103 0.00331095350954 4.0319269264e-76 3.27002416953e-103 1.70362307415e-36
rhyme 1.44262583692e-103 3.31095350954e-103 2.74326477838e-103 0.0065392946746 1.4463005323e-103
rich 0.00143312938927 0.00333274869431 2.7454093532e-103 3.26971633491e-103 1.15496656736e-47
richly 1.44262583692e-103 3.31095350954e-103 0.00274326477838 3.2696473373e-103 1.59724513045e-62
right 1.44262583692e-103 3.31095350954e-103 2.74326477838e-103 0.0032696473373 1.4463005323e-103
rose 1.44262583692e-103 3.31095350954e-103 0.00274326477838 0.0032696473373 1.44630053232e-103
roses 0.00144262583692 3.31095350954e-103 2.74326477838e-103 3.2696473373e-103 1.4463005323e-103
rotten 1.44262583692e-103 3.31095350954e-103 0.00274326477838 0.0032696473373 3.71335001137e-81
rude 0.00144262583692 3.31095350954e-103 0.00274326477838 3.2696473373e-103 1.72816412496e-28
ruined 1.44262704012e-103 3.31095371452e-103 7.72298438435e-50 3.27252616316e-103 0.0014463005323
ruining 1.44262583692e-103 3.31095350954e-103 2.74326477838e-103 0.0032696473373 1.4463005323e-103
ruth 1.44262583692e-103 3.31095350954e-103 2.74326477838e-103 3.2696473373e-103 0.0014463005323
sable 0.00144262583692 3.31095350954e-103 2.74326477838e-103 3.2696473373e-103 1.4463005323e-103
sacred 1.44262583692e-103 3.31095350954e-103 0.00274326477838 3.2696473373e-103 2.17892416449e-73
sad 0.00144262583692 3.31095350954e-103 2.74326477838e-103 3.2696473373e-103 1.4463005323e-103
said 1.88760779849e-69 0.00316286181143 4.14627622013e-46 3.2696473373e-103 0.00295729091942
sake 1.44262583692e-103 3.31095350954e-103 2.74326477838e-103 0.0032696473373 1.4463005323e-103
sang 1.44262583692e-103 3.31095350954e-103 2.74326477838e-103 0.0032696473373 1.4463005323e-103
saturn 0.00144262583692 3.31095350954e-103 2.74326477838e-103 3.2696473373e-103 1.4463005323e-103
savage 0.00144262583692 3.31095350954e-103 2.74326477838e-103 3.2696473373e-103 3.09840902386e-39
saw 0.00288525167384 4.0726930044e-25 2.54550164917e-101 3.27039448717e-103 7.11762355319e-29
say 0.00140337027002 9.009457219e-05 5.56928103705e-68 3.27024497256e-103 1.81488972126e-10
scandal 0.00144262583692 3.31095350954e-103 2.74326477838e-103 3.2696473373e-103 1.4463005323e-103
scope 1.44262620024e-103 0.00331095350954 1.06807294612e-78 3.27047319043e-103 3.60020590785e-46
scorn 1.44262583692e-103 3.31095350954e-103 2.74326477838e-103 0.0032696473373 1.4463005323e-103
seasoned 1.44262583692e-103 0.00331095350954 2.74326477838e-103 3.2696473373e-103 2.72305178995e-51
seasons 1.44262583692e-103 3.31095350954e-103 0.00274326477838 3.2696473373e-103 7.28269991601e-44
second 1.44262583692e-103 0.00331095350954 2.74326477838e-103 3.2696473373e-103 2.78539583203e-54
secret 1.44262583692e-103 3.31095643995e-103 8.88201462957e-20 3.47986900289e-76 0.0014463005323
see 4.67467740044e-15 0.00930145899833 4.7976921131e-07 0.00327320850703 0.00461288408982
seeing 0.00144262583692 9.90812385427e-87 2.74326477838e-103 0.0032696473373 6.68302044722e-69
seek 0.00144262583692 4.21580063249e-29 4.18268014478e-83 3.2696618832e-103 4.35508843724e-41
seemed 1.44262583692e-103 0.00331095350954 1.33647592769e-90 3.2696473373e-103 1.4463005323e-103
seems 0.00144262583692 3.31095350954e-103 2.74326477838e-103 3.2696473373e-103 1.4463005323e-103
seldom 1.44262583692e-103 3.31095350954e-103 0.00274326477838 3.2696473373e-103 1.51112376308e-73
self 0.000109954292218 0.0253951401566 0.00742790016744 9.29102831276e-88 0.00368236412021
semblance 1.44262583692e-103 0.00331095350954 2.74393966856e-103 3.26989080478e-103 2.4856457272e-48
sequent 0.00144262583692 3.31095350954e-103 2.74326477838e-103 3.2696473373e-103 1.4463005323e-103
services 0.00144259730869 1.82534128375e-45 2.74326482561e-103 3.2696473373e-103 2.86008932878e-08
serving 0.00144262583692 3.31095350954e-103 2.74326477838e-103 3.2696473373e-103 2.49550912379e-39
set 1.44262583692e-103 3.31095350954e-103 2.74326477838e-103 0.0032696473373 1.4463005323e-103
shadow 1.44262583692e-103 3.31095350954e-103 0.00274326477838 3.2696473373e-103 1.01409370298e-78
shadows 0.00288525167384 3.81427815407e-56 2.74326477838e-103 3.2696473373e-103 3.68060961253e-36
shall 1.25757523472e-26 2.8940400157e-46 1.58920783291e-18 3.26964733779e-103 0.00867780319382
shalt 4.4200428029e-23 0.00331095350954 2.74326477838e-103 3.2696473373e-103 2.13139245927e-37
shame 1.44262583692e-103 3.31095350954e-103 2.74326477838e-103 0.0032696473373 1.4463005323e-103
sharpened 0.00144262583692 1.61812475613e-63 2.74326499519e-103 3.2696473373e-103 7.08296764049e-37
she 0.00288525167384 3.31095350954e-103 0.00548652955675 3.2696473373e-103 1.43953833397e-38
shifting 6.37121921163e-67 3.31095350954e-103 0.00274326477808 3.2696473373e-103 1.55924132415e-13
shook 1.44262583692e-103 0.00331095350954 2.74326477838e-103 3.2696473373e-103 1.4463005323e-103
short 0.00144262583692 3.31095350954e-103 0.00274326477838 3.2696473373e-103 1.1926440087e-46
should 0.000998782559909 0.00307545917344 0.00655772204903 3.27649446586e-103 0.00721459311278
show 1.44262583692e-103 1.92772855647e-07 0.00504950326082 0.00802803810248 0.00101809184584
showers 1.44262583692e-103 3.31095350954e-103 2.74326510008e-103 3.2696473373e-103 0.0014463005323
shows 1.44262583706e-103 0.00331095350954 3.91968272984e-39 3.2696473373e-103 4.68040816441e-45
shun 1.44262583692e-103 0.00331095350954 2.74326477838e-103 3.2696473373e-103 9.72330512769e-53
sick 0.00144262575246 1.93846256011e-10 2.74326477838e-103 3.2696473373e-103 1.26783223477e-39
sicken 1.44262583692e-103 0.00331095350954 7.35443815923e-55 3.27202583649e-103 6.64671468654e-35
sickly 0.00144262583692 5.94701987478e-50 2.7432648286e-103 3.2696473373e-103 8.57521597375e-29
sickness 1.44262583692e-103 3.31095350954e-103 2.74326477838e-103 3.2696473373e-103 0.0014463005323
side 1.44262583692e-103 0.00331095350954 1.87624048262e-47 1.26989683667e-81 6.16718602333e-46
sighs 1.87827661445e-38 0.00331095350954 2.74326477838e-103 3.2696473373e-103 1.28620753398e-44
sight 1.44262583692e-103 3.31095350954e-103 2.74326477838e-103 0.0130785893492 1.4463005323e-103
silver 5.78628750595e-89 3.31095372186e-103 1.24871889188e-53 3.27262925839e-103 0.0014463005323
silvered 0.00144262583692 3.31095350954e-103 2.74326477838e-103 3.2696473373e-103 1.4463005323e-103
sin 0.00144262583692 3.31095350954e-103 2.74326477838e-103 3.2696473373e-103 1.4463005323e-103
sinful 0.00144262583614 3.3109535445e-103 0.00274326477987 3.26964733735e-103 1.10144927472e-68
single 1.44262583692e-103 3.31095350954e-103 0.00274326477838 3.2696473373e-103 5.25059878593e-72
sins 1.44262583692e-103 3.31095350954e-103 0.00274326477838 3.2696473373e-103 4.91904069245e-71
slandered 1.44262583692e-103 0.00331095350954 2.74326477838e-103 3.2696473373e-103 9.98616160395e-58
slanders 0.00144262583692 3.31095350954e-103 2.74326477838e-103 3.2696473373e-103 1.4463005323e-103
slave 0.0028852516721 3.75604489309e-22 1.0390115398e-83 3.2699195714e-103 1.74948054621e-12
slavery 4.79374310527e-48 0.00331095350954 1.16952226101e-88 3.26995401195e-103 4.02196084671e-43
slay 1.44262583692e-103 8.55519133234e-39 0.00274326477838 3.26967492568e-103 7.98621326597e-29
slide 1.44262583692e-103 3.31095350954e-103 2.74326477838e-103 0.0032696473373 1.4463005323e-103
slow 1.44262583692e-103 3.31095350954e-103 2.74326477838e-103 0.0032696473373 1.4463005323e-103
sluttish 1.44262583692e-103 3.31095350954e-103 0.00274326477838 3.2696473373e-103 4.09586695721e-62
small 1.44262583692e-103 3.31095643995e-103 2.33039876898e-20 5.8180844528e-76 0.0014463005323
smoke 1.44262583692e-103 3.31095350954e-103 2.74326477838e-103 0.0032696473373 1.4463005323e-103
smother 1.44262583692e-103 3.31095350954e-103 2.74326477838e-103 0.0032696473373 1.4463005323e-103
so 0.00834384208409 0.00314457815338 0.00267831544727 0.0032696473373 0.00331222759453
society 1.44262583692e-103 3.31095350954e-103 2.74326477838e-103 0.0032696473373 1.4463005323e-103
some 0.0055346031753 8.19108336809e-63 0.00325454646615 1.01492462073e-93 0.00285954485365
sometime 1.40027206718e-52 3.31095350954e-103 2.92925494341e-11 3.2696473373e-103 0.00144630051686
sorrow 0.00144262583692 3.31095350954e-103 8.94842942916e-82 3.2696473373e-103 5.29744141953e-34
soul 0.00275300261506 2.44731199501e-24 0.002994746608 3.2696473373e-103 8.03343225367e-26
sound 1.44262583692e-103 2.78249408027e-75 0.00274326477838 3.2696473373e-103 2.51425305353e-29
sounds 1.44262583692e-103 3.31095350954e-103 2.74326477838e-103 0.0032696473373 1.4463005323e-103
sovereign 1.44262583692e-103 3.31095350954e-103 0.00274326477838 3.2696473373e-103 9.48911520974e-73
speak 5.96920167937e-06 0.00329725366531 2.74408952429e-103 3.26967492851e-103 1.4243139307e-37
speaking 1.44262583692e-103 0.00331095350954 2.74408323575e-103 3.26967471851e-103 1.42418643385e-49
speed 1.44262583692e-103 3.31095350954e-103 2.74326477838e-103 0.0032696473373 1.4463005323e-103
spirit 1.44262583692e-103 0.00662190701908 2.74326477838e-103 0.0032696473373 1.44630053426e-103
spirits 3.11243030922e-20 2.72582660624e-79 7.95968984468e-86 3.2696473373e-103 0.0014463005323
sport 1.44262583692e-103 3.31095350954e-103 2.74326477838e-103 0.0032696473373 1.4463005323e-103
stamped 0.00144262583692 2.7317312557e-51 2.74326477838e-103 3.2696473373e-103 5.63156160598e-32
stars 1.44262583692e-103 0.00331095350954 5.06081038997e-35 3.2696473373e-103 8.33848260495e-43
state 1.44262583692e-103 3.31095350954e-103 2.74326477838e-103 0.0065392946746 1.4463005323e-103
stay 3.54608166777e-66 7.09852390937e-24 6.7280655843e-26 0.00987179293182 0.00141849896548
steel 1.44262583692e-103 3.31095350954e-103 2.74326477838e-103 0.0032696473373 1.4463005323e-103
still 0.0057704970519 1.36433899656e-10 2.74347598167e-103 0.00653930880897 1.58692969205e-24
stirred 0.00144262583692 3.31095350954e-103 2.74326477838e-103 3.2696473373e-103 3.40096712655e-29
stone 0.00144262583692 3.31095350954e-103 2.74326477838e-103 3.2696473373e-103 1.4463005323e-103
stop 1.44262583692e-103 9.49770916112e-20 7.06908575462e-27 2.3009274915e-65 0.0014463005323
strange 0.00144262583692 3.31095350954e-103 2.74326477838e-103 0.0032696473373 1.4463005323e-103
streams 1.44262583692e-103 0.00331095350954 2.74326477838e-103 3.2696473373e-103 2.2660589297e-51
strengths 0.00144262583692 3.31095350954e-103 2.74326477838e-103 3.2696473373e-103 1.4463005323e-103
stronger 4.14167214935e-91 3.31095514467e-103 8.03864644957e-38 1.43267534606e-43 0.0014463005323
strongly 1.44262583692e-103 3.31095350954e-103 0.00274326477838 3.2696473373e-103 7.86457889256e-27
subject 1.44262583692e-103 0.003310953421 2.74326477838e-103 3.2696473373e-103 3.86755223824e-11
subjects 1.44262583692e-103 3.31095350954e-103 0.00274326477838 3.2696473373e-103 4.25910472599e-75
subtleties 1.44262583692e-103 3.31095350954e-103 2.74326477838e-103 0.0032696473373 1.4463005323e-103
such 2.25160437253e-09 3.99957295494e-40 1.26303929197e-77 3.2696473373e-103 0.00433889933957
suggest 1.44262583692e-103 5.91464653246e-57 3.32535616461e-69 3.71005280145e-71 0.0014463005323
suit 1.7950677689e-36 3.14937651632e-41 2.87820107172e-59 2.62065402795e-75 0.0014463005323
sullen 1.44262583692e-103 3.31095350954e-103 0.00274326477838 3.2696473373e-103 7.38187084915e-74
summer 1.44262583692e-103 0.00331095350954 2.74326477838e-103 3.2696473373e-103 4.06458595649e-51
summers 3.7954653949e-91 3.31095359249e-103 0.00275010950963 3.27080930061e-103 0.00144269186188
summon 0.00144262583692 3.31095350954e-103 2.74326477838e-103 3.2696473373e-103 1.15647563116e-47
sunk 1.44262583692e-103 0.00331095350954 2.74326478328e-103 3.2696473373e-103 2.52851064896e-50
supposed 0.00144262583692 3.31095350954e-103 0.00274326477838 3.2696473373e-103 1.25975512928e-35
sure 1.44262583692e-103 0.00331095350954 2.74326477838e-103 3.2696473373e-103 7.67262754196e-54
surly 1.44262583692e-103 3.31095643995e-103 9.78181612903e-19 1.65423577238e-78 0.0014463005323
survive 0.00144262583692 3.79493126e-82 2.74326477838e-103 3.2696473373e-103 4.34498333058e-97
sway 1.44262583692e-103 3.31095350954e-103 2.74326477838e-103 0.0032696473373 1.4463005323e-103
swear 0.00288525167384 3.31095350954e-103 2.74326477838e-103 3.2696473373e-103 3.93598876068e-47
swearing 1.44262583692e-103 3.31095350954e-103 2.74326477838e-103 0.0032696473373 1.4463005323e-103
sweet 3.11470363392e-82 0.00374433459811 0.00805536625828 1.32170885347e-71 0.0085804541279
sweetest 1.44262583692e-103 3.31095350954e-103 0.00548652955675 3.2696473373e-103 6.79412610353e-62
sweets 0.00432787751076 3.31095351015e-103 2.74326477838e-103 3.2696473373e-103 1.44630053239e-103
sweetst 1.44262583692e-103 3.31095350954e-103 0.00274326477838 3.2696473373e-103 9.14573292285e-31
swift 1.44262583692e-103 3.31095643995e-103 1.22380885601e-20 4.97761388256e-75 0.0014463005323
table 1.44262583692e-103 0.00331095350954 2.7440798382e-103 3.26967460486e-103 4.01607258232e-52
take 0.00144262583692 0.00331095350954 3.03367303358e-64 3.26964733889e-103 2.87552209439e-30
taste 1.44262583692e-103 3.31095350954e-103 2.74326477838e-103 0.0032696473373 1.4463005323e-103
tattered 1.44262583692e-103 3.31095350954e-103 0.00274326477813 3.2696473373e-103 1.30630121665e-13
taught 0.00144262583692 1.33351034969e-39 1.29902346638e-61 7.75870311478e-103 3.45542907478e-31
temperate 1.44262583692e-103 3.31095350954e-103 2.74326477838e-103 0.0032696473373 1.4463005323e-103
temptation 1.97430709391e-89 3.31095350981e-103 0.00268931968334 3.2696473373e-103 0.00147474139601
tend 1.44262583692e-103 3.31095350954e-103 2.74326477838e-103 0.0032696473373 1.4463005323e-103
tender 1.44262583692e-103 0.00662190701908 2.7436777762e-103 3.26966116597e-103 9.16229124551e-50
term 0.00144262583692 4.44396426088e-33 2.74408608608e-103 3.26967481356e-103 1.48147446004e-21
th 0.00144262583692 3.31095350954e-103 2.74326477838e-103 3.2696473373e-103 1.4463005323e-103
than 0.0144262583634 3.12477134225e-33 0.00548652956777 3.2696473373e-103 1.1346660552e-35
that 0.0447204377833 0.0262730253347 0.013892694091 8.85192838508e-98 1.72335086639e-06
the 7.38613132688e-18 0.00828452724639 0.0120823130031 3.88438732662e-101 0.0738965375701
thee 2.62538079396e-24 0.0292691509459 0.0139862220964 0.00327628450844 0.00297863724651
their 0.00144266940338 9.13656342468e-53 0.0140026285346 1.32112183724e-88 0.00563421328583
them 1.44262583692e-103 3.31095350954e-103 0.00274326477838 3.2696473373e-103 1.95799319027e-41
then 0.00288525284368 3.31095350982e-103 2.74326487562e-103 3.2696473373e-103 0.00144629935948
thereby 3.29817600202e-87 3.31095350985e-103 3.70605221745e-103 3.2696476847e-103 0.0014463005323
therefore 0.00288525167384 1.12510846241e-27 2.7437927359e-103 3.26966500163e-103 4.9353009275e-37
therein 1.44262583692e-103 3.31095350954e-103 0.00274326477838 3.2696473373e-103 7.89037142493e-65
these 0.00432787748885 5.02900143629e-11 2.74326477838e-103 3.2696473373e-103 2.96096326695e-36
they 0.00112143164059 0.010382931109 0.00544000172429 3.27120638399e-103 0.00304254259366
thine 0.00288529982193 3.39698277774e-34 0.00548643799943 0.0032696473373 6.36072983694e-29
thing 1.44262583692e-103 3.48156850811e-41 0.00292247711848 6.1000987238e-63 0.00135181643258
things 1.44262583692e-103 6.81962718239e-18 0.00821993215114 1.19026564556e-85 5.19952797352e-06
this 0.00692214682668 2.16014913332e-19 0.00769419362583 3.26964733828e-103 0.00346670333852
thorns 0.00144262583692 1.13560624706e-30 3.40609984598e-50 3.2696473373e-103 8.66054277071e-49
those 0.00412028256024 7.7825598286e-34 4.43744789031e-20 1.85478488187e-83 0.00165442427427
thou 0.0147074393046 4.56111420779e-29 1.15208348273e-18 3.27206621145e-103 0.0257515124144
though 2.83712099966e-91 0.00647686023729 2.74326493692e-103 3.2696473373e-103 0.00295596083004
thought 1.0128589455e-81 0.00306995810235 2.07174040259e-05 3.2700381986e-103 0.00298695079003
thousand 1.44262583692e-103 3.31095378602e-103 1.44971513526e-76 1.4027106407e-71 0.0014463005323
three 1.44262583692e-103 3.31095350954e-103 2.74326480191e-103 3.2696473373e-103 0.0014463005323
thrust 1.44262583692e-103 3.31095350954e-103 2.74326477838e-103 0.0032696473373 1.4463005323e-103
thus 0.00288525167384 3.31095350954e-103 2.74326477838e-103 0.0032696473373 1.4463005323e-103
thy 2.65733619477e-12 0.00100529900273 0.0246779009964 3.27231338721e-103 0.0444022323367
tie 1.51956175453e-67 5.73239590711e-26 6.70789916314e-33 1.83882603004e-97 0.0014463005323
tied 1.44262583692e-103 3.31095350954e-103 2.74326510253e-103 3.2696473373e-103 0.00289260106461
till 8.39329123239e-45 1.61893902462e-76 1.58876362966e-63 1.10579441405e-81 0.00433890159691
time 1.44262583692e-103 3.6827121349e-68 0.00274317252594 0.00653940462859 4.51348907372e-22
times 1.60517581477e-40 0.00986044755299 0.00280326198612 3.27169645624e-103 8.792306021e-28
tired 1.44262583692e-103 3.31095350954e-103 2.74326477838e-103 0.0032696473373 1.4463005323e-103
titles 1.44262583692e-103 3.31095350954e-103 0.00274326477838 3.2696473373e-103 2.80646401167e-73
to 0.00917405632116 2.31324618015e-10 0.0402838809926 2.41616951581e-99 0.0491106884652
toil 0.00144262583692 3.68955219363e-81 2.74777273415e-103 3.2696473373e-103 9.71149145525e-24
tomb 1.44262583692e-103 0.00331095350954 2.74576782573e-103 8.40695264521e-101 1.4403778411e-84
tomorrow 0.00144262583692 3.31095350954e-103 2.74326477838e-103 3.2696473373e-103 1.4463005323e-103
tongue 3.72496301653e-18 0.00993286052862 2.74326477838e-103 3.2696473373e-103 3.74229544789e-28
too 3.22663988166e-21 0.00238587192935 6.98961002328e-27 4.1967340446e-81 0.00474299847656
tops 1.44262583692e-103 0.00331095350954 2.74326477838e-103 3.2696473373e-103 1.4463005323e-103
torment 1.44262583692e-103 2.32510622413e-56 3.81583197475e-30 3.2696473373e-103 0.0014463005323
touches 0.0014426258346 2.86071884016e-22 1.10226738013e-99 3.27036541849e-103 2.3256879678e-12
travel 1.44262583692e-103 3.31095350954e-103 0.00548652955675 3.2696473373e-103 1.63090270344e-26
travels 1.44262583692e-103 3.31095350954e-103 0.00274326477838 3.2696473373e-103 2.70493683479e-75
treasure 1.44262583692e-103 0.00331095350954 2.74326477838e-103 0.0032696473373 1.44630053231e-103
trenches 0.00144262583692 6.40181671544e-62 2.74326500913e-103 3.2696473373e-103 1.37627444214e-34
trifle 2.69956825605e-53 6.71735344349e-48 9.75336098348e-38 2.52159092632e-97 0.0014463005323
trim 1.44262583692e-103 3.31095350954e-103 2.74326477838e-103 0.0032696473373 1.4463005323e-103
tripping 0.00144262583692 7.55610987859e-89 2.74326485832e-103 3.2696473373e-103 1.16836349739e-57
true 1.44262583692e-103 3.31095350954e-103 0.00548652955675 3.2696473373e-103 2.92216207536e-72
truest 1.44262583692e-103 0.00331095350954 2.74326477838e-103 3.2696473373e-103 1.44765986555e-103
trust 1.44262583692e-103 3.31095350954e-103 2.74326477838e-103 0.0065392946746 1.4463005323e-103
truth 3.70482364025e-33 0.00634894128943 8.53224556822e-91 0.0032696473373 0.00156553823195
turns 1.44262583692e-103 3.31095350954e-103 7.60522018572e-60 3.2696473373e-103 0.0014463005323
twice 1.44262583706e-103 3.31095350954e-103 0.00274326477838 3.2696473373e-103 1.96007176207e-28
twixt 5.97262220721e-13 0.00331095350817 2.74326477838e-103 3.2696473373e-103 6.14503312534e-27
two 0.00144262583692 4.21452076744e-25 2.74326477838e-103 3.2696473373e-103 9.9443807118e-35
tyrant 1.00968533753e-41 0.00295518253484 0.00303803605235 3.2696473373e-103 3.54989212603e-29
unbless 1.44262583692e-103 3.78715799129e-68 8.0296287005e-83 3.2698742863e-103 0.0014463005323
uncertain 0.00144262583692 3.31095350954e-103 2.74326477838e-103 3.2696473373e-103 1.4463005323e-103
under 8.75190860398e-39 1.56807460637e-58 0.00641849749764 3.26965098689e-103 0.000954949591766
undivided 1.44262583692e-103 0.00331095350954 2.65540029613e-82 3.2699343932e-103 7.66668286179e-46
unfair 0.00144262583692 3.31095350954e-103 1.4362586006e-70 3.2696473373e-103 5.58247403649e-23
unfathered 1.44262583692e-103 3.31095350954e-103 2.74326477838e-103 0.0032696473373 1.4463005323e-103
unhappily 1.44262583692e-103 3.31095350954e-103 0.00274326477838 3.2696473373e-103 1.70091050921e-74
unkindness 1.44262583705e-103 0.00331095350954 2.74326477838e-103 3.2696473373e-103 5.50082717041e-50
unlearned 0.00144262583692 3.31095350954e-103 2.74326477838e-103 3.2696473373e-103 5.02913238986e-48
unless 0.00144262583692 3.31095350954e-103 2.74326477838e-103 3.2696473373e-103 1.4463005323e-103
unlooked 0.00144262583692 3.31095350954e-103 2.74326477838e-103 3.2696473373e-103 1.44630058715e-103
unmoved 0.00144262583692 3.31095350954e-103 2.74326477838e-103 3.2696473373e-103 1.4463005323e-103
unprovident 1.44262583692e-103 3.31095350954e-103 2.74326477838e-103 0.0032696473373 1.4463005323e-103
unrespected 1.44262583692e-103 3.31095350954e-103 2.74326477838e-103 0.0032696473373 1.4463005323e-103
unswept 0.00144262583692 3.31095350954e-103 2.74326477838e-103 3.2696473373e-103 1.4463005323e-103
unto 1.44262583692e-103 3.31095350954e-103 2.74356691357e-103 3.2696473373e-103 0.0014463005323
up 0.00112653480841 4.63657891277e-44 1.51511198828e-67 1.96146403331e-85 0.0061020983133
upon 0.00773187731364 5.21424253277e-26 7.04308980111e-33 6.31055959836e-91 0.00671143316327
urge 1.44262583692e-103 3.31095350954e-103 2.74326477838e-103 0.0032696473373 1.4463005323e-103
use 1.36782007198e-49 6.41892627904e-29 6.31539958045e-31 1.52462985278e-81 0.00289260106461
uttering 0.00144262583692 3.31095350954e-103 2.74326477838e-103 3.2696473373e-103 1.10813558548e-36
valley 0.00144262583692 3.31095350954e-103 2.74326477838e-103 3.2696473373e-103 1.4463005323e-103
variation 0.00144262583692 5.86913315445e-17 2.74326477838e-103 3.2696473373e-103 2.78908300917e-38
vassal 0.00144262583692 3.31095350954e-103 2.74326477838e-103 3.2696473373e-103 1.4463005323e-103
verse 0.00144262583692 3.31095350954e-103 2.74326477838e-103 0.00980894201189 1.4463005323e-103
view 1.44262583743e-103 6.19490929998e-13 0.00217430769191 0.00327948985392 0.00174191160321
vile 1.36154903868e-39 2.32206983665e-37 3.52621734146e-09 3.2696473373e-103 0.00144629867322
vilest 1.44262583692e-103 0.00331095350954 2.74326477838e-103 3.2696473373e-103 2.16711417073e-54
virtuous 1.44262583692e-103 2.25569459365e-33 1.97635225485e-43 3.2696473373e-103 0.0014463005323
vowing 0.00144262583692 3.31105091404e-103 2.74326613937e-103 3.26964738284e-103 1.44632370914e-103
vulgar 0.00144262583692 0.00331095350954 2.74326477838e-103 3.2696473373e-103 2.48250600654e-58
wail 0.00138204427877 1.09005080593e-15 0.00285846530401 3.26972468345e-103 5.5068236022e-19
walls 1.44262583692e-103 0.00331095350954 2.74596624416e-103 3.27235303203e-103 1.4463005323e-103
want 0.00144262583692 3.31095350954e-103 2.74326477838e-103 3.2696473373e-103 5.39542417632e-49
wanting 1.44262583692e-103 3.31095350954e-103 0.00274326477838 3.2696473373e-103 4.61225491158e-75
war 0.00288525167384 4.74715175051e-48 2.74326477856e-103 3.2696473373e-103 7.29444628107e-33
wards 1.44262583692e-103 3.31095350954e-103 2.74326479903e-103 3.2696473373e-103 0.0014463005323
was 0.00144264077118 1.16814270867e-75 1.08922735187e-34 9.42884694822e-88 0.00289258609231
waste 0.00144262583692 5.38457064002e-55 2.74326477838e-103 0.0065392946746 1.82276739248e-22
way 1.44262583692e-103 3.31095350954e-103 2.74326477838e-103 0.0032696473373 1.4463005323e-103
we 1.06357221285e-41 0.00331095350954 0.00271456595334 3.2696473373e-103 0.00146143108997
weakens 0.00144262583692 2.98367619445e-45 2.74326478599e-103 3.2696473373e-103 5.16269550245e-23
wealth 2.49468812375e-35 0.00662190701908 7.15458951769e-54 3.50811773495e-63 3.02130470421e-33
weary 7.98611551635e-96 3.31095401725e-103 0.00291909781923 4.16444499686e-98 0.00135359806239
weed 1.44262583692e-103 0.00331095350954 2.74326477838e-103 3.2696473373e-103 1.44630053231e-103
weeds 0.00288525167384 3.23991567506e-91 2.74326477838e-103 3.2696473373e-103 1.30665356222e-64
were 0.00577050334768 3.31095350954e-103 2.74326477838e-103 3.2696473373e-103 1.4463005323e-103
what 0.00978512264953 9.50631095199e-32 1.47894922737e-34 1.34980811053e-91 0.00320665721327
when 0.0271357621623 3.94311727909e-26 7.46073040932e-33 1.80490323088e-70 0.00316742807185
where 1.44262583692e-103 0.016552405717 1.74764594192e-70 0.00327197970267 5.53896191543e-48
wherein 0.000895247884493 3.31095350954e-103 2.74326479535e-103 3.2696473373e-103 0.00199507278059
whereon 0.00144262583692 3.31095350954e-103 2.74326477838e-103 3.2696473373e-103 8.90283101037e-32
whereto 0.00144262583692 3.31095350954e-103 2.74326477838e-103 3.2696473373e-103 4.21805428341e-67
wherever 1.44262583692e-103 3.31095350954e-103 0.00274326477716 3.2696473373e-103 6.42100147575e-13
which 0.0257924578614 0.0103340584748 1.03273209502e-86 3.27088058262e-103 3.8898007308e-14
while 0.00577050334768 6.45261078916e-68 2.74326478222e-103 3.2696473373e-103 8.83074680585e-43
white 1.44262583692e-103 3.31095350954e-103 2.74326477838e-103 0.0032696473373 1.4463005323e-103
who 0.00577050334768 3.31095350954e-103 2.74326477838e-103 3.2696473373e-103 7.38917664209e-53
whose 0.00431335613089 3.31095350981e-103 2.74326487466e-103 3.2696473373e-103 0.00146085890142
wide 1.44262583692e-103 0.00331095350954 2.74326477838e-103 3.2696473373e-103 2.88773934193e-52
wife 1.44262583692e-103 3.31095350954e-103 2.74326477838e-103 0.0032696473373 1.4463005323e-103
wights 1.44262583692e-103 3.31095350954e-103 2.74326477838e-103 0.0032696473373 1.4463005323e-103
will 0.00121768348331 0.00639158032346 8.24693596552e-44 0.0065396843087 0.00611115710106
wilt 3.28457722463e-12 0.003310953502 2.74326477838e-103 3.2696473373e-103 1.96093553191e-26
win 1.44262583692e-103 3.31095350954e-103 2.74326477838e-103 0.0032696473373 1.4463005323e-103
wires 1.44262583692e-103 0.00662190701908 2.74326477838e-103 3.2696473373e-103 8.4311674576e-52
wiry 1.44262583692e-103 3.31095643995e-103 1.95173844414e-13 3.96776315601e-77 0.0014463005322
wit 1.44262583692e-103 3.31095350954e-103 2.74326477838e-103 0.0032696473373 1.4463005323e-103
with 0.011406917478 1.04167398954e-38 5.0476236831e-28 4.68948901524e-101 0.0478623483391
within 1.44262583692e-103 3.31095350954e-103 2.74326477838e-103 0.0032696473373 1.4463005323e-103
without 0.00243334852165 3.31095350966e-103 2.74326483047e-103 3.2696473373e-103 0.00334565531668
witness 4.01374385465e-51 2.53735224353e-20 0.0027432647783 3.2696473373e-103 3.75535734716e-14
woeful 1.44262583692e-103 3.31095350954e-103 0.00274326477838 3.2696473373e-103 7.40813587324e-48
woes 0.00144262583692 3.31106994617e-103 2.74326477949e-103 3.2696473373e-103 6.54035463406e-79
woman 1.44262583692e-103 3.31095350954e-103 2.7459459238e-103 3.2696473373e-103 0.0014463005323
womb 1.44262583692e-103 0.00331095350954 2.74326477838e-103 3.2696473373e-103 1.53463406307e-53
womens 1.44262583692e-103 3.31095350954e-103 0.00274326477838 3.2696473373e-103 1.59027841005e-75
wood 0.00144262583692 3.24905463715e-92 2.74326477838e-103 3.2696473373e-103 2.49946958889e-72
work 0.00144262583692 3.31095350954e-103 2.74326477838e-103 3.2696473373e-103 1.4463005323e-103
works 1.44262583692e-103 3.31095350954e-103 0.00274326477838 3.2696473373e-103 1.05558637476e-73
world 1.44262583692e-103 0.0131560252391 2.22726757998e-69 3.26980988127e-103 0.00148464869588
worlds 1.44262583692e-103 1.25526720758e-24 2.51811766706e-21 2.74413572898e-64 0.0014463005323
worms 1.44262583692e-103 3.31095350954e-103 2.7432648016e-103 3.2696473373e-103 0.0014463005323
worser 1.44262583692e-103 3.31095350954e-103 0.00274326477838 3.2696473373e-103 5.7946176819e-30
worst 1.44262583692e-103 8.72539268286e-09 2.04568959804e-19 2.77598110044e-78 0.00144629672085
worth 1.44262583692e-103 0.00331095350954 0.00274326477838 3.2696473373e-103 6.74268694719e-53
worthy 1.44262583692e-103 3.31095350954e-103 0.00274326477838 3.2696473373e-103 7.13552050204e-73
would 1.44262583692e-103 0.00331095350954 2.74326477838e-103 3.2696473373e-103 1.4463005323e-103
wound 0.00144262583692 3.3110626047e-103 2.74326497144e-103 3.2696473373e-103 6.67217214823e-45
wrinkles 0.00144262583692 1.37248029551e-59 2.74326477838e-103 3.2696473373e-103 8.63712256356e-79
year 1.44262583692e-103 3.31095350954e-103 2.74326477838e-103 0.0032696473373 1.4463005323e-103
yellow 0.00144262583692 3.31095350954e-103 2.74326477838e-103 3.2696473373e-103 1.4463005323e-103
yet 0.00721309591568 7.63551003083e-08 1.70890453611e-88 2.33184160669e-65 8.49998885129e-25
you 0.0111880545069 3.01851207584e-35 0.00820045729112 0.00655536278743 0.00180851121644
your 0.00477827056018 0.00845303384873 0.0161264194182 3.27001053362e-103 0.00760203770332
yours 0.00144262583692 3.31095350954e-103 2.743264779e-103 3.2696473373e-103 3.19628031559e-95
youth 4.13122764505e-21 0.00522791088636 0.00389824943191 0.0032696473373 7.87838542399e-27
youthful 1.44262583692e-103 3.31095350954e-103 0.00274326477838 3.2696473373e-103 8.66054365488e-72
