2.386808677037932591e-27 4.130139160841692561e-50 1.011973411460597897e-96 4.482714369526521827e-37 6.564500229966397926e-01 2.343546570282940555e-01 7.597988770444934203e-02 1.444510732760019088e-23 3.321543227061680287e-02 2.446928552209781207e-33 3.979506276762145326e-103 2.376743624996829369e-50
6.296341761215569499e-44 4.326193733146998427e-103 2.182128874123536865e-62 6.335776495292001525e-65 2.178720372229440716e-34 1.000000000000000000e+00 4.339279206917196293e-103 9.036900480589608354e-42 4.337835680464496279e-103 5.063494967430259637e-59 4.326193733146945388e-103 4.326193733146945388e-103
4.278612755708114751e-34 1.980892397615985898e-20 2.772581830009211434e-01 1.843871558180819999e-39 1.051536295180806498e-02 2.463169195094264160e-05 3.586527702793265502e-79 7.122018223553199245e-01 4.299285042958485658e-90 1.724444599874808342e-29 9.920968395115778671e-103 9.920968395115778671e-103
1.008565959583976324e-02 3.520891591313294010e-103 1.862849962371593501e-85 2.713417790640829108e-01 1.571407176928268229e-02 1.384752215855672063e-34 2.741869254357136021e-01 5.100990174595453758e-02 3.776616585172594687e-01 3.871867237894853361e-09 3.511024998657901940e-103 3.031998852592229352e-20
3.236582257431982338e-24 4.873901298647267332e-103 2.589597920683969014e-70 9.885185536541685192e-01 1.148144602689478433e-02 9.624343981093622436e-49 1.204486737864745713e-25 3.176491152274507539e-10 1.287667159865345620e-12 2.951562821953503463e-32 4.873535508141846551e-103 2.253306797893838627e-24
4.129490937706396525e-01 1.153381361853564831e-43 1.661430870412027308e-67 8.140210921848367497e-41 3.186060375283894519e-02 9.934600142546282782e-22 8.278757763225036748e-48 5.551903024765213468e-01 1.476312242433651422e-51 2.337619512079166454e-36 3.447765337166062833e-103 3.509595488938052705e-59
1.460324130696472045e-02 3.306049306528207863e-103 6.161518693869657327e-103 2.077086010858171726e-15 1.593725673729976340e-20 6.162793670066723958e-89 8.990567738735393599e-06 2.269769981397955583e-64 3.224272081257692183e-17 3.993350912402530810e-03 3.303870018708590136e-103 9.813944172128917787e-01
3.284991990560415243e-01 2.077336248600456380e-47 1.023744381500835141e-20 6.360160126538183244e-34 9.339108086242574325e-02 1.311033052856704462e-31 3.968563939477444404e-54 4.231540876239938712e-17 2.764745555596229991e-40 5.738092564802592666e-01 4.042935056620975383e-103 4.300463601273530126e-03
4.131994634541598971e-19 9.644783749958834601e-39 4.639864527973765209e-103 2.175292417216452903e-02 3.863844640088212187e-25 4.125150723133574737e-61 9.509774463899630659e-01 1.782213408365580551e-30 5.037563592335271593e-13 4.396139260207652454e-19 4.627926913314593344e-103 2.726962943736871425e-02
1.674455482224439240e-01 5.019126789022902630e-65 2.167579043793715115e-44 1.543804884180879802e-28 9.940135687909630070e-20 1.412742654349570399e-30 1.805564040924602197e-20 1.755189063626496999e-08 3.903432075396529033e-01 4.422112266860123708e-01 3.896871812760652951e-103 2.098434530060947616e-46
3.559413658149770080e-70 7.603620843437607357e-01 2.396379156562393475e-01 2.613467516274781027e-96 5.247955903333917088e-73 2.675322078238881594e-85 3.290872581937330987e-103 2.311521328212495314e-92 3.306034514576091510e-103 2.210533641361814592e-100 3.289473684210526616e-103 3.289473684210526616e-103
0.000000000000000000e+00 0.000000000000000000e+00 0.000000000000000000e+00 0.000000000000000000e+00 0.000000000000000000e+00 0.000000000000000000e+00 0.000000000000000000e+00 0.000000000000000000e+00 0.000000000000000000e+00 0.000000000000000000e+00 0.000000000000000000e+00 0.000000000000000000e+00
