 0 1 2 3 4
abhor 6.12625745708e-07 1.61010693878e-76 3.27825763017e-103 0.00165786985115 2.38976456783e-103
abundance 0.00142809520689 2.43730265327e-71 3.27825763017e-103 1.65873269688e-103 2.38798556831e-103
abuse 1.42809520689e-103 2.67352728967e-103 0.00327825763017 1.65858135108e-103 2.38798054405e-103
abuses 0.00142809520689 3.27856814413e-43 3.27825763017e-103 1.65858135108e-103 2.38798054405e-103
acceptable 1.39097142053e-70 0.00267352728967 3.27825763017e-103 1.65858135108e-103 2.38798054405e-103
account 0.00142809520689 2.67352728967e-103 3.27825763017e-103 1.65858135108e-103 5.90726676294e-62
accumulate 1.42809520689e-103 2.67352728967e-103 0.00327825763017 1.65858135108e-103 2.38798054405e-103
acquaintance 0.00140621096272 2.67352728967e-103 3.27825763017e-103 0.0016839975832 1.26432590012e-95
add 0.00285619041378 2.77386706879e-58 3.27825763017e-103 3.71759669161e-16 2.39153138881e-103
adders 1.42809520689e-103 2.67352728967e-103 3.27825763017e-103 0.00165858135108 2.38798054405e-103
addeth 0.00142471211456 2.67352728967e-103 3.27825763017e-103 3.92910347854e-06 2.80227587173e-60
adding 3.89868525701e-101 0.00267352728967 3.27825763017e-103 1.65858135108e-103 7.93259383462e-60
admired 0.00104084222225 2.67352728967e-103 3.27825763017e-103 0.000449753332539 2.38974283107e-103
adoting 1.42809520689e-103 2.67352728967e-103 0.00327825763017 1.65858135108e-103 2.38798054405e-103
adverse 1.42980620608e-103 0.00267352728967 3.27825763017e-103 1.65858135108e-103 2.38798054405e-103
advocate 1.42809520689e-103 2.67352728967e-103 0.00327825763017 1.65858135108e-103 2.38798054405e-103
afar 1.42809520689e-103 2.67352728967e-103 3.27825763017e-103 0.00165858135108 2.38798054405e-103
affairs 1.90123114726e-15 0.00267352728967 3.27825763017e-103 0.00165858135108 2.38798054405e-103
affords 1.42809520689e-103 2.67352728967e-103 0.00327825763017 1.65858135108e-103 2.38798054405e-103
after 1.42809520689e-103 1.89656884481e-17 3.27825763017e-103 1.65858135108e-103 0.0047759610881
again 0.00141737221363 4.59127282158e-79 3.27825763017e-103 2.84901732915e-76 0.00240591093073
against 0.001427481398 2.67352728967e-103 3.27825763017e-103 3.40583611455e-34 0.00238900692078
age 0.00142809520689 0.00267352728967 0.00655651526035 4.38691500317e-52 2.13287522958e-37
ages 0.00285619041378 1.35139458291e-62 3.27825763017e-103 1.31877106873e-63 2.38900911472e-103
aggravate 0.00142809520689 3.69498839619e-83 3.27825763017e-103 6.66428705237e-49 2.39053087705e-103
air 1.42809520689e-103 2.67352728967e-103 0.00327825763017 1.65858135108e-103 2.38798054405e-103
all 0.00660434687141 0.0187434137358 3.27826642687e-103 0.010556326592 6.8361892713e-41
alone 1.42809520689e-103 2.67352728967e-103 0.00327825763017 1.65858135108e-103 2.38798054405e-103
already 1.42809520689e-103 2.67352728967e-103 3.27825763017e-103 0.00165858135108 2.38798054405e-103
although 1.42809520689e-103 2.67352824144e-103 3.27825763017e-103 1.65858135108e-103 0.00238798054405
am 4.41804889953e-31 0.00267352728967 3.27825763017e-103 0.00497574405324 2.38853357141e-103
among 0.00142809520689 2.67358455885e-103 3.27825763017e-103 1.65858135108e-103 2.38798054438e-103
an 2.52055465486e-15 3.19335385506e-102 3.27825763017e-103 0.00165858135108 2.38902719273e-103
and 0.0133889419715 3.51371168196e-73 3.27826977118e-103 0.0277092774249 0.1406950422
angel 0.00142809520689 2.0026776746e-60 3.27825763017e-103 3.2305120659e-81 6.9566949609e-80
anger 0.00142809520689 2.67352728967e-103 3.27825763017e-103 8.69512451878e-48 2.39003728109e-103
another 1.42809520689e-103 2.67352728967e-103 3.27825763017e-103 0.00165858135108 2.38798054405e-103
anothers 1.42809520689e-103 2.67352728967e-103 3.27825763017e-103 0.00165858135108 2.38798054405e-103
answer 0.00142809520689 2.67352728967e-103 3.27825763017e-103 3.13387941616e-17 4.88329972601e-18
antique 1.42809520689e-103 2.67352728967e-103 3.27825763017e-103 0.00331716270216 2.38798054405e-103
antiquity 1.42809520689e-103 0.00267352728967 0.00327825763017 1.65985904931e-103 2.38891120798e-103
any 0.00285619041377 2.17790346602e-70 3.27825763017e-103 1.05075796441e-14 2.38952530868e-103
appetite 1.43387234431e-103 0.00267352728967 3.27825763017e-103 1.65858135108e-103 2.38798054405e-103
april 3.40939714803e-56 2.67352728967e-103 3.27831449404e-103 0.00165858135108 2.38802575289e-103
are 0.00297520492676 2.67352728967e-103 3.27825763017e-103 0.00483752129281 9.99399311159e-12
argument 1.42809520689e-103 2.67352728967e-103 0.00327825763017 1.65858135108e-103 2.38798054405e-103
art 0.00428379561858 2.67359980167e-103 0.00655674527609 0.00165903406388 2.61857637874e-34
arts 1.42809520689e-103 0.00267352728967 3.27825763017e-103 1.65861210111e-103 1.07414284917e-60
as 0.00497090991841 0.00192658454906 3.27825763017e-103 0.00255685751132 0.0173295614208
ashes 0.00142809520689 1.61155537405e-27 3.27827581652e-103 6.64742935012e-22 1.89821811858e-90
aspect 1.42809520689e-103 2.67352728967e-103 0.00327825763017 1.65858135108e-103 2.38798054405e-103
assailed 0.00142809520689 1.0491639206e-50 3.27825763017e-103 1.66237898481e-103 2.50410221856e-89
assured 1.42809520689e-103 2.67352728967e-103 0.00327825763017 1.65858135108e-103 2.38798054405e-103
at 0.0050143492731 2.61675631082e-60 3.27825763017e-103 4.80995350598e-28 0.0131071118553
attend 0.00142809520689 2.67352728967e-103 3.27825763017e-103 1.65858135108e-103 2.8880300147e-82
attending 1.28903970692e-07 2.67352728967e-103 3.27825763017e-103 0.00165843164277 2.38964033207e-103
audit 0.00142809520689 2.67352728967e-103 3.27825763017e-103 1.65858135108e-103 2.38798054405e-103
awake 1.42809520689e-103 2.67352728967e-103 0.00327825763017 1.65858135108e-103 2.38798054405e-103
away 0.00285619041378 8.23843602589e-36 0.00655651526035 1.65858135108e-103 2.38798054421e-103
aye 3.14866156602e-07 2.80257473122e-65 3.27825763017e-103 0.00165821566738 2.39008871805e-103
babe 3.06816447577e-52 0.00534705457934 3.27829748304e-103 2.31817593143e-50 1.09680315872e-67
back 1.42809520689e-103 0.00267352728967 3.27825763017e-103 1.65984364351e-103 2.38887875001e-103
bail 1.42809520689e-103 2.67352728967e-103 0.00327825763017 1.65858135108e-103 2.38798054405e-103
barren 1.42809520689e-103 0.00267352728967 3.27825763017e-103 1.65858135108e-103 2.38798054405e-103
barrenly 1.42809520689e-103 2.67352728967e-103 3.27825763017e-103 0.00165858135108 2.38798054405e-103
base 1.42809520689e-103 0.00267352728967 3.27825763017e-103 1.65915467417e-103 3.68628361516e-70
basest 1.42809520689e-103 0.00267352728967 3.27825763017e-103 1.65858135108e-103 2.38798054405e-103
be 0.00389578416225 0.00706120575647 0.019669545781 0.0125533738634 0.00492435694593
bear 1.42809520689e-103 2.67352728967e-103 3.27825763017e-103 0.00165858135108 2.38798054405e-103
bears 9.11840964897e-66 0.00534705457934 3.27825836944e-103 2.34735564928e-77 2.09662516549e-98
beated 1.42809520689e-103 1.58914211274e-79 3.27825763017e-103 1.65858135108e-103 0.00238798054405
beauteous 0.00142809520689 2.67352728967e-103 3.27825763017e-103 1.65858135108e-103 1.44085273596e-27
beauty 0.00471595349211 8.64062624542e-50 3.27830021931e-103 0.00613298888419 2.592087936e-81
beautys 1.42809520689e-103 0.00267352728967 3.27825763017e-103 0.00165858135108 2.38798054405e-103
been 1.12197746587e-11 2.67352728967e-103 3.27825763017e-103 0.00165858133805 2.38906320535e-103
before 1.29169676256e-33 5.65354639002e-32 0.00655651526035 0.00331600295242 0.00238965032034
beggared 1.42809520689e-103 1.33548161401e-60 3.27825763017e-103 1.65858135108e-103 0.00238798054405
behaviour 2.62669276573e-10 0.00267352679793 3.27825763017e-103 4.85358904615e-65 2.38942784992e-103
behind 1.42809520689e-103 2.67352728967e-103 0.00327825763017 0.00165858135108 2.38798054405e-103
being 1.42809520689e-103 2.67352728967e-103 3.27825763017e-103 0.00663432540432 2.38798054405e-103
believe 0.00142809520689 2.67352728967e-103 3.27825763017e-103 1.65893045805e-103 6.33449658067e-78
believed 1.42809520689e-103 2.67352728967e-103 3.27825763017e-103 0.00165858135108 2.38798054405e-103
beloved 0.00142809520689 2.67352728967e-103 3.27825763017e-103 1.65860326904e-103 2.38798054405e-103
bending 0.00142809520689 0.00267352728967 3.27825763017e-103 7.69940454529e-60 1.08137056279e-19
beseem 0.00135065502625 2.67352728967e-103 3.27825763017e-103 8.99385690912e-05 2.38982541281e-103
besiege 4.701276738e-44 0.00267352728967 3.27825763017e-103 6.18326648964e-42 2.8220972184e-59
best 0.00142809520689 2.67352728967e-103 0.00327825763017 1.65858135108e-103 2.38798054405e-103
better 3.27689951453e-22 0.00267352728967 0.00327825763017 0.00331716270216 3.25200004491e-54
bewailed 0.00142809520689 2.27874165277e-43 3.27825763017e-103 1.65858135108e-103 2.38798054405e-103
birds 0.000344833352133 2.67352728967e-103 3.27825763017e-103 0.00125809392957 2.38967428173e-103
black 1.42895019055e-103 0.00534705457934 3.27825763017e-103 1.65858135108e-103 1.14319312039e-67
blanks 0.00142809520689 2.67352728967e-103 3.27825763017e-103 1.43791519936e-35 1.19875284867e-44
blessed 0.00142809520689 2.67352728967e-103 3.27825763017e-103 6.58689391656e-58 2.38974109043e-103
blest 0.00285619041378 8.65154952072e-26 3.27833401446e-103 2.39585846023e-18 1.13156982961e-55
blood 4.74359177341e-61 3.04578106826e-103 0.00327825763017 1.65858135108e-103 0.00238798054405
blot 3.60791436617e-18 2.67352728967e-103 3.27825763017e-103 0.00165858135108 2.38950597893e-103
blush 0.00142809520689 9.75208447561e-36 3.27825804359e-103 9.94394667735e-84 2.38862392875e-103
boast 1.42809520689e-103 2.67352728967e-103 0.00327825763017 1.65858135108e-103 2.38798054405e-103
body 5.6280092627e-33 4.85317924548e-101 3.27825763017e-103 0.00165858135108 2.38858903857e-103
born 1.42809520689e-103 7.92202592815e-47 3.27825763017e-103 0.00165858135108 2.38830986794e-103
bosoms 1.42809520689e-103 2.67352728967e-103 3.27825763017e-103 0.00165858135108 2.38798054405e-103
both 1.42809520689e-103 0.00267352728967 3.27825763017e-103 1.65858135108e-103 7.3047256874e-61
bounteous 1.43006667211e-103 0.00267352728967 3.27825763017e-103 1.65858135108e-103 4.19966297359e-54
bounty 1.42809520689e-103 2.67352728967e-103 3.27825763017e-103 0.00165858135108 2.38798054405e-103
boy 1.42809520689e-103 0.00267352728967 3.27825763017e-103 1.65858135108e-103 2.38798054405e-103
break 1.32657763317e-78 4.16409889624e-75 3.27825763017e-103 0.00165858135108 2.38829591059e-103
breast 1.42809520689e-103 2.67352728967e-103 0.00655651526035 1.65858135108e-103 2.38798054405e-103
breathers 0.00142809520689 1.70341883467e-25 3.27827317296e-103 1.10774016584e-25 6.18014934498e-63
bring 1.42809520689e-103 2.67352728967e-103 3.27825763017e-103 0.00165858135108 2.38798054405e-103
brow 1.42809520689e-103 2.67352728967e-103 0.00655651526035 1.65858135108e-103 2.38798054405e-103
building 0.00142809520689 2.67352728967e-103 3.27825763017e-103 7.12733579323e-22 5.37655729489e-84
but 0.00312681716147 6.59650364276e-65 3.27861414648e-103 0.00463324593717 0.0263083786653
by 0.0128117018501 0.00910657015587 0.00327825763017 1.47942749673e-18 0.0134267013238
calls 1.42809520689e-103 2.67352728967e-103 3.27825763017e-103 1.65858135108e-103 0.00238798054405
can 1.42809520689e-103 2.67352932946e-103 3.27825763017e-103 0.00497574405324 0.00238798054405
candles 0.00142809520689 2.67352728967e-103 3.27825763017e-103 1.65858135108e-103 2.38798054405e-103
canst 0.00285619041378 1.33230271456e-100 3.27825763017e-103 4.69114569413e-18 6.42423528785e-33
captain 1.42809520689e-103 2.67352728967e-103 3.27825763017e-103 0.00165858135108 2.38798054405e-103
captive 1.42809520689e-103 0.00267352728967 3.27825763017e-103 1.65858135108e-103 2.38798054405e-103
cause 0.0013803206678 2.67352728967e-103 3.27825763017e-103 5.54850679445e-05 2.38977626602e-103
change 1.44916490959e-78 0.00267352728967 3.27825763017e-103 1.6585813843e-103 2.38798055754e-103
charged 1.42809520689e-103 2.67352728967e-103 0.00327825763017 1.65858135108e-103 2.38798054405e-103
chase 0.00142809520689 2.67352728967e-103 3.27825763017e-103 3.2879877865e-63 2.55024169683e-77
cherish 1.42809520689e-103 2.67352728967e-103 0.00327825763017 1.65858135108e-103 2.38798054405e-103
chest 0.00134179085804 2.67352728967e-103 3.27825763017e-103 0.000100233361773 2.38982608097e-103
chide 1.42809520689e-103 0.00267352728967 3.27825763017e-103 1.66071184811e-103 6.73217473171e-71
child 1.79270852634e-31 2.67352728967e-103 3.27825763017e-103 0.00165858135108 2.38832341257e-103
chips 1.42809520689e-103 2.67352728967e-103 0.00327825763017 1.65858135108e-103 2.38798054405e-103
chopt 1.42809520689e-103 0.00267352728967 3.27825768195e-103 1.66195975336e-103 2.39551875842e-103
chose 0.00063514013693 2.67352728967e-103 3.27825763017e-103 0.000920933341793 2.3897028738e-103
churl 0.00142809520689 2.67352728967e-103 3.27825763017e-103 1.65858135108e-103 2.38798054405e-103
civil 1.42809520689e-103 0.00267352728967 3.27825763017e-103 1.65858135108e-103 2.38798054405e-103
clay 1.42809520689e-103 2.67352728967e-103 0.00327825763017 1.65858135108e-103 2.38798054405e-103
clean 0.00142809520689 2.91071816219e-27 3.27825763017e-103 6.51484057088e-49 2.39002361971e-103
clear 1.42809520689e-103 0.00267352728961 0.00327825763017 1.65858135108e-103 5.68925458954e-14
clears 1.42809520689e-103 2.67352728967e-103 0.00327825763017 1.65858135108e-103 2.38798054405e-103
cloud 0.00142809520689 2.67352728967e-103 3.27825763017e-103 1.65858135108e-103 2.38798054405e-103
clouds 1.42809520689e-103 0.00267352728967 3.27825763017e-103 1.66252878998e-103 2.39011925667e-103
cold 1.42809520689e-103 2.67352728967e-103 0.00327825763017 1.65858135108e-103 2.38798054405e-103
come 0.00428149164527 2.67352728967e-103 0.00328467132803 1.27288566947e-24 1.39043659147e-54
comes 1.42809520689e-103 2.67352728967e-103 3.27825763017e-103 1.65858135108e-103 0.00238798054405
commanded 1.42809520689e-103 2.58608322884e-76 3.27825763017e-103 1.65858135108e-103 0.00238798054405
commit 1.42809520689e-103 2.67357472484e-103 3.27825763017e-103 1.65858135108e-103 0.00238798054405
common 3.5062903242e-06 2.67352728967e-103 3.27825763017e-103 0.00331309051726 6.69276150124e-66
compass 1.42809520689e-103 2.67352728967e-103 3.27825763017e-103 0.00165858135108 2.38798054405e-103
composed 0.00142809520689 2.67352728967e-103 3.27825763017e-103 1.65858135108e-103 2.38798054405e-103
compounded 0.00142809520689 2.67352728967e-103 3.27825763017e-103 9.99676387911e-48 2.8977530414e-79
confined 1.42809520689e-103 2.67352728967e-103 0.00327825763017 1.65858135108e-103 2.38798054405e-103
confounded 0.00118592086027 1.18233812674e-82 3.27825763017e-103 0.000281259857941 2.38992094136e-103
confounding 1.42809520689e-103 0.00267352728967 3.27825763017e-103 1.65858135108e-103 2.38798054405e-103
constancy 1.42809520689e-103 2.67352728967e-103 0.00327825763017 1.65858135108e-103 2.38798054405e-103
constant 1.42809520689e-103 0.00267352728967 3.27825763017e-103 1.65858135108e-103 2.38798054405e-103
consumed 1.42809520689e-103 1.48528962182e-57 3.27825763017e-103 1.65858135108e-103 0.00238798054405
continual 1.42809520689e-103 2.67352728967e-103 3.27825763017e-103 0.00165858135108 2.38798054405e-103
contracted 1.42809520689e-103 2.67352728967e-103 3.27825763017e-103 0.00165858135108 2.38798054405e-103
controlling 1.42809520689e-103 2.67352728967e-103 3.27825763017e-103 0.00165858135108 2.38798054405e-103
convert 1.42809520689e-103 2.67352728967e-103 0.00327825763017 1.65858135108e-103 2.38798054405e-103
correct 1.42809520689e-103 2.67352728967e-103 3.27825763017e-103 0.00165858135108 2.38798054405e-103
correction 1.42809520689e-103 2.67352728967e-103 0.00327825763017 1.65858135108e-103 2.38798054405e-103
costs 1.42809520689e-103 2.67352728967e-103 0.00327825763017 1.65858135108e-103 2.38798054405e-103
could 2.34376202146e-34 1.05590665648e-65 3.27825763017e-103 0.00165858135108 5.21151946911e-79
couldst 0.00142809520689 2.67358480532e-103 3.27825763017e-103 1.65858135108e-103 2.38798054405e-103
created 0.00142775328588 2.67352728967e-103 3.27825763017e-103 3.97105047779e-07 1.05450448788e-31
creation 1.42809520689e-103 0.00267352728967 3.27825763017e-103 1.66050028272e-103 2.39548395833e-103
creature 1.42809520689e-103 2.67352728967e-103 0.00327825763017 1.65858135108e-103 2.38798054405e-103
crime 1.42809520689e-103 2.67352728967e-103 0.00327825763017 1.65858135108e-103 2.38798054405e-103
cross 1.42809520689e-103 2.67352728967e-103 0.00655651526035 1.65858135108e-103 2.38798054405e-103
crow 1.42809520689e-103 0.00267352728967 3.27825763017e-103 1.65858135108e-103 2.30762601134e-42
crowning 1.42809520689e-103 4.73661379917e-38 3.27825763017e-103 1.65858135108e-103 0.00238798054405
cruel 1.42809520689e-103 2.67352728967e-103 3.27825763017e-103 0.00165858135108 2.38798054405e-103
cup 1.42809520689e-103 2.67352728967e-103 0.00327825763017 1.65858135108e-103 2.38798054405e-103
cured 1.42809520689e-103 2.67352728967e-103 0.00327825763017 1.65858135108e-103 2.38798054405e-103
dancing 1.42809520689e-103 2.67352728967e-103 3.27825763017e-103 0.00165858135108 2.38798054405e-103
dart 0.000366918091968 1.63458038816e-68 3.27825763017e-103 0.00123244484297 2.39004649249e-103
date 1.42809520689e-103 2.67352728967e-103 0.00327825763017 1.65858135108e-103 2.38798054405e-103
day 0.0014280944934 7.65372725903e-55 0.00983477452837 1.35678010018e-24 5.19480895123e-87
dead 1.43199004618e-103 0.00267352728967 0.00655651526035 1.65858135108e-103 2.38798054405e-103
dear 2.25806423899e-16 1.03914191813e-14 3.27825763017e-103 0.00497574405323 2.84371047793e-92
death 3.76794822561e-25 6.36592926514e-15 3.2783508763e-103 0.00165858135108 2.13422719546e-45
deaths 0.000473176738558 2.67642431834e-103 3.27825763017e-103 0.00276761802856 2.38927942446e-103
decay 1.42809520689e-103 2.67352728967e-103 0.00655651526035 1.65858135108e-103 2.38798054405e-103
deceive 1.42809520689e-103 2.67352728967e-103 0.00655651526035 1.65858135108e-103 2.38798054405e-103
deceived 1.42809520689e-103 2.67352728967e-103 0.00327825763017 1.65858135108e-103 2.38798054405e-103
deeds 1.42809520713e-103 2.67352728968e-103 0.00327825763017 1.65858135204e-103 0.00238798054405
deep 0.00285619041378 4.01447715042e-28 3.27825763017e-103 4.76850617601e-17 2.38888045191e-103
deepest 5.25225533104e-71 0.00267352728967 3.27825763017e-103 1.65858135108e-103 2.19793735432e-44
deformedst 1.42809520689e-103 2.67352728967e-103 3.27825763017e-103 0.00165858135108 2.38798054405e-103
delight 1.42809520689e-103 2.67352728967e-103 0.00327825763017 1.65858135108e-103 2.38798054405e-103
delights 1.42809520689e-103 2.68868854182e-103 3.27825763017e-103 1.65858135108e-103 0.00238798054405
delves 1.42809520689e-103 0.00267352728967 3.27825763017e-103 1.65858135108e-103 2.38798054419e-103
desert 1.42809520689e-103 2.67352728967e-103 0.00327825763017 1.65858135108e-103 2.38798054405e-103
deserve 0.00136489815392 2.67352728967e-103 3.27825763017e-103 7.33966846196e-05 1.46082600214e-58
desire 1.42809520689e-103 0.00267352728967 3.27825763017e-103 1.65858135108e-103 4.45016364098e-58
despise 1.42809520689e-103 2.67352728967e-103 0.00327825763017 1.65858135108e-103 2.38798054405e-103
despised 1.42809520689e-103 2.67352728967e-103 3.27825763017e-103 0.00165858135108 2.38798054405e-103
despite 1.42809520689e-103 5.00733429776e-62 3.27825763017e-103 1.65858135108e-103 0.00238798054405
destroys 1.42809520689e-103 2.67352728967e-103 3.27825763017e-103 0.00165858135108 2.38798054405e-103
did 1.42809520689e-103 2.67352728967e-103 3.27825763017e-103 1.65858135108e-103 0.00238798054405
die 1.42809520689e-103 0.00267352728967 0.00655651526035 1.65858135108e-103 1.32928441485e-44
dignity 1.42809520689e-103 2.67352728967e-103 0.00327825763017 1.65858135108e-103 2.38798054405e-103
directly 1.42809520689e-103 2.67352728967e-103 3.27825763017e-103 0.00165858135108 2.38798054405e-103
discased 0.00142809520689 2.67352728967e-103 3.27825763017e-103 5.6507774996e-62 2.49756012723e-85
dispense 1.42809520689e-103 2.67352728967e-103 0.00327825763017 1.65858135108e-103 2.38798054405e-103
dissuade 1.42809520689e-103 7.08056806594e-88 3.27825763017e-103 1.65858135108e-103 0.00238798054405
distempered 1.42809520689e-103 2.67352728967e-103 3.27825763017e-103 0.00165858135108 2.38798054405e-103
do 0.00171607802573 2.67352728967e-103 3.27825763017e-103 0.00464128250583 2.38998529902e-103
doctor 1.42809520689e-103 0.00267352728967 3.27825763017e-103 1.65858135108e-103 2.38823134038e-103
doing 1.42809520689e-103 8.66367116741e-61 3.27825763017e-103 1.65858135108e-103 0.00238798054405
done 3.02088123682e-09 2.67352728967e-103 3.27825763017e-103 0.00165857784265 2.38907025839e-103
doom 1.42809520689e-103 2.67352728967e-103 0.00655651526035 1.65858135108e-103 2.38798054405e-103
dost 1.42809520689e-103 0.00267352728967 3.27825763017e-103 0.00165858135108 3.03226951704e-43
doth 0.00190612344558 7.46329733793e-56 3.27825763017e-103 0.0160306343336 2.388460495e-103
double 5.73835237452e-13 0.00267352728967 3.27825763017e-103 0.00165858135041 2.38957140118e-103
doubting 0.00142809520689 2.67352728967e-103 3.27825763017e-103 3.72920493747e-59 1.96989687444e-93
dove 1.58622280364e-32 0.00267352728967 3.27825763017e-103 1.65858135108e-103 5.7824035211e-38
draw 1.42809520689e-103 0.00267352728967 3.27825763017e-103 1.65858135108e-103 2.4665609606e-32
drawn 0.00142300773404 1.72027139192e-73 3.27826102068e-103 1.24567979714e-75 0.00239648753023
dream 1.42809520689e-103 2.67352728967e-103 0.00327825763017 1.65858135108e-103 2.38798054405e-103
dress 1.28478344829e-77 1.77607978455e-75 3.27825763017e-103 0.00165858135108 1.37583838552e-95
drinks 1.60327897229e-67 2.67352728967e-103 3.27825763017e-103 0.00165858135108 2.38799662206e-103
drowns 1.42809520689e-103 2.67352728967e-103 3.27825763017e-103 0.00165858135108 2.38798054405e-103
due 1.42809520689e-103 0.00267352728967 3.27825763017e-103 1.65858135108e-103 2.77187745961e-59
dull 1.42809520689e-103 2.67352728967e-103 3.27920303562e-103 0.00165858135108 2.38798054405e-103
dumb 1.42809520689e-103 0.00267352728967 0.00327825763017 1.65858135108e-103 2.38798054405e-103
dust 0.00142809520689 1.44567468177e-32 3.27827600477e-103 7.55182772764e-103 2.88013600685e-76
dwell 1.42809520689e-103 2.67352728967e-103 0.00655651526035 1.65858135108e-103 2.38798054405e-103
each 0.00134081337303 0.00283692701511 3.27825972845e-103 1.65858135108e-103 2.79970226383e-38
ears 0.00142809512247 2.67352728967e-103 3.27825763017e-103 9.80426726437e-11 2.38985046397e-103
earth 1.42809520689e-103 0.00267352728967 3.27825763017e-103 1.65858135108e-103 2.38798054405e-103
edge 1.4280952069e-103 2.67413114628e-103 3.27825763017e-103 0.00165858135108 2.38798650963e-103
eisel 0.00142809520689 1.45200601494e-54 3.27825763017e-103 2.23497753722e-80 2.3879840028e-103
either 1.42809520689e-103 2.41827376178e-88 3.27825763017e-103 1.65858135108e-103 0.00238798054405
else 1.42809520689e-103 2.67352728967e-103 3.27825763017e-103 0.00165858135108 2.38798054405e-103
elsewhere 1.42809520689e-103 0.00267352728967 3.27825791314e-103 1.66102555723e-103 2.38848766524e-103
ending 1.42809520689e-103 2.67352728967e-103 3.27825763017e-103 0.00165858135108 2.38798054405e-103
enemies 1.42809520689e-103 2.67352728967e-103 0.00327825763017 1.65858135108e-103 2.38798054405e-103
enjoys 1.42809520689e-103 2.67352728967e-103 3.27825763017e-103 0.00165858135108 2.38798054405e-103
enlarged 1.42809520689e-103 2.67352728967e-103 0.00327825763017 1.65858135108e-103 2.38798054405e-103
enough 0.00142809520689 2.67352728967e-103 3.27825763017e-103 3.4881492908e-31 2.38873126464e-103
envy 0.00119052120159 2.67352728967e-103 3.27825763017e-103 0.000275917048662 2.38975757282e-103
equipage 1.42809520689e-103 2.67352728967e-103 0.00327825763017 1.65858135108e-103 2.38798054405e-103
esteem 1.42809520689e-103 2.67352728967e-103 0.00327825763017 1.65858135108e-103 2.38798054405e-103
eternal 0.00142809520689 1.93505881734e-56 3.27825763017e-103 0.00165858135108 0.00238798054405
even 1.55425961825e-06 2.67352728967e-103 0.00327843752842 0.0033152665776 1.88617463279e-55
ever 4.19275276419e-19 2.67352728967e-103 3.27836859657e-103 0.00331716270216 2.38809016359e-103
evermore 1.42809520689e-103 2.67352728967e-103 3.27825763017e-103 0.00331716270216 2.38798054405e-103
every 0.00142809520689 6.39717926927e-61 3.27825763017e-103 0.00331716270216 2.38798054405e-103
everywhere 1.42809520689e-103 2.67352728967e-103 0.00327825763017 1.65858135108e-103 2.38798054405e-103
evil 0.00142809520687 3.11597860727e-14 3.27825763017e-103 2.7064443004e-82 2.38800583458e-103
excuse 0.00142659767574 2.34515659424e-68 3.27825763017e-103 1.21730209749e-46 0.00239048463147
expressed 1.42809520689e-103 2.67352728967e-103 0.00655651526035 1.65858135108e-103 2.38798054405e-103
extreme 1.42809520689e-103 2.67352728967e-103 0.00327825763017 1.65858135108e-103 2.38798054405e-103
eye 0.00142806199561 6.2174614553e-08 3.27825763017e-103 0.00165858135108 2.57435890708e-84
eyes 0.00220185613351 0.0111130467985 0.00327825763017 0.00381720551377 3.06974618276e-59
face 5.39024469102e-15 1.4597583102e-08 0.00655651526035 0.001658581407 0.00238796742504
fade 1.42809520689e-103 2.67352728967e-103 0.00327825763017 1.65858135108e-103 2.38798054405e-103
fair 0.00332702097799 0.0082453059586 0.00327886205323 0.00428920589187 7.09551057859e-48
fairer 1.90529052267e-10 0.00534705422265 3.27825763017e-103 1.65858135108e-103 2.7925081934e-38
fairest 0.00142809520689 2.67352728967e-103 3.27825763017e-103 1.97251486782e-41 1.01615375217e-49
fall 0.00142809520689 2.67352728967e-103 3.27872957664e-103 1.65858135108e-103 9.7806987948e-75
false 1.42809520689e-103 2.67352728967e-103 3.27825763017e-103 0.00165858135108 2.38798054405e-103
far 0.000188463170537 2.02643031111e-45 3.27825763017e-103 0.00309828268736 2.13118025881e-75
faring 1.42809520689e-103 2.67352728967e-103 3.27825763017e-103 0.00165858135108 2.38798054405e-103
fast 2.61120156745e-11 0.00267352724079 3.27834389747e-103 2.23653205574e-103 2.72531969751e-49
faults 1.42809520689e-103 2.67352728967e-103 3.27825763017e-103 0.00165858135108 2.38798054405e-103
favour 0.00142809520689 2.67352728967e-103 3.27828747162e-103 2.08452348664e-54 2.38952430696e-103
fear 0.000320624311278 2.67352728967e-103 3.27825763017e-103 0.00128621016685 2.3896718974e-103
feature 1.42809520689e-103 2.67352728967e-103 0.00327825763017 1.65858135108e-103 2.38798054405e-103
featureless 1.42809520689e-103 0.00267352728967 3.27825763017e-103 1.66177464133e-103 3.93605893068e-47
fed 0.00142809520689 1.31567442563e-33 3.27949310739e-103 1.65858135108e-103 7.14723133695e-30
feeble 1.42809520689e-103 0.00267352728967 3.27825763017e-103 1.65858141891e-103 5.846506591e-54
feel 1.42809521963e-103 0.00267351289334 3.27825763017e-103 8.93108284039e-09 2.41465529622e-103
fell 1.42809520689e-103 2.67352728967e-103 3.27825763017e-103 0.00165858135108 2.38798054405e-103
figure 0.00142809520689 2.67352728967e-103 3.2788732113e-103 4.69665130287e-60 4.04046586923e-68
find 1.42809520689e-103 2.67352728967e-103 0.00327825763017 0.00165858135108 2.38798054405e-103
fire 0.00142809520689 2.67352728967e-103 3.27825763017e-103 1.55374184027e-45 2.38885265326e-103
first 1.58134044982e-27 0.00534705457934 3.27825763017e-103 1.50323521301e-45 1.41071860988e-84
fits 1.42809520689e-103 2.67352728967e-103 0.00327825763017 1.65858135108e-103 2.38798054405e-103
fixed 0.00142809520689 2.67352728967e-103 3.27825763017e-103 2.07062103216e-36 5.8897897062e-78
flower 0.00142809520689 2.67352728967e-103 3.27825763017e-103 1.65858135108e-103 2.38798054405e-103
flown 1.42809520689e-103 2.67352728967e-103 3.27825763017e-103 0.00165858135108 2.38798054405e-103
foiled 1.42809520689e-103 2.67352728967e-103 0.00327825763017 1.65858135108e-103 2.38798054405e-103
followed 1.42809520689e-103 0.00267352728967 3.27825763017e-103 1.65870834568e-103 8.98445927646e-59
folly 1.42809520689e-103 2.67352728967e-103 3.27825763017e-103 1.65858135108e-103 0.00238798054405
foolish 0.00142809520689 1.96222340245e-59 3.27825763017e-103 1.9481541517e-76 2.38849542468e-103
for 0.0114745297899 5.6319599171e-53 3.27825763017e-103 0.00953155612077 0.012461289951
forbid 1.42809520689e-103 2.67352728967e-103 0.00327825763017 1.65858135108e-103 2.38798054405e-103
forced 0.00139700733128 2.67352728967e-103 3.2782595421e-103 3.61052753879e-05 2.70234400978e-63
forgot 0.00142809520689 2.67352728967e-103 3.27825763017e-103 6.46651534868e-31 2.81722738383e-73
fort 1.02249925107e-10 3.72713362875e-85 3.27825763017e-103 0.00165858123233 2.38930509011e-103
forth 0.00285619041378 2.67352728967e-103 3.2786534783e-103 1.60272383961e-77 1.0107276918e-74
fortunes 1.42809520689e-103 2.67352728967e-103 3.27825763017e-103 0.00165858135108 2.38798054405e-103
foul 1.42809520689e-103 2.67352728967e-103 3.27825763017e-103 0.00165858135108 2.38798054405e-103
found 0.000946388939027 1.18208425424e-77 3.27825763017e-103 0.00055945081863 2.3899134516e-103
frailties 0.00142809520689 2.67352728967e-103 3.27825763017e-103 1.65858135108e-103 3.63566909881e-25
frame 1.42809520689e-103 2.67352728967e-103 0.00327825763017 1.65858135108e-103 2.38798054405e-103
frantic 1.42809520689e-103 0.00267352728967 3.27825763017e-103 1.65858135108e-103 1.03774594147e-44
free 1.42809520689e-103 2.67352728967e-103 0.00327825763017 1.65858135108e-103 2.38798054405e-103
fresh 0.00142809520689 2.67352728967e-103 3.27829625495e-103 7.76224664185e-103 9.10369676218e-61
friend 0.00142809485805 3.00892087075e-45 0.00327825843096 1.65858135108e-103 2.38805843532e-103
friends 0.00285619041378 4.43174910202e-39 3.27825763017e-103 2.94211990672e-43 2.38843666098e-103
from 0.00961401849581 0.00473904406535 3.27825763017e-103 0.00680037673267 0.0152717212563
fruit 1.42809520689e-103 2.67352728967e-103 0.00327825763017 1.65858135108e-103 2.38798054405e-103
gains 1.42809520689e-103 2.67352728967e-103 0.00327825763017 1.65858135108e-103 2.38798054405e-103
gainst 0.00142592088143 2.67352728967e-103 3.27825763017e-103 2.52524876353e-06 3.85763772048e-84
gaol 1.42809520689e-103 2.67352728967e-103 0.00327825763017 1.65858135108e-103 2.38798054405e-103
garments 1.42809520689e-103 2.67352728967e-103 3.27825763017e-103 0.00165858135108 2.38798054405e-103
gate 1.42809520689e-103 2.67352728967e-103 0.00327825763017 1.65858135108e-103 2.38798054405e-103
gaudy 1.42809520689e-103 2.67352728967e-103 3.27825763017e-103 0.00165858135108 2.38798054405e-103
gave 0.00109670674037 2.67352728967e-103 3.27825763017e-103 0.000384872610648 2.38974833312e-103
gavst 0.00142809520689 2.67357413377e-103 3.27825840945e-103 2.0583209805e-76 2.39634646565e-83
gaze 0.00142809520689 1.37101321784e-28 3.27825763017e-103 1.66020973932e-103 2.38804156514e-103
gentle 1.42809520689e-103 2.67352728967e-103 3.27825763017e-103 0.00331716270216 2.38798054405e-103
gift 6.34127433299e-74 2.67352728967e-103 3.27825763017e-103 1.65858135108e-103 0.00238798054405
gifts 9.46394188932e-25 3.09589191924e-78 3.27825763017e-103 0.00165858135108 2.38863775971e-103
gildst 3.60536101365e-11 2.67353655054e-103 3.27825763017e-103 0.00165858130921 2.38864958055e-103
give 0.00142809520689 2.67352728967e-103 0.00655651526035 1.17120965539e-23 2.38868435711e-103
glass 1.42809520689e-103 2.67352728967e-103 0.00327825763017 1.65858135108e-103 2.38798054405e-103
glory 3.32780038703e-43 2.67794819166e-103 3.27825763017e-103 0.00331716270216 2.38832146191e-103
go 1.42809520689e-103 2.67352728967e-103 0.00327825763017 1.65858135108e-103 2.38798054405e-103
god 1.42809520689e-103 3.44561656253e-70 3.27825763017e-103 1.65858135108e-103 0.00238798054405
gold 0.00142809520689 2.67352728967e-103 3.27825763017e-103 1.65858135108e-103 2.38798054405e-103
golden 1.42809520689e-103 2.67352728967e-103 3.27825763017e-103 0.00165858135108 2.38798054405e-103
gone 1.42809520689e-103 2.67352728967e-103 0.00655651526035 1.65858135108e-103 2.38798054405e-103
good 0.00142809520689 2.67352728967e-103 0.00327825763017 1.96870004855e-47 2.3900383032e-103
goodly 1.42809520689e-103 2.67352728967e-103 3.27825763017e-103 0.00165858135108 2.38798054405e-103
goodness 0.00142809520689 1.04920881385e-46 3.27825763017e-103 1.65858135108e-103 2.38798054405e-103
grace 0.00142809520689 2.67352728967e-103 3.27825763017e-103 1.65858135108e-103 3.22895140232e-27
graced 1.42809520689e-103 2.67352728967e-103 3.27825763017e-103 0.00165858135108 2.38798054405e-103
graces 0.00280822613517 3.41715791459e-73 3.27827014252e-103 5.57054303063e-05 2.38999760448e-103
graciously 0.00142809520689 2.88922315025e-57 3.27825866156e-103 4.77117035192e-16 5.5527583072e-100
graven 1.42809520689e-103 2.67352728967e-103 3.27825763017e-103 0.00165858135108 2.38798054405e-103
great 0.00142809520689 5.82088862158e-44 3.27825763017e-103 1.65858135108e-103 2.38798054405e-103
greater 1.42809520689e-103 2.67352728967e-103 0.00655651526035 1.65858135108e-103 2.38798054405e-103
grew 0.00142809520689 3.94827556332e-81 3.27825763017e-103 8.79439458717e-17 1.70749360642e-62
griefs 0.00142809520689 2.67352728967e-103 3.27825763017e-103 6.49259370564e-49 2.38859838328e-103
grind 1.42809520689e-103 2.67352728967e-103 0.00327825763017 1.65858135108e-103 2.38798054405e-103
groans 0.00142809520689 2.67352728967e-103 3.27825763017e-103 1.65858135108e-103 9.19787010619e-34
ground 1.42809520689e-103 2.67352728967e-103 0.00327825763017 1.65858135108e-103 2.38798054405e-103
grow 1.42809520689e-103 2.67352728967e-103 0.00327825763017 1.65858135108e-103 2.38798054405e-103
growing 1.42809520689e-103 2.67352728967e-103 3.27825763017e-103 0.00165858135108 2.38798054405e-103
grown 0.00285619041378 2.67352728967e-103 3.27825763017e-103 1.02461123417e-27 2.49142360067e-92
grows 1.42809526457e-103 0.00266512743604 3.27825906892e-103 3.84454002035e-72 0.00239548324922
growst 1.42809520689e-103 2.67352728967e-103 0.00327825763017 1.65858135108e-103 2.38798054405e-103
guard 3.54454192211e-78 0.00267352728967 3.27825763017e-103 1.65858135108e-103 2.3879805442e-103
guess 0.000223178033841 4.52151782403e-61 3.27868993481e-103 1.65858135108e-103 0.00440277532282
guest 1.42809520689e-103 2.67352728967e-103 0.00327825763017 1.65858135108e-103 2.38798054405e-103
guilt 0.00142809520689 2.67352728967e-103 3.27825763017e-103 1.65858162005e-103 2.38798054432e-103
gulls 0.00142809520689 2.67352728967e-103 3.27825763017e-103 1.65858135108e-103 3.00152895994e-75
habitation 0.00142809520689 2.67352728967e-103 3.27825763017e-103 6.92334777188e-80 2.38912281059e-103
had 8.68281492718e-12 5.37812088097e-06 3.27825763017e-103 1.66786584806e-103 0.00954711845233
haply 1.42809520689e-103 0.00240150282836 3.27825763017e-103 1.65858135108e-103 0.00263095136527
happy 0.00281569763678 2.67357834351e-103 3.27825763017e-103 1.38543549577e-05 0.00243574316467
hard 0.00142809520689 2.67352728967e-103 3.27825763017e-103 1.05061104218e-57 1.39897983878e-56
harsh 1.42809520689e-103 2.67352728967e-103 3.27825763017e-103 1.65858135108e-103 0.00238798054405
haste 1.42809520689e-103 2.67352728967e-103 0.00327825763017 1.65858135108e-103 2.38798054405e-103
hate 2.25739211509e-73 0.00267352728967 0.00983477289052 1.65858135108e-103 2.33672101912e-40
hates 0.00142809520689 2.98123859307e-72 3.27825763017e-103 2.00192757531e-48 2.39051393051e-103
hath 0.00571168128995 5.35005428054e-86 3.27825763017e-103 9.9233786849e-44 0.00238915027153
have 0.0077062180045 1.48805862288e-59 3.27833328341e-103 0.00431869466569 1.35863463727e-69
having 1.42809918095e-103 0.00534705457934 3.27825763017e-103 1.65883403208e-103 3.94349118674e-48
he 0.00171504660404 0.00567329539734 3.27825763017e-103 0.00464125959011 0.00209834163637
health 1.42809520689e-103 2.67352728967e-103 3.27825763017e-103 1.65858135108e-103 0.00238798054405
hear 0.00142809520689 1.33476014544e-31 3.27876650437e-103 1.65858135108e-103 6.48330030699e-27
heart 0.00332493091976 5.16876281673e-57 0.00655651526035 0.00277277024291 3.00325213581e-24
hearted 1.42809520689e-103 2.67352728967e-103 3.27825763017e-103 0.00165858135108 2.38798054405e-103
hearts 0.00142809520689 2.67352728967e-103 3.27825763017e-103 0.00165858135108 2.38798054405e-103
heat 3.51062083463e-14 1.77522409563e-81 3.27826836772e-103 0.00331716270212 2.38968586788e-103
heaven 1.42811226599e-103 1.28556990534e-47 0.00327825763017 0.00165858135108 0.00238798054405
heavens 1.42809520689e-103 2.67352728967e-103 3.27825763017e-103 0.00331716270216 2.38798054405e-103
heavily 1.42809520689e-103 0.00267352728967 3.27825763017e-103 1.65966989684e-103 4.67027130698e-95
heavy 1.42809520689e-103 2.67352728967e-103 3.27825763017e-103 1.65858135108e-103 0.00238798054405
hell 0.00142809520689 1.77445445424e-33 0.00327825763017 1.65858135108e-103 2.37315285168e-81
her 9.71569235249e-22 0.00267609609427 3.27825763017e-103 0.0016585817146 0.0119376077541
herald 0.00142809520688 2.67352728967e-103 3.27825763017e-103 3.27389634756e-53 1.91548280962e-14
hid 1.42809520689e-103 2.67352728967e-103 0.00327825763017 1.65858135108e-103 2.38798054405e-103
hide 1.42809520689e-103 2.67352728967e-103 0.00655651526035 1.65858135108e-103 2.38798054405e-103
hied 1.42809520689e-103 0.00267352728967 3.27825763017e-103 1.65858135108e-103 2.38798054405e-103
him 0.00432355835804 0.00527353235576 3.27825763017e-103 2.7637811166e-20 2.66754929367e-28
hindmost 5.88051695531e-05 2.67352728967e-103 3.27825763017e-103 0.00159028537396 2.38964611105e-103
his 2.18431091113e-10 0.0241013010602 3.27825763017e-103 0.0198784368655 4.79918970099e-95
hits 1.42809520689e-103 2.67352728967e-103 0.00327825763017 1.65858135108e-103 2.38798054405e-103
holds 3.42272159543e-41 2.67352728967e-103 3.27825763017e-103 0.00165858135108 6.59015908137e-100
home 1.42809520689e-103 0.00267352728967 3.27825763017e-103 1.65858135108e-103 2.39124838929e-103
honour 0.000277176414387 0.00243590246478 3.27827877137e-103 0.0014840860752 7.62398120202e-97
hope 1.42809520689e-103 0.00267352728967 3.27825763017e-103 1.65858135108e-103 1.0347099489e-58
hours 1.42809520689e-103 2.67352728967e-103 0.00327825763017 1.65858135108e-103 2.38798054405e-103
how 0.00142809520253 0.00534705458751 3.28148623913e-103 1.66456724181e-103 1.1017606866e-71
humble 1.42809520689e-103 0.00267352728967 3.27825763017e-103 1.65858135108e-103 2.38798054405e-103
hung 1.42809520689e-103 4.62525360181e-59 3.27825763017e-103 1.65858135108e-103 0.00238798054405
husbandry 1.43088554111e-103 0.00267352728967 3.27825763017e-103 1.65902152938e-103 2.18294383607e-56
hush 1.42809520689e-103 0.00267352728967 3.27825763017e-103 1.70855085625e-103 2.41465542137e-103
hymns 0.00285619041378 2.67352728967e-103 3.27825763017e-103 1.65858135108e-103 5.29952128137e-45
if 5.2442868061e-18 0.00241655657349 3.27827426179e-103 1.65858135142e-103 0.0145574081594
ill 0.000361768158832 5.22426925417e-73 0.00655651526035 0.00289700729602 2.38987291182e-103
ills 1.42809520689e-103 0.00267352728967 3.27825763017e-103 1.65858135108e-103 5.30591774227e-43
importune 1.42809520689e-103 2.67352728967e-103 3.27825763017e-103 0.00165858135108 2.38798054405e-103
imprisoned 1.42809520689e-103 2.67352728967e-103 3.27825763017e-103 0.00165858135108 2.38798054405e-103
in 0.0301611682111 0.0204687538551 3.27828120671e-103 0.00978746646781 0.00315917633429
infection 1.42809520689e-103 2.67352728967e-103 0.00327825763017 1.65858135108e-103 2.38798054405e-103
influence 1.42809520689e-103 0.00267352728967 3.27825763017e-103 1.65858135108e-103 7.5567266976e-88
iniquity 1.42809520689e-103 2.67352728967e-103 0.00327825763017 1.65858135108e-103 2.38798054405e-103
injuries 1.42809520689e-103 2.67352728967e-103 0.00327825763017 1.65858135108e-103 2.38798054405e-103
injury 8.74835907037e-29 2.32501580468e-20 0.00327825763017 0.00165858135108 2.38999060314e-103
insults 0.00142809520689 1.26597797117e-93 3.27825763017e-103 6.14128705005e-45 2.39019340985e-103
intelligence 1.42809520689e-103 2.67352728967e-103 0.00327825763017 1.65858135108e-103 2.38798054405e-103
into 1.42886785743e-103 2.67352728967e-103 3.27825763017e-103 0.00165858135108 2.38798151691e-103
invocate 1.42809520689e-103 2.67352728967e-103 0.00327825763017 1.65858135108e-103 2.38798054405e-103
is 0.0143923936493 0.007811952847 3.27825763017e-103 1.50069230216e-15 5.50222193555e-34
it 0.014921350634 0.0109599190378 0.00655652853184 0.00371317637334 0.00289752317581
jade 1.42809520689e-103 2.67352728967e-103 0.00327825763017 1.65858135108e-103 2.38798054405e-103
jewel 0.00142809520689 2.67352728967e-103 3.27825763017e-103 1.65858135108e-103 8.6253445429e-30
joy 1.42809520689e-103 0.00267352728967 3.27825763017e-103 1.65858135108e-103 2.38798054405e-103
judgement 1.42809520689e-103 2.67352728967e-103 3.27825763017e-103 0.00165858135108 2.38798054405e-103
judgments 1.42809520689e-103 2.67352728967e-103 3.27825763017e-103 0.00165858135108 2.38798054405e-103
just 0.00285619041378 2.67352728967e-103 3.27825763017e-103 8.11533800866e-68 2.38900084804e-103
keeps 7.04658196957e-45 0.00267352728967 3.27831354194e-103 6.16694525778e-32 3.39679015931e-91
kept 1.42809520689e-103 0.00267352728967 3.27825763017e-103 1.65858135108e-103 2.38798054405e-103
kind 0.00285619041378 2.67352728967e-103 0.00327825763017 4.65243516304e-64 1.02786129917e-43
kinds 3.73976036966e-07 2.67352728967e-103 3.27825763017e-103 0.00165814701752 2.38955871701e-103
kingly 1.384233826e-05 2.67352728967e-103 3.27825763017e-103 0.00164250494106 2.3896416827e-103
kiss 0.00142809520689 2.67352728967e-103 3.27825763017e-103 5.24938330629e-21 2.3905554842e-103
knife 1.42809520689e-103 2.67352728967e-103 0.00327825763017 1.65858135108e-103 2.38798054405e-103
know 1.42809520689e-103 2.67352728967e-103 0.00327825763017 1.65858135108e-103 2.38798054405e-103
knowledge 1.42809520808e-103 0.00267352728967 3.27825822351e-103 1.66103684223e-103 2.08520072737e-70
known 1.42809520689e-103 2.67352728967e-103 3.27825763017e-103 0.00165858135108 2.38798054405e-103
knows 0.00142809520689 2.67352728967e-103 3.27825763017e-103 1.65858135108e-103 2.38798054434e-103
lamb 1.46119319572e-103 0.00267352728967 3.27825763017e-103 1.69242600799e-103 2.7721287372e-60
large 1.51026166131e-52 0.00268644023844 3.27825763017e-103 0.00165057051981 2.38822585909e-103
lawful 0.00142809520689 1.32296131673e-18 3.27825763017e-103 1.65858135108e-103 2.38798054405e-103
lay 0.00142809520689 2.67352728967e-103 3.27825763017e-103 5.69091156051e-44 1.37150937451e-40
leap 1.42809520689e-103 2.67352728967e-103 3.27825763017e-103 1.65858135108e-103 0.00238798054405
leases 0.00142809520689 2.67352728967e-103 3.27825798953e-103 1.09661800265e-29 2.20184349148e-85
least 8.34779627635e-15 0.00267352728966 3.27825763017e-103 1.65858135108e-103 2.38798054405e-103
leave 3.82182538357e-75 0.00267352728967 0.00655651526035 1.65858135108e-103 7.30115616998e-55
leaving 1.42809520689e-103 1.53367529391e-52 3.27825763017e-103 1.65858135108e-103 0.00238798054405
leisure 0.00285619041378 2.67352728967e-103 3.27825763017e-103 1.83407027614e-32 2.39172988745e-103
lend 1.42809520689e-103 2.67352728967e-103 0.00327825763017 1.65858135108e-103 2.38798054405e-103
lengths 0.00142809520689 2.67352728967e-103 3.27825763017e-103 1.65858135108e-103 7.88746677002e-44
less 0.00249048030006 0.000684643407829 3.27825856685e-103 4.10281007178e-16 4.89557965944e-54
lest 1.42809520689e-103 4.50797375566e-89 3.27825763017e-103 1.65858135108e-103 0.00238798054405
let 1.61614888089e-10 0.00531970510603 3.27827890463e-103 0.00165058178135 0.00242392624384
lie 1.42809520689e-103 2.67352728967e-103 0.00655651526035 0.00165858135108 2.38798054405e-103
lies 1.42809530116e-103 2.67352728967e-103 3.27825763017e-103 0.00165858135108 2.38798054417e-103
life 0.00228495797758 6.53318141496e-55 0.00327825763017 0.00232200733364 1.08204577812e-64
like 0.00427480937183 2.67352728967e-103 3.27825763017e-103 1.09322007682e-67 0.00479180673883
lines 0.00285619041378 2.60343962126e-32 3.27835920902e-103 3.60230190984e-21 4.36777872031e-55
lips 1.42809520689e-103 2.67352728967e-103 0.00327825763017 1.65858135108e-103 2.38798054405e-103
liquid 1.42809520689e-103 2.67352728967e-103 3.27825763017e-103 1.65858135108e-103 0.00238798054405
live 0.00285610408916 0.00534705457934 0.00655671342244 2.03789239132e-19 2.28464943027e-55
lively 1.42809520689e-103 2.67352728967e-103 3.27825763017e-103 0.00165858135108 2.38798054405e-103
lives 0.00142809520689 2.67352728967e-103 3.27825763017e-103 1.65858135108e-103 2.38798054405e-103
living 0.00130939469811 2.67352728967e-103 3.27825763017e-103 0.00345502077302 2.39004383228e-103
lodged 0.00142809520689 2.67352728967e-103 3.27825763017e-103 4.60599844564e-57 1.79004759087e-67
long 1.42809520689e-103 2.67352728967e-103 3.27825763017e-103 0.00165858135108 2.38798054405e-103
look 3.76015350476e-31 5.10667569371e-22 0.00327825763017 0.00165858135108 2.38999060314e-103
looking 1.05703284567e-101 0.00267352728967 3.27825763017e-103 1.65868122963e-103 8.37972262017e-53
looks 0.00285036374308 0.00266714224068 3.27825763017e-103 0.0016693095174 2.38833204421e-103
lose 0.00142732863503 0.00267352728967 3.27825763017e-103 0.00165947164312 2.40183217201e-103
losing 1.42809520689e-103 0.00267352728967 3.27825763017e-103 1.65858136175e-103 1.63992025606e-32
loss 1.42809520689e-103 2.67352728967e-103 0.00655651526035 1.65858135108e-103 2.38798054405e-103
love 0.016867072549 0.0101111639329 0.00329009275098 0.00564505676307 2.71825756926e-38
lovely 2.87189545063e-06 3.98484052904e-65 3.27825763017e-103 0.00165524594864 2.39004050472e-103
lovers 1.42809520689e-103 2.67352728967e-103 3.27825763017e-103 0.00331716270216 2.38798054405e-103
loves 0.00428428562067 4.48881003444e-24 3.28237248505e-103 4.04844803979e-82 8.16718836096e-69
loving 0.00285619041378 3.26144701356e-39 3.27825763017e-103 2.20458512027e-16 1.98739986771e-101
low 0.00142809520689 2.67352728967e-103 3.27825763017e-103 1.65858135108e-103 2.38798054405e-103
mad 0.00247078190453 0.00339504792933 3.27825763017e-103 1.99328291437e-72 2.39261958716e-103
made 1.30517097831e-21 0.00273180868632 0.00655651526035 0.00331649360938 0.0023368872481
madness 0.00142809520689 9.54290779829e-29 3.27825763017e-103 1.65858135108e-103 2.38798054405e-103
make 5.25846685363e-43 0.00557054117529 3.28191584845e-103 0.00317851788574 1.43954329194e-20
makes 1.42809520689e-103 2.67352728967e-103 3.27825763017e-103 1.65858147829e-103 0.0047759610881
making 2.8903603082e-70 0.00137238820795 0.00327825763017 1.65858135108e-103 0.00593813168731
makst 0.00142809520689 2.67352728967e-103 3.27825763017e-103 1.65858135108e-103 2.38798054405e-103
many 0.00285619041378 1.40540025771e-47 3.27825763017e-103 1.65858135108e-103 2.38798054405e-103
mar 4.58511533966e-79 0.00267352728967 3.27825763017e-103 1.65858135108e-103 2.3879805442e-103
march 1.00586268192e-77 0.00267352728967 3.27825763017e-103 1.65858135108e-103 2.70428039865e-41
mark 1.42809520689e-103 2.75302673854e-103 3.27825763017e-103 1.65858135108e-103 0.00238798054405
masked 0.00142809520689 8.90494326262e-30 3.27825763017e-103 1.65858135108e-103 3.7155409525e-29
may 0.00711434202789 0.00272245258498 3.27825763676e-103 3.73831125749e-15 7.50787764102e-42
mayst 0.00142809520689 2.67358455885e-103 3.27825763017e-103 1.65858135108e-103 2.38798054405e-103
me 0.0104136234605 0.000995615365547 0.0131130307951 0.0092397008511 0.00182630187
measure 1.42809520689e-103 0.00267352728967 3.27829900513e-103 1.65858135108e-103 9.71255761171e-86
men 0.00142809520689 0.00267352728967 0.00655651526035 1.65858135108e-103 4.74037167134e-33
mens 2.87643583e-25 2.67352728967e-103 3.27825763017e-103 0.00165858135108 2.38853507585e-103
messengers 5.2596082751e-06 2.67352728967e-103 3.27825763017e-103 0.00165247287305 2.38964083739e-103
metre 0.00142809520689 2.67352728967e-103 3.27825763017e-103 1.92430626761e-68 6.79261671868e-98
might 0.00283575746584 3.75667320681e-77 0.00327825763017 0.00168178772958 0.0023887354555
miles 0.00142809520689 6.61578899141e-51 4.28978603574e-63 1.65858135108e-103 6.86714287942e-30
mind 0.00142809520689 2.67352728967e-103 0.00327825763017 1.65858135108e-103 1.33984159182e-67
mine 0.00387108392671 0.00159538940331 0.00327878370668 0.00442617320341 0.0048327743231
mistaking 1.42809520689e-103 2.67352728967e-103 0.00327825763017 1.65858135108e-103 2.38798054405e-103
mistress 1.61653814686e-71 0.00267352728967 3.27825763017e-103 0.00165858135108 5.09255138162e-43
moan 1.42809520689e-103 2.67352728967e-103 0.00327825763017 1.65858135108e-103 2.38798054405e-103
moiety 0.00142809520689 2.67352728967e-103 3.27829304907e-103 2.22640321787e-20 2.39028555694e-103
more 0.00683491582259 0.00763339589287 0.0131130326905 0.00561074017775 0.00471848236726
most 0.00535904257516 0.00333500942035 3.27875177696e-103 3.36640082967e-19 9.17700397003e-23
mothers 0.00142809520689 1.35851533594e-19 3.27825763017e-103 1.65858135108e-103 2.38798054405e-103
motion 0.000369322148162 0.0046556491065 3.27825829833e-103 4.28627064301e-22 4.13747297154e-53
mourners 1.42809520689e-103 2.67352728967e-103 3.27825763017e-103 0.00165858135108 2.38798054405e-103
mournful 2.11765932724e-14 0.00267352728963 3.27825763017e-103 1.65858135108e-103 2.38798054405e-103
mow 1.42809520689e-103 2.67352728967e-103 0.00327825763017 1.65858135108e-103 2.38798054405e-103
muse 0.00142809520689 2.67352728967e-103 3.27825763017e-103 1.65858135108e-103 2.38798054405e-103
music 1.42809520689e-103 0.00267352728967 3.27825763017e-103 1.65858135108e-103 2.38806178835e-103
must 1.42809520886e-103 0.00801996570028 3.27825797968e-103 0.00331754495596 1.96570622548e-68
mute 1.42809520689e-103 2.67352728967e-103 0.00327825763017 1.65858135108e-103 2.38798054405e-103
mutual 1.42809520689e-103 0.00267352728967 3.27825763017e-103 0.00165858135108 2.38798054405e-103
my 0.0173316497338 0.0210183553656 3.27825775034e-103 0.0393764349186 0.0101754454132
name 0.00142809520689 2.67352728967e-103 0.00327825763017 4.18804133767e-40 9.02400348201e-27
nature 0.0014196361402 0.00268936345069 3.27825763017e-103 9.87677425666e-50 7.64155495864e-33
need 1.42809520689e-103 0.00267352728967 3.27825763017e-103 1.65858135108e-103 2.38798054405e-103
needs 0.00142809520689 2.67352728967e-103 3.27825763017e-103 1.65858135108e-103 2.38798054405e-103
neglect 3.36008125348e-27 6.40834810844e-98 3.27825763017e-103 0.00165858135108 2.38866344648e-103
never 0.00142809520689 2.67352728967e-103 3.27825763017e-103 3.80988344218e-67 6.44683384886e-81
new 3.51779984412e-17 0.00802058186901 0.00983477289052 4.61619196535e-81 2.38830078244e-103
niggarding 1.42809520689e-103 2.67352728967e-103 0.00327825763017 1.65858135108e-103 2.38798054405e-103
night 0.00142809520689 2.67352728967e-103 0.00655651526035 1.65858135108e-103 2.38798054405e-103
nightly 1.43034889146e-103 0.00267352728967 3.27825763017e-103 1.65858135108e-103 2.38798054405e-103
nine 0.00142776052949 2.67352728967e-103 3.27825763017e-103 3.88692354734e-07 3.05038569277e-24
no 0.0043902109566 0.00529731176011 3.28161719863e-103 0.00311990692863 0.00253929170005
nor 1.07241417007e-10 6.46901377196e-72 3.2782727049e-103 0.00663011337861 0.0191099085337
not 0.0187195125249 0.0200314825338 3.27877922068e-103 2.00117309934e-12 0.00572982065762
note 1.42809520689e-103 2.67352728967e-103 3.27825763017e-103 0.00165858135108 2.38798054405e-103
nothing 0.00245635544458 0.00609558289619 0.00327825763017 1.83233258481e-39 7.61151359936e-49
nourished 1.42809520689e-103 2.67352728967e-103 3.27825763017e-103 0.00165858135108 2.38798054405e-103
now 0.00285619041378 2.67352728967e-103 0.00327825763017 1.73683567186e-47 6.57607018206e-80
numbered 1.42809520689e-103 2.67352728967e-103 3.27825763017e-103 0.00165858135108 2.38798054405e-103
numbers 1.42809520689e-103 1.7980304266e-43 3.27825763017e-103 1.65858135108e-103 0.00238798054405
nurse 0.00142809520689 2.67352728967e-103 3.27825763017e-103 1.65858135108e-103 1.3767931679e-31
oaths 1.42809520689e-103 2.50059492828e-58 3.27825763017e-103 1.65858135108e-103 0.00238798054405
oblation 3.18700211988e-15 1.21958289292e-83 3.27825763017e-103 0.00165858135108 2.38974773324e-103
odours 1.42809520689e-103 2.67352728967e-103 3.27825763017e-103 0.00165858135108 2.38798054405e-103
oer 3.86837381572e-23 2.67352728967e-103 0.00327825763017 0.00331716270216 2.38881017172e-103
of 0.0492306020465 0.0208282148043 3.27825904001e-103 0.0352525315526 0.0107027380168
offences 1.42809520689e-103 2.67352728967e-103 3.27825763017e-103 0.00165858135108 2.38798054405e-103
old 0.00714047602169 8.50244078488e-41 0.00327825765946 3.45074978577e-25 7.6554113737e-28
on 0.0133925490216 0.00803997186175 3.27825816516e-103 0.00599550110528 1.54760161058e-58
once 1.42809520689e-103 2.67352728967e-103 3.27825763017e-103 0.00165858135108 2.38798054405e-103
one 0.00691811940024 0.00836249318118 3.30191248956e-103 5.48206286111e-20 0.00245439942141
only 0.00278676661864 0.00280349510271 3.27825763017e-103 1.12297087025e-34 7.07601750513e-63
or 0.00640118674498 3.22031790698e-35 3.27827123271e-103 0.000420906526719 0.0221220130708
ordering 1.42809520689e-103 2.67352728967e-103 0.00327825763017 1.65858135108e-103 2.38798054405e-103
ornament 0.00142809520689 2.67352728967e-103 3.27825783409e-103 1.65858159492e-103 4.56402810883e-35
orphans 0.00142809520665 1.31273102551e-67 3.27827356885e-103 2.75169968226e-13 2.39094636225e-103
other 1.42809520689e-103 0.00267352728967 3.27825763017e-103 0.00165858135108 2.38798054405e-103
others 3.91610514102e-92 0.0053473733304 3.27825763017e-103 0.00165858135108 0.00238769583727
our 0.00285619041378 3.00163886583e-61 3.27825763017e-103 1.08143247846e-70 2.78668596574e-28
out 3.93182350147e-18 7.22514200023e-96 3.27831851076e-103 0.00497574405324 2.38855879912e-103
outbraves 0.000192157645936 2.67352728967e-103 3.27825763017e-103 0.00143541059434 2.38965924482e-103
outlive 0.00142809520689 8.48763972586e-79 3.27825763017e-103 3.93243479739e-45 2.39053087705e-103
own 1.42809520689e-103 2.67352728967e-103 0.00327825763017 0.00165858135108 2.38798054405e-103
owst 1.42809520689e-103 2.67352728967e-103 0.00327825763017 1.65858135108e-103 2.38798054405e-103
pace 0.00142809520689 2.67352728967e-103 3.27825763017e-103 0.00165858135108 2.38798054405e-103
page 1.42809520689e-103 2.67352728967e-103 0.00327825763017 1.65858135108e-103 2.38798054405e-103
paid 1.42809520689e-103 2.67352728967e-103 3.27825763017e-103 0.00165858135108 2.38798054405e-103
palate 0.00142809279581 2.67352728967e-103 3.27825763017e-103 2.80021976482e-09 2.38980594308e-103
parallels 0.00142809520689 1.51806067889e-24 3.27825803813e-103 3.09053769781e-33 5.26842855562e-74
pardon 0.00142809502859 3.33790208252e-10 3.27826221278e-103 7.08552910142e-34 7.15650226691e-86
part 0.00285619041378 1.02738636858e-33 0.0131130305207 1.13596033569e-96 1.18594358846e-64
parts 1.43028812486e-103 0.00267352728967 3.27825763017e-103 1.65858135108e-103 9.24393936882e-83
party 0.00142809520689 2.67352728967e-103 3.27825763017e-103 1.65858135108e-103 2.24097868273e-83
past 1.42809520689e-103 2.67352728967e-103 0.00327825763017 1.65858135108e-103 2.38798054405e-103
pattern 0.00285619041378 2.67352728967e-103 3.27825814795e-103 3.87635118345e-29 6.86563798494e-76
pay 0.00142809520689 2.67352728967e-103 3.27825763017e-103 1.65858135108e-103 7.42887506782e-37
peep 4.76002411505e-61 6.52138897693e-103 3.27825763017e-103 1.65858135108e-103 0.00238798054405
pen 1.42809520689e-103 2.67352728967e-103 0.00655651526035 1.65858135108e-103 2.38798054405e-103
penance 0.00142809520689 2.67352728967e-103 3.27825778369e-103 6.85769858523e-51 1.77084602562e-67
pencil 0.00142809520689 2.67352728967e-103 3.27825763017e-103 7.49254928376e-63 3.12321723501e-80
pent 0.00142809520689 2.67352728967e-103 3.27825763017e-103 2.87648015962e-87 5.8334065931e-73
perceived 1.42809520689e-103 2.67352728967e-103 0.00327825763017 1.65858135108e-103 2.38798054405e-103
perfectst 0.00142809520689 6.55827844079e-52 3.27825763017e-103 3.9330335208e-34 1.33548408495e-84
perhaps 1.42809520689e-103 0.00267352728967 3.27825763017e-103 1.65858135108e-103 2.38798054405e-103
perish 1.42809520689e-103 2.67352728967e-103 0.00327825763017 1.65858135108e-103 2.38798054405e-103
perpetual 1.42809520689e-103 2.67352728967e-103 0.00327825763017 1.65858135108e-103 2.38798054405e-103
petty 0.00142809520689 2.67352728967e-103 3.27825763017e-103 1.65858135108e-103 2.38798054405e-103
pine 1.5088179438e-103 7.63369077869e-54 3.27825763017e-103 1.65858135108e-103 0.00238798054405
pitied 1.42809520689e-103 2.67352728967e-103 3.27825763017e-103 0.00165858135108 2.38798054405e-103
pity 4.26902673792e-25 0.00534705457934 3.27831478214e-103 1.65858135108e-103 1.3508032636e-70
place 0.0014280952049 2.67352728967e-103 0.00655651526493 1.65883318838e-103 2.38799101331e-103
plain 1.42809520689e-103 2.67352728967e-103 3.27825763017e-103 1.65860566669e-103 0.00238798054405
play 3.84326128983e-91 0.00534705457934 3.27825763017e-103 1.65935962791e-103 2.38839520107e-103
pleasing 3.85402044504e-17 4.62285372326e-97 3.27825763017e-103 0.00331716270216 2.38898815936e-103
pleasure 4.10641021138e-86 2.84338904904e-87 3.27825763017e-103 1.65858135108e-103 0.00238798054405
points 1.42809520689e-103 1.54676937039e-68 3.27825763017e-103 1.65858135108e-103 0.00238798054405
poor 8.65468315355e-48 2.67474926056e-103 3.27825763017e-103 0.00331716270216 2.38811505378e-103
possession 0.00142809520689 2.67352728967e-103 3.2782591531e-103 1.39382049935e-91 9.28735813436e-55
posterity 1.42809520689e-103 2.67352728967e-103 0.00327825763017 1.65858135108e-103 2.38798054405e-103
potions 1.42809520689e-103 6.25895137667e-60 3.27825763017e-103 1.65858135108e-103 0.00238798054405
poverty 1.42809520689e-103 2.67352728967e-103 0.00327825763017 1.65858135108e-103 2.38798054405e-103
praise 0.00118654266488 0.00483709080265 3.2782599972e-103 1.02545442432e-91 0.00324738809818
praised 0.00142809520689 8.56798505982e-18 3.27825763017e-103 1.65858135108e-103 7.32582557922e-35
prefiguring 1.42809520689e-103 2.67352728967e-103 0.00327825763017 1.65858135108e-103 2.38798054405e-103
prepare 1.59407599888e-103 2.67352728967e-103 3.27825763017e-103 0.00165858135108 2.38816787939e-103
presagers 0.00142809520689 2.67352728967e-103 3.27825763017e-103 8.14528493721e-73 5.64601734553e-69
present 0.00283494129406 0.00271330762033 3.27848178136e-103 8.31179196349e-13 2.39020644764e-103
presents 1.42809520689e-103 2.01806706446e-59 3.27825763017e-103 1.65858135108e-103 0.00238798054405
pretty 1.43249125632e-103 0.00267352728967 3.27825763017e-103 1.6589266468e-103 7.52560677767e-42
prey 1.42809520689e-103 0.00267352728967 3.27825763017e-103 1.65858140472e-103 2.63758378916e-60
pride 1.42809520689e-103 2.67352728967e-103 0.00983477289052 0.00165858135108 2.38798054405e-103
prime 1.42809520689e-103 2.67352728967e-103 0.00327825763017 1.65858135108e-103 2.38798054405e-103
prisoner 1.42809520689e-103 0.00267352728967 3.27825763017e-103 1.65858135108e-103 2.38798054405e-103
privilage 0.000750200846801 2.67352728967e-103 3.27825763017e-103 0.00078730251192 2.38974924588e-103
prize 4.83100572256e-33 2.67352728967e-103 3.27825763017e-103 1.65858135108e-103 0.00238798054405
proof 6.32002219657e-05 2.67352728967e-103 3.27825763017e-103 0.00158518098601 2.38964654391e-103
proposed 0.00142809520689 2.67352728967e-103 3.27825763017e-103 1.70330993444e-48 2.39003848912e-103
proud 0.00119525196591 0.00845648611123 3.27825984834e-103 1.94785309444e-15 5.14132650447e-69
prouder 0.0014280952035 2.67352728967e-103 3.27825763017e-103 3.93977861576e-12 1.72669757492e-64
prove 1.42809520689e-103 2.67352728967e-103 0.00327825763017 1.65858135108e-103 2.38798054405e-103
proving 1.42809520689e-103 2.67352729103e-103 3.27825763017e-103 1.65858135108e-103 0.00238798054405
pupil 1.42809520689e-103 2.67352728967e-103 3.27825763017e-103 0.00165858135108 2.38798054405e-103
purpose 1.42809520689e-103 2.67352728967e-103 3.27825763017e-103 0.00165858135108 2.38798054405e-103
put 2.02905611065e-77 0.00267352728967 3.27825763017e-103 1.65858135108e-103 8.99460719053e-25
putst 1.68190844025e-55 0.00267352728967 3.27825763017e-103 1.65858135108e-103 2.38798054405e-103
quest 0.00141017407724 6.8947463951e-63 3.27827306687e-103 9.14718613492e-24 0.00241794724985
rage 0.00142809520689 2.67352728967e-103 3.27825763017e-103 8.59201337398e-79 5.92527658606e-65
random 1.42809520689e-103 0.00267352728967 3.27825763017e-103 1.65888572073e-103 3.77143194357e-56
rank 0.00182917308167 0.00267768052269 3.27825763017e-103 0.00284877667446 2.91346946257e-46
ranks 0.00142809520689 7.59039818265e-70 3.27825789083e-103 4.54436208017e-22 2.93605151077e-95
read 0.000712928462739 2.67352728967e-103 0.00327825763017 0.000830590438956 2.38971053511e-103
reasons 0.00142809520689 2.67352728967e-103 3.27825763017e-103 1.56756576407e-31 4.76761794539e-84
receive 1.70148600149e-22 2.24459211712e-11 3.27825763017e-103 0.00165858133716 2.39130814715e-103
reckon 0.00142809520689 2.67352728967e-103 3.27825763017e-103 1.65858135108e-103 2.38798054405e-103
recounting 1.42809520689e-103 0.00267352728967 3.27825763017e-103 1.65897053916e-103 3.45412481025e-97
reeleth 1.96286244972e-31 3.76261705055e-36 3.27856038491e-103 0.00165858135108 2.39840468044e-103
refigured 1.42809520689e-103 2.67352728967e-103 3.27825763017e-103 0.00165858135108 2.38798054405e-103
region 1.42809520689e-103 0.00267352728967 3.27825763017e-103 1.65858135108e-103 2.38798054405e-103
remembered 1.42809520689e-103 2.67352728967e-103 0.00327825763017 1.65858135108e-103 2.38798054405e-103
remembrance 1.44080450639e-103 2.67943849855e-103 3.27833759614e-103 1.65858135108e-103 0.00238798054405
render 0.00142809520689 2.67352728967e-103 3.27825763017e-103 1.65858135108e-103 1.37910004304e-32
repent 0.00142809520689 2.67358455885e-103 3.27825763017e-103 1.65858135108e-103 2.38798054405e-103
respect 1.42809520689e-103 2.67352728967e-103 0.00327825763017 1.65858135108e-103 2.38798054405e-103
rest 0.00142809520689 2.81593314244e-19 0.00327825763017 1.65858135108e-103 2.38798054405e-103
return 1.42809520689e-103 8.6272888891e-63 3.27825763017e-103 1.65858135108e-103 0.00238798054405
returned 9.80550500798e-86 2.67352728967e-103 3.27825763017e-103 0.00165858135108 2.38798665311e-103
revolt 2.47893516761e-32 1.00235630574e-67 3.27825763017e-103 0.00165858135108 2.38857003225e-103
revolution 0.00142809520689 2.67352728967e-103 3.27825763017e-103 3.50253398325e-55 9.79144522248e-91
rhetoric 0.00142809520689 2.67352728967e-103 3.27825763017e-103 1.75386391282e-48 2.39003848912e-103
rhymers 1.42809520689e-103 2.67352728967e-103 3.27825763017e-103 0.00165858135108 2.38798054405e-103
rich 0.00285619041378 6.9481058174e-87 3.27825763017e-103 3.31676098084e-38 1.09880660875e-86
richer 1.42809520689e-103 2.78911001515e-103 3.27825763017e-103 1.65858135108e-103 0.00238798054405
ride 1.42809520689e-103 2.67352728967e-103 0.00327825763017 1.65858135108e-103 2.38798054405e-103
rigour 0.00142809520689 2.67352728967e-103 3.27825763017e-103 1.30178910048e-36 5.34200246534e-77
robbing 1.42809520689e-103 1.04353142722e-88 3.27825763017e-103 1.65858135108e-103 0.00238798054405
robe 3.55501603966e-08 7.3756601217e-53 3.27825763017e-103 0.00165854006333 2.39069522443e-103
room 1.42809520689e-103 2.67352728967e-103 0.00327825763017 1.65858135108e-103 2.38798054405e-103
rose 1.42809520689e-103 2.67352728967e-103 0.00327825763017 1.65858135108e-103 2.38798054405e-103
rude 9.66097154365e-10 8.05777353006e-06 3.27825763017e-103 0.00165358141234 2.3943556801e-103
sad 0.00142809520689 2.67352728967e-103 3.27825763017e-103 8.88605270448e-47 2.39003848912e-103
sake 0.00142809520689 1.06466151374e-31 0.00327825763017 1.65858135108e-103 2.38798054405e-103
salve 0.00142809520689 2.67352728967e-103 3.27825763017e-103 1.65858135108e-103 6.88010010904e-30
same 1.42809520689e-103 2.67352728967e-103 0.00327825763017 1.65858135108e-103 2.38798054405e-103
save 1.42809520689e-103 2.27227681943e-92 3.27825763017e-103 1.65858135108e-103 0.00716394163214
say 0.00285619041378 2.67352728967e-103 3.27825763017e-103 1.65858135108e-103 4.54150251689e-47
scope 1.42809520689e-103 2.67352728967e-103 3.27825763017e-103 0.00165858135108 2.38798054405e-103
score 1.42809520689e-103 2.67352728967e-103 0.00327825763017 1.65858135108e-103 2.38798054405e-103
scorned 9.56153290569e-90 0.00267352728967 3.27825763017e-103 1.65858135108e-103 2.38798054405e-103
scythe 1.55445880193e-23 2.67352728967e-103 3.27825763017e-103 0.00165858135108 2.38870792905e-103
see 3.75453518478e-51 0.00280606824558 0.00655651526035 0.00157635665916 2.38922665571e-103
seem 1.42809520689e-103 2.67352728967e-103 0.00327825763017 1.65858135108e-103 2.38798054405e-103
sees 0.00142809520689 3.83498447324e-37 3.27825763017e-103 1.65858135146e-103 3.5669828539e-55
self 0.0156996924187 0.00467353271613 9.39504510439e-98 9.73266079864e-22 0.00539318994792
selfdoing 1.42809520689e-103 2.67352728967e-103 3.27825763017e-103 0.00165858135108 2.38798054405e-103
sense 1.61550930437e-12 2.67352728967e-103 0.00327825763017 1.65858135108e-103 0.00238798054135
service 1.4655583498e-19 6.04673506456e-59 3.27825763017e-103 0.00165858135108 2.38914217177e-103
serving 1.42809520689e-103 2.67352728967e-103 3.27825763017e-103 0.00165858135108 2.38798054405e-103
sets 1.42809520689e-103 2.68610124536e-103 3.27825763017e-103 1.65858135108e-103 0.00238798054405
shadow 0.00428428562067 3.03646090471e-49 3.27826740863e-103 5.94372503017e-33 2.62198763848e-36
shall 7.46218847603e-27 0.00730633323425 3.27825763017e-103 0.0033261552424 0.00778895754815
shalt 1.42809520689e-103 2.67352728967e-103 3.27825763017e-103 0.00165858135108 2.38798054405e-103
shame 5.97914357466e-28 8.65512334051e-57 0.0032799601095 0.00165772000924 2.38933589822e-103
shape 4.52007426118e-05 1.45067274278e-29 3.27867441253e-103 0.00326466682626 2.3901100031e-103
shapes 0.00142809520689 2.1652042932e-52 3.27825763017e-103 1.65858135108e-103 2.38798054405e-103
sharp 1.41717411144e-74 7.99734157473e-22 3.27825763017e-103 1.66948442066e-103 0.00238798054405
she 2.71061328901e-31 0.00534705457934 3.27825763017e-103 1.65858135108e-103 2.38798054405e-103
shifts 1.42809520689e-103 4.83986504639e-75 3.27825763017e-103 1.65858135108e-103 0.00238798054405
shoot 1.42809520689e-103 0.00267352728967 3.27825763017e-103 1.65858135108e-103 1.09214707071e-34
shore 1.42809520689e-103 2.67352728967e-103 3.27825763017e-103 1.65858135108e-103 0.00238798054405
short 6.27940682736e-13 4.7137103682e-101 3.27825763017e-103 0.00165858135035 2.38902719273e-103
should 0.00428428505812 2.67352728967e-103 3.27825763017e-103 6.5334549998e-10 2.49941872498e-24
shouldst 0.00285619041378 2.67388553076e-103 3.27825967465e-103 2.81583483169e-75 5.35667920131e-65
show 9.69534144931e-77 0.00267352728967 0.00327825763017 1.65858135108e-103 2.43588309201e-103
showers 1.42809520689e-103 2.67352728967e-103 0.00327825763017 1.65858135108e-103 2.38798054405e-103
shown 1.42809520689e-103 2.67352728967e-103 0.00327825763017 1.65858135108e-103 2.38798054405e-103
sick 0.00142809520689 1.72582349975e-45 3.27825763017e-103 1.65858135108e-103 4.60791554097e-40
sickles 0.000125572929372 2.67352728967e-103 3.27825763017e-103 0.00151274169147 2.38965268695e-103
side 1.42809520689e-103 2.67352728967e-103 0.00655651526035 1.65858135108e-103 2.38798054405e-103
sight 1.42809520689e-103 2.67352728967e-103 0.00327825763017 1.65858135108e-103 2.38798054405e-103
sightless 9.53668705443e-07 2.67352728967e-103 3.27825763017e-103 0.00331605511695 3.41116996057e-52
silence 0.00142809520689 1.86767811715e-51 3.27825763017e-103 5.10081562282e-78 2.60442171123e-98
since 1.42809520689e-103 1.74318840282e-77 3.27825763017e-103 1.65858135108e-103 0.00238798054405
sing 1.42809520689e-103 2.67352728967e-103 0.00655651526035 1.65858135108e-103 2.38798054405e-103
sings 0.00142809520689 2.67352728967e-103 3.27825763017e-103 1.65858135108e-103 2.38798054405e-103
situation 1.42809520689e-103 0.00267352728967 3.27825763017e-103 1.66044471467e-103 2.96327315861e-86
skill 0.00142809520689 1.73823192282e-44 0.00327825763017 1.65858135108e-103 2.38798054405e-103
slanderers 0.00142809520689 2.67352728967e-103 3.27825763017e-103 1.65858135108e-103 2.21421885781e-29
slandering 1.42809520689e-103 2.67352728967e-103 3.27825763017e-103 1.65858135108e-103 0.00238798054405
slave 0.00142809520689 2.67352728967e-103 4.34887377258e-98 1.65858135108e-103 4.60649572239e-27
sleep 1.42809520689e-103 0.00267352728967 3.27825763017e-103 1.65927705351e-103 1.46544752277e-77
smell 2.05245060491e-21 2.67352728967e-103 3.27825763017e-103 0.00165858135108 2.3886381865e-103
so 0.00844635482708 0.00233707480886 3.27825763017e-103 0.00328537705038 0.00293862567459
something 4.21753462402e-08 3.59979602402e-62 3.27825763017e-103 0.00331711371996 2.73733678802e-66
sometimes 1.42809520689e-103 0.00267352728967 3.27825763017e-103 1.65858135108e-103 2.38798054405e-103
song 1.42809520689e-103 2.67352728967e-103 0.00327825763017 1.65858135108e-103 2.38798054405e-103
sorrow 1.42809520689e-103 2.67352728967e-103 3.27825763017e-103 0.00165858135108 2.38798054405e-103
sound 1.42809520689e-103 2.67352728967e-103 0.00327825763017 1.65858135108e-103 2.38798054405e-103
soundless 0.00142809520689 3.46216949096e-47 3.27825763017e-103 1.65858135108e-103 2.38798054405e-103
sour 3.18134479159e-13 0.00267352728908 3.27825763017e-103 1.65858135108e-103 2.38798054405e-103
sparkling 1.42809520689e-103 0.00267352728967 3.27825763017e-103 1.65858135108e-103 2.38798054405e-103
speak 0.00285619041378 7.68098787235e-49 3.27825763017e-103 5.86343155155e-23 2.38926593064e-103
speaking 1.42809520689e-103 2.67352728967e-103 3.27825763017e-103 0.00165858135108 2.38798054405e-103
speechless 1.42809520689e-103 2.67352728967e-103 3.27825763017e-103 0.00165858135108 2.38798054405e-103
spending 1.42809520689e-103 1.82377180307e-75 3.27825763017e-103 1.65858135108e-103 0.00238798054405
spent 1.42809520689e-103 2.67352728967e-103 0.00327825763017 1.65858135108e-103 2.38798054405e-103
spite 1.42809520689e-103 2.67352728967e-103 0.00327825763017 1.65858135108e-103 2.38798054405e-103
splendour 0.00142809520689 2.67352728967e-103 3.27825763017e-103 6.54963388445e-31 1.33513909149e-83
spoil 0.00142809520689 2.67352728967e-103 3.27825765269e-103 1.15845931884e-76 2.34095078195e-62
spoils 8.668943566e-05 2.67352728967e-103 3.27825763017e-103 0.00155790075176 2.38964885735e-103
spring 1.42809520689e-103 2.67352728967e-103 0.00327825763017 1.65858135108e-103 2.38798054405e-103
spurring 8.96228498207e-19 1.02732030526e-60 3.27835877054e-103 0.00165858135108 9.6340897993e-72
stand 1.69697455603e-77 0.00267352728967 3.27825763017e-103 1.65858135108e-103 1.66176313527e-44
stands 0.00142809520689 2.67352728967e-103 3.27825763017e-103 4.21916808416e-68 5.00535921967e-100
stars 0.00285619041378 2.67352728967e-103 3.27825763017e-103 1.65858135108e-103 3.42028743223e-48
starved 0.000293170320603 2.67352728967e-103 3.27825763017e-103 0.00131809506971 2.38966919348e-103
state 1.42809520689e-103 0.00267352728967 0.00983477289052 1.65858135217e-103 5.38658656551e-50
stay 1.42809520689e-103 2.67352728967e-103 0.00327825763017 1.65858135108e-103 2.38798054405e-103
steal 0.00123544007095 2.50140553649e-77 3.27825763017e-103 9.75263286379e-72 0.00271012763488
still 0.00989093800244 2.19939650654e-57 3.27826937499e-103 0.000122792393411 3.36962222669e-82
store 1.93753687618e-30 5.40172866112e-54 0.00655651533447 0.00165858131358 8.07099098002e-48
stores 3.16951117199e-11 0.00267352723033 3.27825763017e-103 1.65858135108e-103 2.38798054405e-103
strained 1.42809520689e-103 2.67352728967e-103 3.27825763017e-103 1.65858135108e-103 0.00238798054405
straying 1.42809520689e-103 2.67352728967e-103 3.27825763017e-103 0.00165858135108 2.38798054405e-103
strength 0.00142809520689 3.27211449188e-20 3.27878107008e-103 2.55119088062e-21 8.40197781969e-53
stretched 1.42809520689e-103 0.00267352728967 3.27825763017e-103 1.65858135108e-103 2.38798054405e-103
strikes 1.42809520689e-103 1.13442006951e-96 3.27825763017e-103 1.65858135108e-103 0.00238798054405
strong 3.32969027098e-16 8.07873799581e-77 3.27825763017e-103 0.00497574405324 2.38930949162e-103
style 0.00142809520689 2.67352728967e-103 3.27825763017e-103 1.69940527618e-103 2.38853826733e-103
subject 0.00142809520689 4.80783310661e-36 3.2782970821e-103 2.67979440141e-25 2.39371330731e-103
subscribes 1.42809520689e-103 2.67352728967e-103 0.00327825763017 1.65858135108e-103 2.38798054405e-103
substance 1.42809520689e-103 2.67352728967e-103 3.27825763017e-103 0.00165858135108 2.38798054405e-103
succeeding 1.42809520689e-103 2.67352728967e-103 3.27825763017e-103 0.00165858135108 2.38798054405e-103
succession 1.42809520689e-103 2.67352728967e-103 3.27825763017e-103 0.00165858135108 2.38798054405e-103
such 3.79708633456e-72 2.67352728967e-103 3.27825763017e-103 0.0033170976485 0.00238807420655
suit 1.42809520689e-103 0.00267352728967 3.27825763017e-103 1.65858135108e-103 9.25097207227e-48
suited 0.00142809520689 1.35507250355e-58 3.27827000776e-103 8.91638696653e-20 2.39172083932e-103
sullen 1.42809520689e-103 2.67352728967e-103 3.27825763017e-103 1.65858135108e-103 0.00238798054405
sullied 1.42809520689e-103 2.67352728967e-103 3.27825763017e-103 0.00165858135108 2.38798054405e-103
sum 4.77793369469e-35 5.64485471007e-71 3.27825763017e-103 0.00165858135108 2.38845636353e-103
sun 1.42809520689e-103 0.00267352728967 3.27825763017e-103 1.65858135108e-103 1.73560636248e-51
suppose 1.42809520689e-103 2.67352728967e-103 0.00327825763017 1.65858135108e-103 2.38798054405e-103
surmise 1.42809520689e-103 2.67352728967e-103 3.27825763017e-103 0.00165858135108 2.38798054405e-103
suspect 1.42809520689e-103 2.32741097226e-63 3.27825763017e-103 1.65858135108e-103 0.00238798054405
swear 0.00142809520689 2.67352728967e-103 3.27825763017e-103 1.65858135108e-103 2.38840011482e-103
sweet 0.00341371431682 0.0121667514151 3.27827044373e-103 0.00507323447591 2.83365835675e-69
sweetest 4.98004360668e-38 2.67352728969e-103 3.27825763017e-103 0.00165858135108 2.3881320603e-103
sweetly 2.01696358601e-09 7.53145713315e-86 3.27825763017e-103 0.00165857900859 2.38944830857e-103
sweetness 1.42809520689e-103 2.67352728967e-103 3.27825763017e-103 0.00165858135108 2.38798054405e-103
sweets 1.42809520689e-103 0.00267352728967 3.27825763017e-103 1.65858135108e-103 2.38798054405e-103
swift 0.00142809520689 2.67352728967e-103 3.27825763017e-103 1.83185835066e-48 2.39003090233e-103
tables 0.00142809520689 2.67352728967e-103 3.27825793538e-103 1.69678133091e-103 4.77630925632e-49
take 0.00115554628768 0.00164245606004 3.27836985909e-103 1.22181292095e-21 0.00615264948427
tall 0.00142809520689 1.36547597954e-36 3.27825763017e-103 1.65858135108e-103 2.38798054405e-103
tallies 0.00142809520689 2.67352728967e-103 3.27825763017e-103 1.60972262005e-64 2.4955043046e-103
tanned 1.42809520689e-103 2.67352728967e-103 3.27825763017e-103 0.00165858135108 2.38798054405e-103
tears 1.42809520689e-103 2.67352728967e-103 0.00327825763017 1.65858135108e-103 2.38798054405e-103
tell 1.42809520689e-103 2.67352728967e-103 0.0131130305207 0.00165858135108 2.38798054405e-103
telling 1.42809520689e-103 2.67352728967e-103 3.27825763017e-103 0.00165858135108 2.38798054405e-103
ten 1.41976680075e-98 0.00534705457934 3.27825763017e-103 1.65858135108e-103 1.48520306107e-73
tenants 2.49306421093e-15 2.67352728967e-103 3.2783402492e-103 0.00165858135108 1.28993384e-75
tender 1.42902042803e-103 0.00534705457934 3.27825763017e-103 1.65858135108e-103 2.38798054405e-103
than 0.00225577799569 0.00766836067219 3.27825763017e-103 0.00647962315887 0.00870525576454
that 0.00441813521093 1.29337745844e-15 3.278275502e-103 0.00688613707477 0.0710530489307
the 0.0379474476424 5.77675424811e-12 3.27827708505e-103 0.0312243645618 0.0372572288439
thee 0.008062095156 0.00752634232419 0.0427250630114 0.00913324138439 2.1460525588e-44
their 1.35450334058e-70 0.00801380904032 3.27825763017e-103 0.00663852707729 5.71096876181e-39
them 0.00571238082756 1.2823968336e-48 3.27853916181e-103 1.54859123035e-16 5.68692347974e-89
themes 0.00142809520689 2.67352728967e-103 3.27825763017e-103 1.65858135108e-103 7.43143314273e-30
then 0.00522279641067 0.00626360185165 3.27825772703e-103 2.31394510501e-10 9.96705483441e-45
thence 0.00142809507721 2.67352728967e-103 0.00327825763017 1.50607410139e-10 2.39057508896e-103
there 0.00142809520689 2.67352728967e-103 0.00327825763017 1.12795943994e-18 1.28667280929e-95
therefore 1.42809520689e-103 2.67352728967e-103 3.27825763017e-103 1.65858135108e-103 0.00238798054405
therein 0.00139389336821 2.67352728967e-103 3.27825763017e-103 3.97218137338e-05 2.38977760278e-103
these 0.00142809520689 1.77127804005e-39 3.27825763017e-103 1.65858135108e-103 2.38798054405e-103
they 3.00399967557e-36 5.01530778093e-35 3.27825763017e-103 0.00654705886291 0.00967756618087
thine 5.47973609883e-16 9.09695307567e-12 0.00327825763017 0.00829160199366 0.00477783964062
thing 3.72089901719e-07 5.12340155083e-71 3.27825763017e-103 0.00331673055914 1.43763724619e-44
things 0.00142809520689 2.67352728967e-103 3.27864758655e-103 1.65858135108e-103 1.47448504221e-33
think 1.14791460698e-98 0.00267352728967 3.27825763017e-103 1.65861218967e-103 1.48117461042e-52
thinking 8.92008161266e-50 0.00267352728967 3.27825763017e-103 1.94303857911e-43 7.51119677281e-93
this 0.00279261976336 0.0106585302167 3.27825763017e-103 0.00838880951168 4.17013103686e-77
thither 1.42809520689e-103 2.67352728967e-103 3.27825763017e-103 1.65858135108e-103 0.00238798054405
those 2.71767017848e-06 0.0107663589411 0.00655651526035 0.00161060332623 2.38975427285e-103
thou 3.7180896723e-07 0.0484157484711 3.27825763017e-103 0.0114266836047 2.36962180387e-06
though 1.16861201293e-12 7.16921568623e-94 3.27828439062e-103 0.0016264049761 0.0119862293922
thoughts 0.00526710851713 0.00083359125324 3.2790271986e-103 9.12103558134e-19 4.25332764634e-36
thousand 1.42809520689e-103 0.00534705457934 3.27825763017e-103 1.65858135108e-103 2.38798054405e-103
thrall 1.42809520689e-103 2.67352728967e-103 0.00327825763017 1.65858135108e-103 2.38798054405e-103
three 1.42809520689e-103 0.00267352728967 3.27825763017e-103 1.65858135108e-103 2.38798054405e-103
through 0.00273351233177 3.02261223538e-69 3.27825857326e-103 0.000136537277787 0.00239653326059
thrusts 8.37590149644e-07 2.67352728967e-103 3.27825763017e-103 0.00165760857882 2.38964040187e-103
thus 1.42873307916e-103 2.67352728967e-103 3.27830853865e-103 1.65858135108e-103 0.00238798054405
thy 0.011212005962 0.0044437842034 3.27834414004e-103 0.037277096842 0.0430112210096
tie 1.14534850724e-77 0.00267352728967 3.27825763017e-103 1.65858135108e-103 2.38798054405e-103
till 1.90680745585e-06 8.87335841238e-65 3.27825763017e-103 0.00165512769109 0.00238976457398
time 4.73392816106e-08 0.00805827712023 0.00655651526035 0.00495230399699 1.27087319645e-40
times 0.00701324131585 0.00291172253794 3.27825763017e-103 7.62602275535e-47 2.38882313906e-103
to 2.14429373464e-05 0.0404585236849 3.2785057025e-103 0.0643549738509 0.0478808138134
toiled 1.42809520689e-103 2.67352728967e-103 0.00327825763017 1.65858135108e-103 2.38798054405e-103
told 1.42809520689e-103 2.67352728967e-103 0.00327825763017 1.65858135108e-103 2.38798054405e-103
tomb 1.42809520689e-103 2.67352728967e-103 0.00327825763017 1.65858135108e-103 2.38798054405e-103
tongue 2.08294795745e-55 0.00267191927578 0.00328022936385 1.65858218365e-103 1.50611545236e-37
too 1.42809520689e-103 2.67352728967e-103 3.27825763017e-103 1.65858135108e-103 0.00238798054405
took 0.000736088138769 2.67352728967e-103 0.00327825763017 0.000803692927799 2.38971281609e-103
touch 0.000118848077554 2.67352728967e-103 3.27825763017e-103 0.00152055189472 2.38965202463e-103
touches 1.42809520689e-103 0.00267352728967 3.27825763017e-103 1.65858135108e-103 2.38798054405e-103
tract 0.00142809520689 2.67352728967e-103 3.27825763017e-103 6.80501629785e-103 2.68164449106e-89
translate 1.42809520689e-103 2.67352728967e-103 0.00327825763017 1.65858135108e-103 2.38798054405e-103
treads 0.00142809520689 2.67352728967e-103 3.27825763017e-103 1.99982394886e-30 1.69575321202e-84
trial 0.00142809520689 1.03987482504e-16 3.27825763017e-103 1.65858135108e-103 2.38798054405e-103
tribes 1.42809520689e-103 2.67352728967e-103 0.00327825763017 1.65858135108e-103 2.38798054405e-103
triumphant 0.00285619041378 2.67352728967e-103 3.2785568838e-103 1.65858135108e-103 1.20932931444e-47
trophies 0.00142809520689 3.3069813304e-22 3.27826512832e-103 6.65427141613e-25 9.49226685978e-62
true 2.46382519452e-08 0.00539659173718 0.00327825763017 0.00328640262399 1.92933901771e-54
trust 1.42811311808e-103 3.13656903652e-80 3.27825763017e-103 1.65858135108e-103 0.00238798054405
truth 0.00300499843304 2.63949694107e-71 0.00327825763017 0.00314433794619 2.38922705328e-103
turns 8.05385516438e-08 2.67352728967e-103 3.27825763017e-103 4.58429574005e-37 0.00238784587201
twire 0.00142809520689 2.67352728967e-103 3.27825763017e-103 1.65858135147e-103 1.65295797486e-43
two 0.00142809520689 8.01327373891e-50 3.27825763017e-103 2.17283331007e-48 2.39119450885e-103
twofold 1.42809520689e-103 2.67352728967e-103 3.27825763017e-103 0.00165858135108 2.38798054405e-103
unfathered 1.42809520689e-103 2.67352728967e-103 3.27825763017e-103 0.00165858135108 2.38798054405e-103
unfolding 0.00142809520689 2.67352728967e-103 3.27825763017e-103 1.85023384855e-48 4.26884203156e-65
unkind 1.42809520689e-103 2.67352728967e-103 3.27825763017e-103 0.00165858135108 2.38798054405e-103
unless 1.42809520689e-103 2.67352916556e-103 3.27825763017e-103 1.65858135108e-103 0.00238798054405
unrespected 1.42809520689e-103 2.67352728967e-103 3.27825763017e-103 0.00165858135108 2.38798054405e-103
unrest 1.42809520689e-103 2.67352728967e-103 0.00327825763017 1.65858135108e-103 2.38798054405e-103
untrue 1.42809520689e-103 2.67352728967e-103 0.00327825763017 1.65858135108e-103 2.38798054405e-103
unused 0.00142809520689 2.67352728967e-103 3.27825763017e-103 1.65858135108e-103 2.38798054438e-103
unwooed 0.00142809520689 2.67352728967e-103 3.27825763017e-103 1.05685370308e-61 2.39117632184e-103
up 0.00285619041378 2.67352728967e-103 0.00327825763017 5.94925740388e-19 2.3890516184e-103
uphold 1.42809520689e-103 2.67352728967e-103 0.00327825763017 1.65858135108e-103 2.38798054405e-103
upon 0.00428428562067 1.77080164767e-64 3.27827407459e-103 1.52038692717e-16 2.39118593549e-103
use 0.00285619041378 2.67352728967e-103 0.00327825763017 1.65858135108e-103 2.38798054419e-103
user 0.00142809520689 5.28684448365e-23 3.27829504552e-103 7.4260061419e-19 5.84999302745e-95
usurer 0.00142809520689 2.80179843214e-88 3.27825763017e-103 1.65858135108e-103 9.81666819486e-24
vainly 1.42809520689e-103 2.67352728967e-103 3.27825763017e-103 0.00165858135108 2.38798054405e-103
vantage 0.00136883355378 2.67352728967e-103 3.27825763017e-103 0.0017274074855 2.01879755813e-55
varying 0.00142809520689 2.67352728967e-103 3.27835022171e-103 1.80802936547e-21 8.98676923505e-65
vassal 1.30667735558e-58 0.00267352728967 3.27825763017e-103 1.65858135108e-103 2.38798054405e-103
veins 1.42809520689e-103 2.67352728967e-103 0.00327825763017 1.65858135108e-103 2.38798054405e-103
vermilion 0.00142809520689 2.67352728967e-103 3.27825763017e-103 2.91874142756e-36 5.46456384269e-78
very 0.00285619041378 4.2111344904e-21 3.27825763017e-103 4.49490744003e-28 2.38882699424e-103
vexed 0.00142809520689 2.2668614512e-42 3.27825806188e-103 8.79187834431e-59 2.3810286582e-66
victor 1.09929842495e-07 2.10523391741e-22 3.27825763017e-103 0.00165845367921 2.39086155621e-103
victories 0.00142809520689 2.67352728967e-103 3.27825763017e-103 1.10925180562e-47 2.39003848912e-103
view 1.42809520689e-103 2.67352728967e-103 0.00655651526035 1.65858135108e-103 2.38798054405e-103
voices 0.00142809520689 3.02061431753e-103 3.27826937864e-103 3.16567196667e-72 2.60344263162e-68
wakened 1.42809520689e-103 2.67352728967e-103 3.27825763017e-103 0.00165858135108 2.38798054405e-103
walks 0.00142809520689 2.67352728967e-103 3.27825763017e-103 1.65858135108e-103 2.38798054405e-103
walls 6.80318423594e-09 2.67683181493e-103 3.27825763017e-103 0.0016585734499 2.38928636422e-103
war 0.00142809520689 2.67352728967e-103 3.27825763017e-103 1.65858135108e-103 2.26267433491e-41
wardrobe 9.27802937274e-32 1.36887115882e-77 3.27831395823e-103 4.03021613149e-43 0.00238798054405
was 4.65847404352e-09 1.03397163511e-74 0.00327825763017 0.00331560358961 0.00239021752247
waste 0.00285619041378 2.67352728967e-103 3.27825763017e-103 1.43140763303e-19 2.38888045191e-103
wastes 0.00142809520689 2.89002225773e-24 3.27893120554e-103 3.42548444979e-17 2.37510938817e-77
watching 4.68792077357e-08 1.24318673011e-60 3.27876978249e-103 0.00165852690584 2.38991417953e-103
watchman 0.000140535032879 9.9246151725e-65 3.27825763017e-103 0.0014953647927 2.39006318686e-103
way 1.42809520689e-103 2.67352728967e-103 0.00327825763017 1.65858135108e-103 2.38798054405e-103
we 1.42809520689e-103 2.67352728967e-103 3.27825763017e-103 0.00165858135108 2.38798054405e-103
wealth 0.00142809520689 6.22126083783e-27 3.27825763017e-103 1.65858135124e-103 2.38798054405e-103
wear 1.42809520689e-103 0.00267352728967 3.27825763017e-103 1.66292426815e-103 7.72420719408e-60
weed 0.00142809520689 2.67352728967e-103 3.27825763017e-103 2.95705104919e-64 2.38976138109e-103
weeds 1.42809520689e-103 2.67352728967e-103 0.00327825763017 1.65858135108e-103 2.38798054405e-103
weighs 1.42809520689e-103 5.92031965374e-87 3.27825763017e-103 1.65858135108e-103 0.00238798054405
well 0.002854907758 2.40125112996e-06 0.00327825763017 9.74192731026e-35 2.39323879807e-103
were 1.05978053706e-60 0.00170831224569 3.27825763017e-103 0.00165858135108 0.00325010555573
what 1.037047126e-76 0.0132591500534 3.2782629837e-103 1.49222126433e-90 0.00487286056667
when 2.31077973149e-21 7.63874314203e-19 3.27825763017e-103 5.88059183878e-29 0.0238798054405
whence 1.43298541863e-103 0.00267352728967 3.27825763017e-103 1.65858135108e-103 2.0009017008e-76
where 1.42809520689e-103 0.00327250740223 0.00327825763017 1.65858404894e-103 0.00901691628319
wherefore 1.42809520689e-103 0.00267352728967 3.27825763017e-103 1.65858135108e-103 2.38798054405e-103
whether 1.42809520689e-103 0.00267352728967 3.27825763017e-103 1.65858135108e-103 2.38798054405e-103
which 4.5116462339e-14 0.00520515368282 3.27825774425e-103 0.00332667860837 0.0383207330965
while 1.42809520689e-103 2.69323948028e-103 3.27825763017e-103 1.65858135108e-103 0.00238798054405
whilst 1.42809520689e-103 5.61995992867e-78 3.27825763017e-103 1.65858135108e-103 0.00716394163214
who 1.42809520689e-103 1.56132216686e-102 3.27825763017e-103 1.65858135108e-103 0.0047759610881
whom 1.91574075743e-68 2.53781737305e-62 3.27825763017e-103 0.00165812727365 0.0047766148565
whose 1.42809520689e-103 2.67352728967e-103 3.27825763017e-103 1.65858135108e-103 0.00238798054405
wide 0.00142809520689 8.5361233039e-25 3.27825763017e-103 5.47388862344e-25 2.38929940371e-103
will 0.00150305970104 0.00252369902126 0.00327825763017 0.00332304863653 2.71858512134e-66
with 0.0135976800025 0.00496523730066 3.27826231287e-103 0.0171792639562 0.0054050935351
within 1.42809520689e-103 7.14110671743e-87 3.27825763017e-103 1.65858135108e-103 0.00716394163214
without 1.22872882198e-12 8.42999306966e-101 3.27825763017e-103 1.65858135108e-103 0.00477596108604
woe 3.97334652917e-18 1.26079860344e-67 3.27825918515e-103 0.00331716270216 5.73521974291e-71
wonder 0.00142809520689 2.67352728967e-103 3.27825763017e-103 1.64481744101e-22 6.15305395125e-94
wondring 6.63068514756e-73 0.00267352728967 3.27825763017e-103 1.65858135108e-103 2.39095968911e-103
wondrous 3.39799801851e-29 0.00267352728967 3.27825763017e-103 1.55135707662e-15 2.41607309147e-103
woo 0.00142809520689 2.67352728967e-103 3.27826853638e-103 1.19114816077e-72 6.87394007746e-58
wood 0.00142809520689 2.67352728967e-103 3.27825763017e-103 1.65858135108e-103 3.44341832106e-24
words 1.42809520689e-103 0.00534705457934 0.00327825763017 1.65858152993e-103 1.99820006373e-71
works 1.43034889146e-103 0.00267352728967 3.27825763017e-103 1.65858135108e-103 2.1558597517e-51
world 2.35066731602e-15 2.96094580801e-95 3.27825763017e-103 0.00497574405324 2.38898914279e-103
worlds 0.000584309999265 2.67352728967e-103 3.27825763017e-103 0.000979967163906 2.38969786759e-103
worms 0.00142802585207 3.66491764122e-66 3.2782584612e-103 8.05482769723e-08 1.8404184157e-81
worse 7.83278311419e-78 2.14019203636e-68 3.27825763017e-103 1.65858135108e-103 0.00238798054405
worst 0.00142809520689 2.67352728967e-103 3.27825763017e-103 2.84764100959e-23 3.78996107108e-94
worth 5.57554034747e-13 8.18512887268e-101 3.27825763017e-103 0.00165858135043 2.3890425184e-103
worthy 0.00142809520689 1.18667383076e-49 3.27825990936e-103 2.51503679504e-26 3.8112687851e-63
would 0.00428428562067 1.34295417966e-96 3.27825763017e-103 1.69715026336e-36 2.77275088627e-65
wouldst 0.00142809520689 2.67358480532e-103 3.27825763017e-103 0.00165858135108 2.38798054405e-103
wounded 1.42809520702e-103 0.00267352728967 3.27825763017e-103 7.69790151156e-17 2.41465542137e-103
wretch 0.00142809520689 2.67352728967e-103 3.27825763017e-103 2.80638674535e-48 2.39003848912e-103
wrinkle 0.000143592560674 2.67352728967e-103 3.27825763017e-103 0.00149181379795 2.38965446169e-103
wrinkles 0.00142809520689 1.11696090917e-58 3.27825763017e-103 2.46532473223e-58 4.00163972067e-35
wrong 1.42809520689e-103 2.67352728967e-103 3.27825763017e-103 1.65858135108e-103 0.00238798054405
wrought 0.00142809520689 2.67352728967e-103 3.27825763017e-103 4.86702029684e-63 2.57830029379e-86
years 1.42809520689e-103 2.67352728967e-103 3.27825763017e-103 0.00165858135108 2.38798054405e-103
yet 0.00571238082756 1.00126961217e-59 3.27825763017e-103 5.64819714011e-33 5.69736002441e-76
you 0.00454633784197 0.023609800625 0.00327825763017 0.00495177214085 4.16936113519e-20
your 0.0134647601678 9.46363642145e-42 3.27825789812e-103 0.00911483573707 0.00256937966551
youth 2.07660363244e-17 2.67648728266e-103 0.00327828673835 0.00497572932643 4.11830789851e-93
