4.421455880425063101e-01 8.567483380386527365e-16 7.660965401459446309e-29 5.263161191341190728e-13 3.634370688416951323e-01 2.623647477899176614e-02 2.369512844735912790e-38 1.125450198297096048e-26 1.681808624906119543e-01 5.845667689374768075e-09 3.583025509850470198e-103 3.700710696257429419e-24
7.256597984301726480e-29 6.365105515543474465e-22 1.940883642370757795e-27 7.979726046206926382e-01 2.871390503614099108e-07 2.665681336618442362e-03 3.189647879746990616e-55 1.732210686411619890e-30 1.993614269036386166e-01 1.440954003293102724e-20 2.971977260659425946e-103 1.492600674669552684e-32
9.676310406522101171e-02 6.362000952714781252e-27 4.167894640345456923e-25 2.166257383141930399e-26 3.549576179461299406e-22 8.096727798582531609e-22 9.199532388685131668e-18 1.882410416520075326e-24 5.580556324932462756e-37 9.014912534312793380e-01 4.747132109798070163e-103 1.745642503499532372e-03
1.409645341651125591e-38 3.358638590056150508e-01 3.893386786834853850e-33 5.220363968919264346e-17 3.472129860531074797e-03 1.683068363712152275e-21 2.903745021964488278e-48 2.716730036739643353e-21 4.212960993746294597e-02 3.613866681675067442e-32 2.594230538197856204e-103 6.185344011963909150e-01
2.025720382809766708e-22 9.994091016493069635e-01 8.152070417600367559e-22 5.908882089104121067e-04 7.104647091185167338e-13 9.554161895369068430e-09 2.387681577284674977e-10 3.913536973803732017e-16 1.412977021479645146e-10 4.465546908545064423e-21 4.827815261590195751e-103 2.068439769554109793e-10
1.762500772048974313e-21 1.809109222306403576e-12 1.212007614793463028e-01 1.436647852265700645e-02 3.631602453585412449e-01 2.897932495493466400e-29 1.044519367584385543e-41 5.008509938080529800e-01 4.215208295933894162e-04 2.046142494515606230e-18 5.172456741935980573e-103 2.801035729381746734e-65
7.985178982541264012e-28 1.847934696426679182e-48 1.129430179898583270e-01 4.541072985935707265e-30 1.831636800234199072e-02 3.131738218835866672e-01 1.931915082673575918e-27 3.527713111977577309e-01 3.222669202581812961e-59 2.027954809264551905e-01 3.229411857983422397e-103 3.229676742897036113e-103
4.634377121059563477e-19 1.996011257498236998e-20 4.011949169100688106e-01 5.454836378315321144e-03 1.382042149509398743e-01 4.277088576336966486e-01 2.743717412697925517e-02 3.010343553255895897e-33 1.991593807648824165e-24 4.211354429081515141e-21 4.852781106889494897e-103 1.400107196043505266e-20
1.884734139560967545e-22 3.177522846873025031e-18 7.849553958331388637e-03 5.850866930980156422e-01 7.879972269431120172e-16 3.333687905183584042e-46 4.067392221464416598e-42 2.997581114336194073e-21 2.424650889030340962e-13 6.929048304458358676e-02 5.180146357136049769e-103 3.377732698988261117e-01
5.085417902270312762e-01 1.095563784853603898e-29 2.557918864002646231e-01 1.702329001360017960e-21 1.569616560391489978e-25 1.090348147555452257e-09 1.343051338373771574e-31 1.078176508013327448e-38 2.356663222823559833e-01 5.463917387046055585e-31 3.758340695910614763e-103 7.459131180475708035e-60
1.645593309197841433e-58 4.602690684697756654e-47 4.562234668920295605e-22 3.293823283405281750e-103 4.129549010207517471e-75 2.243420575703635925e-46 1.000000000000000000e+00 1.171208500178225314e-17 9.271270238885616374e-74 2.327010186979057041e-51 3.289473684210526616e-103 3.289473684210526616e-103
0.000000000000000000e+00 0.000000000000000000e+00 0.000000000000000000e+00 0.000000000000000000e+00 0.000000000000000000e+00 0.000000000000000000e+00 0.000000000000000000e+00 0.000000000000000000e+00 0.000000000000000000e+00 0.000000000000000000e+00 0.000000000000000000e+00 0.000000000000000000e+00
