4.155205154129089085e-01 6.491800847262938117e-21 6.258382175616681540e-21 5.702700427606513715e-31 6.340670953956582990e-37 2.483356735057940074e-65 1.686666438654470496e-40 2.719052023844938382e-01 6.395465641078872599e-54 1.230865662271460738e-60 7.898627861759894064e-103 3.125742822025973644e-01
2.403096784088198015e-19 1.892314810402361472e-52 1.197411103831089881e-60 2.452944423801587115e-01 5.421377096560646702e-01 3.790340882802510134e-49 1.187882549443143726e-01 3.624760847482586291e-15 9.377959301945851256e-02 3.722690550344793973e-103 3.611822872190161160e-103 2.525892139845895164e-97
1.417827429079517148e-18 4.366198756374467527e-02 3.066806753152781669e-34 4.048936562267674288e-02 3.230634941812157018e-02 2.387990907781341846e-49 3.754714230256497864e-02 1.025993383607189183e-31 1.032581130852566283e-34 1.024221479649774967e-47 4.817194413341139663e-103 8.459951550928920261e-01
3.001862366257412873e-01 2.160812065323433401e-41 6.976588481051319013e-01 9.442401746684854647e-40 2.154915269126787564e-03 1.346796470582064796e-40 5.503279629105953648e-30 6.837938734137474426e-29 1.277205636398386212e-24 1.077967644662563332e-81 5.685287939634857399e-103 2.673997227396029519e-34
3.663540767295758033e-02 5.380056696483301870e-01 1.021625857049969369e-21 4.267303298919561625e-42 4.620765309584816391e-29 5.840396147274591643e-38 4.099427097237451911e-01 3.754439178462669817e-44 1.541621295496697908e-02 2.784128832569577655e-70 2.987580904700354780e-103 8.850554514413358001e-90
3.622331439340519485e-23 3.470249179180349697e-01 4.398622665772170766e-76 1.159642633797857217e-02 4.807368394057205951e-01 2.599678870626412206e-21 3.176552124956260143e-31 1.083852713181520377e-01 5.225654502011377323e-02 1.491306256433314146e-67 3.955870998864569973e-103 3.968879625457799398e-103
8.007739720283641091e-33 1.252802833875835531e-37 6.618194510303993127e-38 2.751893826409340546e-07 2.275991306329331047e-28 1.368843123156622448e-43 1.800820506011231280e-56 9.999997248106172743e-01 1.187367468592114007e-61 1.667681426147492334e-101 5.621175656209652516e-103 1.149753820410969779e-74
7.184784394889318278e-45 3.925491645154402246e-49 1.569635111295790606e-32 1.601285755740618851e-41 4.478123251778867624e-14 6.157389011156064879e-02 1.633472647288478395e-37 1.673396376595084901e-45 6.390862799500228730e-01 2.253781804751841475e-90 3.370683208521202221e-103 2.993398299383715488e-01
3.818227699024401983e-02 6.577682430068898296e-29 3.627271949639784832e-01 3.723211833783880431e-01 6.257795308739154550e-46 7.877411718113323656e-55 2.629376763659967307e-56 2.265131361617696015e-01 2.562085056198698226e-04 4.354445149808135940e-103 4.273578338372761760e-103 4.335931634668248530e-103
2.246238305353017004e-62 8.216996174527610185e-33 6.412433900697102743e-89 3.142247018801548608e-02 1.814536298185249474e-01 7.740829296486408939e-01 2.671215219731070653e-55 1.304097034481858583e-02 1.520366182380621695e-65 2.367496901371865416e-52 3.300692806078483844e-103 3.300692806078483844e-103
3.307895960543738605e-103 1.200025554483869417e-45 3.314191591895737599e-103 3.299281000834767944e-103 3.399020304857559762e-03 7.713202995985127130e-57 1.455611315128902190e-21 3.306465922527044437e-103 1.374650570486088718e-88 9.966009796951423860e-01 3.289473684210526616e-103 3.289473684210526616e-103
0.000000000000000000e+00 0.000000000000000000e+00 0.000000000000000000e+00 0.000000000000000000e+00 0.000000000000000000e+00 0.000000000000000000e+00 0.000000000000000000e+00 0.000000000000000000e+00 0.000000000000000000e+00 0.000000000000000000e+00 0.000000000000000000e+00 0.000000000000000000e+00
