 0 1 2 3 4
above 1.86020669064e-103 0.00188638720209 0.00234594688714 1.85513489311e-103 0.00328947368421
absence 1.86020669064e-103 1.88638720209e-103 0.00234594688714 1.73747442432e-25 3.28947368421e-103
acceptance 1.9112911725e-103 0.00188638720209 2.34594688714e-103 9.09783893754e-45 3.28947368421e-103
account 1.86020669064e-103 1.88638720209e-103 2.34594688714e-103 1.85513489311e-103 0.00328947368421
accusing 1.86020669064e-103 0.00188638720209 2.34594688714e-103 1.85513489311e-103 3.28947368421e-103
acquaintance 0.00186020669064 1.88638720209e-103 2.34594688714e-103 1.85513489311e-103 3.28947368421e-103
adieu 1.86020669064e-103 1.88638720209e-103 2.34594688714e-103 1.85513489311e-103 0.00328947368421
advantage 1.86020669064e-103 1.88638720209e-103 0.00234594688714 1.85513489311e-103 3.28947368421e-103
after 1.86020669064e-103 0.00417614517906 2.34594688758e-103 0.00145844687565 3.28947368421e-103
again 1.86020669064e-103 1.88638720209e-103 2.34594934792e-103 0.00185513489311 0.00657894736842
against 0.00186020578726 1.88638720209e-103 0.00469189491356 6.08494062398e-40 3.28947368421e-103
age 1.86020669064e-103 0.00188638720209 0.00234594688714 1.54758150833e-39 0.00657894736842
aid 6.23017794298e-23 1.88638720209e-103 0.00234594688714 1.05270981072e-39 3.28947368421e-103
air 1.86020669064e-103 1.88638720209e-103 2.34594823048e-103 0.00185513489311 3.28947368421e-103
all 0.00993381354735 0.0163424963784 0.00175883534599 0.00602309606857 3.28947368421e-103
almost 1.86020669064e-103 1.88638720209e-103 2.34594688758e-103 0.00185513489311 3.28947368421e-103
aloft 1.86020669064e-103 1.88638720209e-103 0.00234594688714 1.17956257623e-37 3.28947368421e-103
alone 1.86020669064e-103 1.88638720209e-103 2.34594688714e-103 1.85513489311e-103 0.00986842105263
although 1.86020669064e-103 0.00188638720209 0.00469189377429 1.85513489311e-103 3.28947368421e-103
altring 1.99388524044e-100 0.00188638720209 2.34594688714e-103 9.54224042288e-33 3.28947368421e-103
am 0.00186020669064 1.88638720209e-103 2.34594688714e-103 1.85513489311e-103 3.28947368421e-103
amazeth 1.86020669064e-103 1.88638720209e-103 2.34594688714e-103 1.85513489311e-103 0.00328947368421
amen 1.86020669064e-103 1.88638720209e-103 2.34594688714e-103 1.85513489311e-103 0.00328947368421
among 1.86020669064e-103 1.88638720209e-103 0.00234594688714 1.85513489311e-103 3.28947368421e-103
an 1.86020669064e-103 0.00377277440417 2.34594688714e-103 1.85513489311e-103 3.28947368421e-103
anchored 1.86020669064e-103 0.00188638720209 2.34594688714e-103 1.85513489311e-103 3.28947368421e-103
and 2.08988824798e-65 2.08740718531e-40 0.128718183813 0.0299264271858 3.28947368421e-103
anew 1.86020669064e-103 1.88638720209e-103 2.34594724317e-103 0.00185513489311 3.28947368421e-103
angel 0.00186020669064 1.88638720209e-103 2.34594688714e-103 1.85513489407e-103 3.28947368421e-103
angry 8.86988193595e-82 1.88638720209e-103 0.00234594688714 1.85513489311e-103 3.28947368421e-103
another 1.26231537662e-65 1.88638720209e-103 2.34594688714e-103 0.00185513489311 3.28947368421e-103
any 1.86020669064e-103 0.00377277440417 2.34594688714e-103 1.8551349364e-103 3.28947368421e-103
appear 1.86020669064e-103 1.88638720209e-103 2.34594688714e-103 1.85513489311e-103 0.00328947368421
appearance 1.93759687403e-103 0.00188638720209 2.34594688714e-103 4.1923856543e-45 3.28947368421e-103
appears 1.86020669064e-103 0.00188638720209 2.34594688714e-103 1.85513489311e-103 3.28947368421e-103
approve 6.395188957e-92 0.00188638720209 2.34594688714e-103 2.92094061904e-33 3.28947368421e-103
are 2.38099751445e-70 7.787676908e-55 6.41282859605e-09 0.00927566939441 0.00328947368421
argument 1.86020669064e-103 1.88638720209e-103 2.34594688714e-103 1.85513489311e-103 0.00328947368421
art 0.0018602514743 0.00188634178814 0.00234594688714 1.85513603196e-103 0.00328947368421
arts 1.86020669064e-103 0.00188638720209 2.34594688714e-103 1.85513497467e-103 3.28947368421e-103
as 0.00591992780267 0.00377277354574 0.0202535381093 0.00219681373865 3.28947368421e-103
aside 1.86020669064e-103 1.88638720209e-103 2.34594688714e-103 1.85513489311e-103 0.00328947368421
askance 1.86020669064e-103 1.88638720209e-103 0.00234594688714 1.85513489311e-103 3.28947368421e-103
assailed 1.86020669064e-103 1.88638720209e-103 2.34594688714e-103 1.85513489311e-103 0.00328947368421
assemble 1.86020669064e-103 1.88638720209e-103 2.34594688714e-103 1.85513489311e-103 0.00328947368421
astonished 1.86020669064e-103 1.88638720209e-103 2.34594688714e-103 1.85513489311e-103 0.00328947368421
at 1.86020669064e-103 2.39554826863e-54 0.00387164259548 0.00435891046571 3.28947368421e-103
attending 1.86020669064e-103 1.88638720209e-103 0.00234594688714 1.85513489311e-103 3.28947368421e-103
augurs 0.00186020669064 1.88638720209e-103 2.34594688714e-103 1.85513489311e-103 3.28947368421e-103
authorizing 1.07831037206e-20 1.88638720209e-103 0.00234594688714 1.85513489311e-103 3.28947368421e-103
autumn 1.86020669064e-103 1.88638720209e-103 0.00234594688714 1.71262490442e-39 3.28947368421e-103
away 1.86020669064e-103 1.88638720209e-103 2.34594688758e-103 0.00185513489311 0.00657894736842
ay 0.00186020669064 1.88638720209e-103 2.34594688714e-103 1.85513489311e-103 3.28947368421e-103
back 1.86020669064e-103 1.88638720209e-103 2.34594688795e-103 0.00185513489311 3.28947368421e-103
bad 1.86020669064e-103 0.00188638720209 2.34594688714e-103 1.85513489311e-103 3.28947368421e-103
banquet 0.00186020669064 1.88638720209e-103 2.34594688714e-103 1.85513489311e-103 3.28947368421e-103
bare 1.86020669064e-103 0.00188638720209 2.34594688714e-103 1.85513489311e-103 3.28947368421e-103
bareness 0.00186020669064 1.88638720209e-103 2.34594688714e-103 1.85513489311e-103 3.28947368421e-103
base 0.00186020669064 1.88638720209e-103 2.34594688714e-103 1.85513489311e-103 3.28947368421e-103
basest 1.86020669064e-103 0.00188638720209 2.34594688714e-103 1.85513489311e-103 3.28947368421e-103
battring 2.15869294596e-102 0.00188638720209 2.34594688714e-103 1.59743323308e-42 3.28947368421e-103
bay 1.86020669064e-103 0.00188638720209 7.42728356033e-47 1.29035828294e-75 3.28947368421e-103
be 0.0100801667888 0.00831496287798 2.34594713329e-103 0.0021765937645 0.00328947368421
beams 4.74021046391e-83 0.00188638720209 2.34594688714e-103 2.74330439563e-20 3.28947368421e-103
bear 1.89270545782e-103 0.00188638720209 2.34594690797e-103 1.87104980643e-103 0.00986842105263
beard 1.86020669064e-103 1.88638720209e-103 2.34594688714e-103 1.85513489311e-103 0.00328947368421
beaten 1.86020669064e-103 0.00188638720209 2.34594688714e-103 1.85513489311e-103 3.28947368421e-103
beauteous 1.86020669064e-103 1.88638720209e-103 0.00234594688714 1.85513489311e-103 3.28947368421e-103
beauties 0.00186020669064 1.88638720209e-103 2.34594688714e-103 1.85513489311e-103 3.28947368421e-103
beauty 0.00372041338127 1.88638720209e-103 3.17327862683e-49 9.51019480104e-33 3.28947368421e-103
beautys 0.00186020669064 1.88638720209e-103 2.34594688714e-103 1.85513489311e-103 3.28947368421e-103
because 1.86020669064e-103 1.33979074852e-23 0.00234594688714 4.22007414489e-40 3.28947368421e-103
becomes 1.86020669064e-103 1.88638720209e-103 2.34594688758e-103 0.00185513489311 3.28947368421e-103
beds 1.86020669064e-103 1.88638720209e-103 0.00234594688714 4.39501811098e-39 3.28947368421e-103
before 1.86020669064e-103 1.88638720209e-103 0.00234594688714 2.84223550912e-23 3.28947368421e-103
behind 1.86020669064e-103 1.88638720209e-103 2.34594688714e-103 1.85513489311e-103 0.00328947368421
being 0.00376780988596 1.88638720209e-103 2.34594756752e-103 0.00366300250668 3.28947368421e-103
bent 1.86020669064e-103 1.88638720209e-103 2.34594688714e-103 1.85513489311e-103 0.00328947368421
best 3.2348122076e-91 0.00188638610212 2.34594719229e-103 0.00556540576109 0.00657894736842
bestow 9.76846157025e-62 1.88638720209e-103 2.34594688714e-103 0.00185513489311 3.28947368421e-103
better 1.86020729883e-103 0.00188638720209 0.00703784066143 4.97210301897e-26 3.28947368421e-103
bettered 3.8265685087e-44 1.88638720209e-103 2.34594688795e-103 0.00185513489311 3.28947368421e-103
bettering 5.77470718152e-65 1.88638720209e-103 2.34594688714e-103 0.00185513489311 3.28947368421e-103
bid 2.06966060839e-28 0.00188638720209 2.34594740192e-103 1.4442954787e-50 3.28947368421e-103
bide 1.86020669064e-103 1.88638720209e-103 2.34594688714e-103 1.85513489311e-103 0.00328947368421
bids 1.86020669064e-103 0.00188638720209 2.34594688714e-103 1.85513489311e-103 3.28947368421e-103
bier 1.86020669064e-103 0.00188638720209 1.75976669453e-25 1.17726569056e-44 3.28947368421e-103
big 1.86020669064e-103 1.88638720209e-103 2.34594688758e-103 0.00185513489311 3.28947368421e-103
bind 1.86020669064e-103 1.88638720209e-103 2.34594688714e-103 1.85513489311e-103 0.00328947368421
bird 1.86020669064e-103 0.00188638720209 2.34594688726e-103 1.50123642865e-26 3.28947368421e-103
birth 1.86020669064e-103 1.88638720209e-103 2.34594937443e-103 0.00185513489311 3.28947368421e-103
bitter 1.86020669064e-103 0.00188638720209 2.34594688725e-103 6.54423971576e-40 3.28947368421e-103
blame 0.00186020669064 1.9021611298e-103 2.34594688717e-103 4.94753842236e-98 3.28947368421e-103
blessed 1.86020669529e-103 0.00188638720209 2.34594688714e-103 1.8551350752e-103 3.28947368421e-103
blesses 0.00186020669064 1.88638720209e-103 2.34594688714e-103 1.85513489311e-103 3.28947368421e-103
blind 1.86021098099e-103 0.00188638720209 2.34594688715e-103 1.85514126218e-103 3.28947368421e-103
blood 1.86020669064e-103 1.88638720209e-103 2.34594688714e-103 1.85513489311e-103 0.00328947368421
blushing 1.04928965131e-66 1.88638720209e-103 2.34594688714e-103 0.00185513489311 3.28947368421e-103
bodys 9.81632360895e-76 1.88638720209e-103 2.34594688714e-103 0.00371026978623 3.28947368421e-103
boldness 1.86020669064e-103 1.88638720209e-103 0.00234594688714 1.88931252527e-24 3.28947368421e-103
bond 1.86020669064e-103 0.00188638720209 2.3459472807e-103 3.04698336636e-17 3.28947368421e-103
borne 1.86020669064e-103 1.88638720209e-103 0.00234594688714 1.85513489311e-103 3.28947368421e-103
borrowed 6.12101718638e-77 1.88638720209e-103 2.34594688714e-103 0.00185513489311 3.28947368421e-103
both 1.86020669064e-103 0.00377277440417 2.34594688714e-103 1.85513489311e-103 3.28947368421e-103
bounteous 1.86020669064e-103 0.00188638720209 2.34594688714e-103 1.85513489311e-103 3.28947368421e-103
brave 0.00186020669064 1.88638720209e-103 2.34594688714e-103 1.85513489311e-103 3.28947368421e-103
break 0.00186020669064 1.88638720209e-103 2.34594688714e-103 1.85513489311e-103 3.28947368421e-103
breath 1.86020669066e-103 0.00377277440417 1.61577307062e-40 3.84070740441e-58 3.28947368421e-103
bring 1.86020669064e-103 1.88638720209e-103 2.34594811538e-103 0.00185513489311 3.28947368421e-103
bristly 9.64562322346e-78 1.88638720209e-103 2.34594688714e-103 0.00185513489311 3.28947368421e-103
broad 1.86020669064e-103 1.88638720209e-103 0.00234594688714 3.60372410178e-40 3.28947368421e-103
broils 1.86020669064e-103 1.88638720209e-103 2.34594688758e-103 0.00185513489311 3.28947368421e-103
brow 1.86020669064e-103 1.88638720209e-103 2.34594688714e-103 1.85513489311e-103 0.00328947368421
buds 7.27112207781e-63 1.88638720209e-103 2.34594688714e-103 0.00185513489311 3.28947368421e-103
burthen 1.86020669064e-103 0.00188638720209 2.34594718594e-103 2.8188788876e-38 3.28947368421e-103
busy 1.86020669064e-103 1.88638720209e-103 2.34594688795e-103 0.00185513489311 3.28947368421e-103
but 5.04936869835e-31 0.00225711870732 0.0205393231397 0.00565488186657 3.28947368421e-103
by 0.0297633070502 1.88638842724e-103 2.34594698296e-103 2.00004944235e-20 3.28947368421e-103
calls 1.86020669064e-103 1.88638720209e-103 2.34594688714e-103 1.85513489311e-103 0.00328947368421
can 0.00341922365339 1.88638720209e-103 1.96698439601e-11 0.00586577320694 3.28947368421e-103
cannot 0.0018602019295 1.88639105094e-103 0.00234595289152 1.85513728223e-103 3.28947368421e-103
canopy 0.00186020669062 1.88638720209e-103 2.393764221e-14 5.87035970515e-36 3.28947368421e-103
canst 1.86020669064e-103 1.88638720209e-103 2.34594726397e-103 0.00185513489311 3.28947368421e-103
captain 1.86020669064e-103 0.00188638720209 2.34594688714e-103 1.85513489311e-103 3.28947368421e-103
carcanet 1.86020669064e-103 1.88638720209e-103 2.34594688714e-103 1.85513489311e-103 0.00328947368421
care 1.86020669064e-103 1.88638720209e-103 2.34594934792e-103 0.00185513489311 3.28947368421e-103
catch 0.00186020669064 1.88638720209e-103 2.34594688714e-103 1.85513489311e-103 0.00328947368421
celestial 4.96273815056e-91 0.00188638720209 2.34594688714e-103 4.25481131387e-29 3.28947368421e-103
ceremony 1.86020669064e-103 1.88638720209e-103 0.00234594688714 8.80649213596e-30 3.28947368421e-103
chance 1.86020669064e-103 0.00188638720209 2.34594688714e-103 1.85513489311e-103 3.28947368421e-103
change 1.86020669064e-103 1.88638720209e-103 2.34594702844e-103 0.00185513489311 0.00657894736842
changes 1.29334408505e-77 0.00188638720209 2.34594688714e-103 1.85513493613e-103 3.28947368421e-103
changing 0.00186020669064 1.88638720209e-103 2.34594688714e-103 1.85513489311e-103 3.28947368421e-103
character 1.86020669064e-103 0.00188638720209 2.34594730336e-103 6.7071573993e-48 3.28947368421e-103
charge 1.86020669064e-103 1.88638720209e-103 0.00234594688714 1.53835670626e-24 3.28947368421e-103
checked 1.86020669064e-103 1.88638720209e-103 2.34594937436e-103 0.00185513489311 3.28947368421e-103
cheeks 1.86020669064e-103 1.88638720209e-103 0.00234594688714 6.39447461248e-26 0.00328947368421
cheered 1.86020669064e-103 1.88638720209e-103 0.00234594688714 1.85513489311e-103 3.28947368421e-103
cherubins 5.80210579439e-75 1.88638720209e-103 2.34594688759e-103 0.00185513489311 3.28947368421e-103
chiding 1.86020669064e-103 1.88638720209e-103 0.00234594688714 1.85513489311e-103 3.28947368421e-103
chief 1.59748817887e-72 1.88638720209e-103 2.34594688714e-103 0.00185513489311 3.28947368421e-103
childrens 1.86020669064e-103 0.00188638720209 2.34594688714e-103 1.85513489311e-103 3.28947368421e-103
clerk 1.86020669064e-103 1.88638720209e-103 0.00234594688714 2.10116514306e-33 3.28947368421e-103
clock 1.86020669064e-103 0.00188638720209 2.34594688715e-103 1.85513869716e-103 3.28947368421e-103
closet 1.86020669064e-103 1.88638720209e-103 0.00234594688714 1.85513489311e-103 3.28947368421e-103
cold 4.80125136574e-78 1.88638720209e-103 2.34594688714e-103 0.00185513489311 3.28947368421e-103
colour 3.68432745066e-92 0.00377277440417 2.3459469365e-103 1.04093116752e-28 3.28947368421e-103
come 1.86020669064e-103 1.88638720209e-103 0.00234594688714 1.85513489311e-103 3.28947368421e-103
comfort 0.00186020669064 1.88638720209e-103 2.34594688714e-103 1.8551350695e-103 3.28947368421e-103
coming 1.86020669064e-103 1.88638720209e-103 2.34594823048e-103 0.00185513489311 3.28947368421e-103
comments 1.86020669064e-103 0.00188638720209 2.34594688714e-103 1.85513489311e-103 3.28947368421e-103
compare 1.86020669064e-103 1.88638720209e-103 2.34594688714e-103 1.85513489311e-103 0.00328947368421
complexion 1.86020669064e-103 0.00188638720209 2.34594688714e-103 1.85513489311e-103 3.28947368421e-103
confound 1.86020669064e-103 1.88638720209e-103 2.34594688714e-103 1.85513489311e-103 0.00328947368421
confounds 0.00186020669064 1.88638720209e-103 2.34594688714e-103 1.85513489311e-103 3.28947368421e-103
conquered 4.09076159847e-100 0.00188638720209 2.34594688714e-103 6.46458740392e-33 3.28947368421e-103
consecrate 1.86020669064e-103 1.88638720209e-103 2.34594927612e-103 0.00185513489311 3.28947368421e-103
consent 1.86020669064e-103 0.00188638720209 2.34594688714e-103 1.85513501721e-103 3.28947368421e-103
conspire 1.86020669064e-103 1.88638720209e-103 2.34594688714e-103 1.85513489311e-103 0.00328947368421
constant 1.86020669064e-103 1.88638720209e-103 2.34594688758e-103 0.00185513489311 3.28947368421e-103
contented 3.36129800194e-61 1.88638720209e-103 2.34594688714e-103 0.00185513489311 3.28947368421e-103
count 0.00186020669064 1.88638720209e-103 2.34594688714e-103 1.85513489311e-103 3.28947368421e-103
counterfeit 1.86020669064e-103 1.88638720209e-103 2.34594688714e-103 1.85513489311e-103 0.00328947368421
course 1.86020669064e-103 0.00377277440417 5.16755113302e-31 5.29588992495e-48 3.28947368421e-103
courses 1.86020669064e-103 1.88638720209e-103 2.34594688759e-103 0.00185513489311 3.28947368421e-103
covetous 1.86020669064e-103 0.00188638720209 3.07465350036e-72 7.10926372942e-99 3.28947368421e-103
crawls 1.86020669064e-103 1.88638720209e-103 0.00234594688714 1.85513489311e-103 3.28947368421e-103
creep 1.86020669064e-103 1.88638720209e-103 0.00234594688714 1.85513489311e-103 3.28947368421e-103
cries 1.86020669064e-103 1.88638720209e-103 0.00234594688714 1.85513489311e-103 3.28947368421e-103
crime 1.86020669064e-103 1.88638720209e-103 2.34594688714e-103 1.85513489311e-103 0.00657894736842
crossed 1.86020669064e-103 1.88638720209e-103 2.34594688714e-103 1.85513489311e-103 0.00328947368421
crowned 1.86020669064e-103 1.88638720209e-103 2.34594688714e-103 1.85513489311e-103 0.00328947368421
cruel 1.86020669064e-103 1.88638720209e-103 2.34594688714e-103 1.85513489311e-103 0.00328947368421
cry 1.55582467596e-64 1.88638720209e-103 2.34594688714e-103 0.00185513489311 3.28947368421e-103
crystal 1.8696659144e-103 0.00188638720209 2.34594688714e-103 2.68150711722e-51 3.28947368421e-103
cure 1.86020669064e-103 1.88638720209e-103 2.34594688714e-103 1.85513489311e-103 0.00328947368421
cures 1.86020669064e-103 1.88638720209e-103 2.34594702844e-103 0.00185513489311 3.28947368421e-103
darkness 1.86020669064e-103 0.00188638720209 2.34594688714e-103 1.85513511271e-103 3.28947368421e-103
dateless 1.86020669064e-103 0.00188638720209 0.00234594688714 1.85513489311e-103 3.28947368421e-103
day 0.00186020669064 1.88638720209e-103 2.34594688714e-103 1.85513489311e-103 3.28947368421e-103
days 1.86020669064e-103 1.88638720209e-103 0.00234594688714 1.54209294821e-40 0.0131578947368
dead 1.86020669064e-103 0.00377277440417 2.34594688714e-103 1.85513489311e-103 0.00328947368421
dear 0.00744082676254 1.88638724385e-103 2.34594688714e-103 1.8551349427e-103 3.28947368421e-103
death 1.86020669064e-103 0.00377277440417 2.34594688714e-103 1.85513527234e-103 3.28947368421e-103
deaths 0.00372041338127 1.88638720209e-103 2.34594688714e-103 1.85513489311e-103 3.28947368421e-103
decay 1.86020669064e-103 1.88638720209e-103 2.34594688714e-103 1.85513489311e-103 0.00328947368421
decays 1.86020669064e-103 1.88638720209e-103 2.34594688714e-103 1.85513489311e-103 0.00328947368421
decease 1.86020669064e-103 1.88638720209e-103 2.34594688714e-103 1.85513489311e-103 0.00328947368421
decrees 1.86020669064e-103 1.88638720209e-103 2.34594918985e-103 0.00185513489311 3.28947368421e-103
deeds 1.86020669064e-103 1.88638720209e-103 2.34594783644e-103 0.00185513489311 0.00328947368421
deemed 1.86020669064e-103 1.88638720209e-103 2.34594688714e-103 1.85513489311e-103 0.00328947368421
defence 1.86020669064e-103 1.88638720209e-103 2.34594688794e-103 0.00185513489311 3.28947368421e-103
delight 1.86020669064e-103 1.88638720209e-103 2.34594688714e-103 1.85513489311e-103 0.00328947368421
depend 1.86020669064e-103 1.88638720209e-103 2.34594688714e-103 1.85513489311e-103 0.00328947368421
desert 1.86020669064e-103 1.88638720209e-103 2.34594688714e-103 1.85513489311e-103 0.00328947368421
deserves 1.86020669064e-103 1.88638720209e-103 0.00234594688714 1.85513489311e-103 3.28947368421e-103
deserving 1.86020669064e-103 1.88638720209e-103 2.34594688714e-103 1.85513489311e-103 0.00328947368421
deservst 5.22531926298e-63 4.3423649566e-19 2.34594688714e-103 0.00185513489311 3.28947368421e-103
desire 1.86020669064e-103 1.88638720209e-103 0.00234594688714 1.85513489311e-103 0.00328947368421
desired 1.86020669064e-103 0.00188638720209 2.34594688714e-103 1.85513489311e-103 3.28947368421e-103
determination 1.86020669064e-103 0.00188638720209 2.34594694066e-103 7.43076585501e-100 3.28947368421e-103
did 1.86598961148e-103 0.00754554880835 2.34594688714e-103 3.00458472765e-68 3.28947368421e-103
die 1.86020669064e-103 1.88638720209e-103 2.34594688714e-103 1.85513489311e-103 0.00657894736842
difference 1.86020669064e-103 1.88638720209e-103 2.34594688714e-103 1.85513489311e-103 0.00328947368421
different 1.86020669064e-103 0.00188638720209 2.34594688714e-103 1.85513499356e-103 3.28947368421e-103
dignifies 1.86020813777e-103 0.00188638720209 2.34594688714e-103 1.85513528472e-103 3.28947368421e-103
dimmed 1.86020669064e-103 1.88638720209e-103 2.34594688714e-103 1.85513489311e-103 0.00328947368421
disabled 1.86020669064e-103 1.88638720209e-103 2.34594688714e-103 1.85513489311e-103 0.00328947368421
disarmed 1.86020669064e-103 1.88638720209e-103 2.34594688714e-103 1.85513489311e-103 0.00328947368421
discloses 1.86020669064e-103 1.88638720209e-103 2.34594688714e-103 1.85513489311e-103 0.00328947368421
discontent 1.86020669064e-103 1.88638720209e-103 2.34594688714e-103 1.85513489311e-103 0.00328947368421
disdains 1.86020669064e-103 1.88638720209e-103 0.00234594688714 1.85513489311e-103 3.28947368421e-103
diseased 1.86020669064e-103 0.00188638720209 2.34594688968e-103 1.85513622523e-103 3.28947368421e-103
disgrace 1.86020669064e-103 1.88638720209e-103 2.34594688714e-103 1.85513489311e-103 0.0131578947368
distraction 1.86020669064e-103 5.70452315051e-19 0.00234594688714 1.12093445757e-20 3.28947368421e-103
divert 1.86020669064e-103 1.88638720209e-103 0.00234594688714 1.85513489311e-103 3.28947368421e-103
do 1.26250653761e-95 0.00204884980663 0.00264128074561 0.00702722354015 3.28947368421e-103
doing 2.88514057299e-29 1.88638720209e-103 2.34594937436e-103 0.00185513489311 3.28947368421e-103
done 1.86020669064e-103 1.88638720209e-103 2.34594688714e-103 1.85513489311e-103 0.00328947368421
dost 0.00186020646146 3.00204956961e-18 0.00234594728995 0.00371026969625 3.28947368421e-103
doth 0.00968738157969 3.40826464256e-71 2.34594688726e-103 0.0107455145987 3.28947368421e-103
double 1.73721309194e-63 1.88638720209e-103 2.34594688714e-103 0.00185513489311 3.28947368421e-103
doubting 1.86020669064e-103 1.88638720209e-103 0.00234594688714 1.85513489311e-103 3.28947368421e-103
down 5.54846584469e-83 1.88638720209e-103 2.34594688736e-103 0.00371026978623 3.28947368421e-103
dry 2.80219408175e-75 0.00188638720209 2.34594688725e-103 7.50444056697e-39 3.28947368421e-103
due 1.86020669064e-103 1.19825886309e-56 2.34594688758e-103 0.00185513489311 3.28947368421e-103
dulling 1.65509434736e-34 1.88638720209e-103 0.00234594688714 1.85513489311e-103 3.28947368421e-103
dully 1.86020669064e-103 1.88638720209e-103 2.34594688795e-103 0.00185513489311 3.28947368421e-103
dulness 1.86020669064e-103 1.88638720209e-103 2.34594688714e-103 1.85513489311e-103 0.00328947368421
each 1.86020669064e-103 0.000292498984821 2.34594750312e-103 0.00342261671461 3.28947368421e-103
ear 1.86020669064e-103 1.88638720209e-103 2.34594688714e-103 1.85513489311e-103 0.00328947368421
earth 1.86020669064e-103 0.00377277440417 2.34594690152e-103 1.86592383444e-103 3.28947368421e-103
earthly 1.12977764723e-65 1.88638720209e-103 2.34594688714e-103 0.00185513489311 3.28947368421e-103
east 1.86020669064e-103 1.88638720209e-103 2.34594688714e-103 1.85513489311e-103 0.00328947368421
eat 1.86020669064e-103 1.88638720209e-103 0.00234594688714 1.85513489311e-103 3.28947368421e-103
eating 0.00186020669064 1.88638720209e-103 2.34594688714e-103 1.85513489311e-103 3.28947368421e-103
elder 1.86020669064e-103 0.00188638720209 2.34594688714e-103 1.85513493218e-103 3.28947368421e-103
embassy 1.86020669064e-103 4.77440974192e-59 0.00234594688714 6.96186428249e-23 3.28947368421e-103
end 1.86020669064e-103 1.88638720209e-103 2.34594688714e-103 1.85513489311e-103 0.00657894736842
endless 9.62303631443e-103 0.00188638720209 2.34594688714e-103 3.48151157842e-43 3.28947368421e-103
endure 1.86020669064e-103 1.88638720209e-103 2.34594688714e-103 1.85513489311e-103 0.00328947368421
engrafted 1.86020669064e-103 3.26821340535e-34 2.34594823048e-103 0.00185513489311 3.28947368421e-103
engrossed 1.86020669064e-103 1.88638720209e-103 2.34594688714e-103 1.85513489311e-103 0.00328947368421
enjoy 1.86020669064e-103 1.88638720209e-103 2.34594715237e-103 0.00185513489311 3.28947368421e-103
entombed 1.86020669064e-103 2.28721260551e-53 2.34594823048e-103 0.00185513489311 3.28947368421e-103
ere 1.86020669064e-103 1.88638720209e-103 0.00469189377429 2.94256091142e-38 3.28947368421e-103
erst 0.00186020669064 1.88638720209e-103 2.34594688714e-103 1.85513489417e-103 3.28947368421e-103
essays 1.86020669064e-103 1.88638720209e-103 2.34594823048e-103 0.00185513489311 3.28947368421e-103
esteemed 1.86020669064e-103 1.88638720209e-103 2.34594688714e-103 1.85513489311e-103 0.00328947368421
eternity 1.86020669064e-103 1.88638720209e-103 2.34594688714e-103 1.85513489311e-103 0.00328947368421
even 0.0036640172693 1.88638720209e-103 0.00463770514652 0.00195422868786 3.28947368421e-103
ever 5.42447310646e-78 9.28580743878e-39 2.34594688714e-103 0.00185513489311 3.28947368421e-103
every 1.86020669064e-103 0.00565916160626 2.34594698848e-103 5.42853978114e-43 3.28947368421e-103
exceeded 1.86020669064e-103 1.88638720209e-103 0.00234594688714 1.85513489311e-103 3.28947368421e-103
exceeds 1.86020669064e-103 1.88638720209e-103 2.34594688714e-103 1.85513489311e-103 0.00328947368421
excellence 1.86020669064e-103 1.88638720209e-103 2.34594688714e-103 1.85513489311e-103 0.00657894736842
except 1.86020669064e-103 1.88638720209e-103 2.34594688714e-103 1.85513489311e-103 0.00328947368421
excusing 5.54398759756e-22 1.88638720209e-103 0.00234594688714 1.85513489311e-103 3.28947368421e-103
expense 1.86020669064e-103 0.00188638720209 2.34594688714e-103 1.85513489311e-103 0.00328947368421
expressing 1.86020669064e-103 0.00188638720209 2.34594688714e-103 1.85513489311e-103 3.28947368421e-103
extant 1.1428980647e-49 0.00188638720209 2.34594688714e-103 1.85513508211e-103 3.28947368421e-103
extremity 1.86020669064e-103 0.00188638720209 2.34594688714e-103 1.85513489311e-103 3.28947368421e-103
eye 1.78497301247e-95 1.22933565892e-08 1.52328654006e-05 0.00740848159192 0.00986842105263
eyes 0.00372041284319 0.00188638720209 0.00469189445287 8.77241808873e-36 0.00657894736842
face 1.86020669064e-103 1.88638720209e-103 2.34594688795e-103 0.00185513489311 0.0131578947368
faces 1.86020669064e-103 1.88638720209e-103 2.34594688714e-103 1.85513489311e-103 0.00328947368421
faculty 1.86020669064e-103 0.00188638720209 2.34594688714e-103 1.85513489311e-103 3.28947368421e-103
fadeth 1.86020669064e-103 0.00188638720209 2.34594688714e-103 1.85513489311e-103 3.28947368421e-103
fading 1.86020669064e-103 1.88638720209e-103 0.00234594688714 7.31929638427e-40 3.28947368421e-103
fair 0.0038867992576 1.88638720209e-103 2.34594688714e-103 0.00168920266286 3.28947368421e-103
fairing 3.46015325014e-85 1.88638720209e-103 0.00234594688714 1.85513489311e-103 3.28947368421e-103
faith 1.86020669064e-103 0.00188638720209 2.34594688714e-103 1.85513489311e-103 3.28947368421e-103
falls 1.86020669064e-103 1.88638720209e-103 2.34594688714e-103 1.85513489311e-103 0.00328947368421
false 1.86020669064e-103 1.88638720209e-103 0.00234594688714 1.06736354377e-38 3.28947368421e-103
far 0.00372041338127 1.88638720245e-103 2.34594688714e-103 1.85513489364e-103 3.28947368421e-103
farther 1.8644738534e-103 0.00169487006756 2.32947384115e-05 0.00388019291947 3.28947368421e-103
farthest 0.00372041338127 1.88638720209e-103 2.34594688714e-103 1.85513489338e-103 3.28947368421e-103
fashion 8.3125647214e-84 0.00188638720209 2.34594688714e-103 2.74480998751e-23 3.28947368421e-103
fast 1.86020669064e-103 1.46274554028e-53 2.34594688758e-103 0.00185513489311 3.28947368421e-103
fawn 1.89008864978e-64 1.88638720209e-103 2.34594688714e-103 0.00185513489311 3.28947368421e-103
feast 1.86020669064e-103 1.88638720209e-103 2.34594688758e-103 0.00185513489311 3.28947368421e-103
featured 1.86020669064e-103 1.88638720209e-103 0.00234594688714 1.85513489311e-103 3.28947368421e-103
feeding 1.86020669064e-103 1.88638720209e-103 2.34594688714e-103 1.85513489311e-103 0.00328947368421
feedst 3.60121162682e-26 1.88638720209e-103 0.00234594688714 1.85513489311e-103 3.28947368421e-103
feeling 1.86020669064e-103 0.00188638720209 2.34594688714e-103 1.85513489311e-103 3.28947368421e-103
fever 1.86020669064e-103 1.88638720209e-103 2.34594688714e-103 1.85513489311e-103 0.00328947368421
filching 1.86021396503e-103 0.00188638720209 2.34594688714e-103 1.85513489311e-103 3.28947368421e-103
fill 1.86020669064e-103 0.00188638720209 2.34594688714e-103 1.85513489311e-103 3.28947368421e-103
find 1.86020669064e-103 0.00188638720206 0.00469189377432 4.14508554419e-38 0.00328947368421
finding 8.34226218321e-26 1.88638720209e-103 0.00234594688714 1.85513489311e-103 3.28947368421e-103
finds 1.86020669064e-103 1.88638720209e-103 2.34594823048e-103 0.00185513489311 3.28947368421e-103
first 1.86020669064e-103 1.88638720209e-103 2.34594733534e-103 0.00556540467934 3.28947368421e-103
fist 1.86020669064e-103 3.32795950224e-42 2.34594695426e-103 0.00185513489311 3.28947368421e-103
five 1.86020669064e-103 0.00188638720209 2.34594688714e-103 1.85513497527e-103 3.28947368421e-103
fixed 1.86020669064e-103 1.88638720209e-103 2.34594688714e-103 1.85513489311e-103 0.00328947368421
flame 1.86020669064e-103 0.00188638720209 2.34594688714e-103 1.85513489311e-103 3.28947368421e-103
fleece 0.00186020669064 1.88638720209e-103 2.34594688714e-103 1.85513489311e-103 3.28947368421e-103
flesh 1.86020669064e-103 1.43550737921e-78 0.00234594688714 2.88047636611e-31 3.28947368421e-103
flower 1.86020669064e-103 0.00188638720209 2.34594706819e-103 1.763377485e-28 3.28947368421e-103
flowers 1.86020669064e-103 1.88638720209e-103 0.00234594688714 1.06062833243e-22 3.28947368421e-103
fly 1.86020669064e-103 1.88638720209e-103 2.34594688714e-103 1.85513489311e-103 0.00328947368421
foe 1.86020669064e-103 1.88638720209e-103 2.34594825528e-103 0.00185513489311 3.28947368421e-103
foist 1.86020669064e-103 0.00188638696969 2.34594822502e-103 2.28551663545e-10 3.28947368421e-103
fold 1.86020669064e-103 0.00188638720209 2.34594688714e-103 1.85513489311e-103 3.28947368421e-103
folly 0.00186020669064 1.88638720209e-103 2.34594688725e-103 1.85513494845e-103 3.28947368421e-103
foot 1.86020669064e-103 0.00188638720209 2.34594706571e-103 8.63296990059e-32 3.28947368421e-103
footed 1.86020669064e-103 0.00188638720209 2.34594688714e-103 1.85513489311e-103 3.28947368421e-103
for 0.00599091282272 1.88638720209e-103 0.00939047824309 0.00886120947817 3.28947368421e-103
forbear 1.86020669064e-103 1.88638720209e-103 0.00234594688714 9.01722913094e-37 3.28947368421e-103
forbid 0.00186020669064 1.88638720209e-103 2.34594688714e-103 1.85513492253e-103 3.28947368421e-103
form 1.86020669064e-103 0.0036915657188 0.00590367985669 0.00283187324326 3.28947368421e-103
foul 8.76008095406e-67 0.00201140523963 2.34594688715e-103 0.00173218806466 3.28947368421e-103
frame 2.82068858271e-22 1.88638720209e-103 0.00234594688714 5.80315183453e-40 3.28947368421e-103
fresh 1.86020669064e-103 0.00377277440417 2.34594688714e-103 1.85513585484e-103 3.28947368421e-103
fresher 0.00186020669064 1.88638720209e-103 2.34594688714e-103 1.85513489311e-103 3.28947368421e-103
friend 1.86020669064e-103 1.88638720209e-103 2.34594823048e-103 0.00185513489311 3.28947368421e-103
friends 0.00187401788669 0.00187238162754 2.34594688714e-103 7.85647039017e-35 3.28947368421e-103
from 7.09862331799e-36 0.0264094208256 2.3459468984e-103 3.55345270559e-12 3.28947368421e-103
frown 1.86020669064e-103 1.88638720209e-103 2.34594937437e-103 0.00185513489311 3.28947368421e-103
frowns 1.86020669064e-103 1.88638720209e-103 2.34594702844e-103 0.00185513489311 3.28947368421e-103
frownst 1.86020669064e-103 1.88638720209e-103 0.00234594688714 1.58957561712e-37 3.28947368421e-103
fuel 1.86020669064e-103 1.88638720209e-103 2.34594688714e-103 1.85513489311e-103 0.00328947368421
full 1.86020669064e-103 1.88638720209e-103 2.34594730363e-103 0.00185513489311 3.28947368421e-103
fulness 1.86020669064e-103 1.88638720209e-103 2.34594688714e-103 1.85513489311e-103 0.00328947368421
gainst 0.00186020669064 1.96818078766e-46 2.34594688734e-103 1.57090692483e-32 3.28947368421e-103
gardens 2.47481571374e-34 1.88638720209e-103 0.00234594688714 2.34578834666e-32 3.28947368421e-103
gates 1.86020669064e-103 1.88638720209e-103 2.34594688758e-103 0.00185513489311 3.28947368421e-103
gave 1.86020669064e-103 0.00188638720209 2.3459470997e-103 5.16238252856e-29 3.28947368421e-103
gay 1.86020669064e-103 1.88638720209e-103 2.34594688714e-103 1.85513489311e-103 0.00328947368421
gazeth 1.86020669064e-103 1.88638720209e-103 2.34594688714e-103 1.85513489311e-103 0.00328947368421
gazing 1.53866013873e-65 1.88638720209e-103 2.34594688714e-103 0.00185513489311 3.28947368421e-103
gems 1.86020669064e-103 1.88638720209e-103 2.34594688714e-103 1.85513489311e-103 0.00328947368421
general 1.19926734378e-66 1.88638720209e-103 2.34594688714e-103 0.00185513489311 3.28947368421e-103
gentle 1.86020669064e-103 0.00188638720209 2.34594688714e-103 1.85513489395e-103 3.28947368421e-103
gift 1.86351801972e-103 0.00188638720209 2.34594688714e-103 3.32404919812e-97 3.28947368421e-103
gilding 1.86020669064e-103 1.88638720209e-103 0.00234594688714 1.85513489311e-103 3.28947368421e-103
give 0.00558098097748 7.5902657481e-67 0.00234549174132 4.92274142446e-98 0.00328947368421
given 0.0015630311229 1.88638720209e-103 2.34594688792e-103 0.00400663511372 3.28947368421e-103
gives 0.00186020669063 1.88638720209e-103 2.34594688755e-103 6.42525815968e-17 3.28947368421e-103
giving 0.00186020669064 1.88638720209e-103 2.34594688714e-103 1.85513489311e-103 3.28947368421e-103
glance 0.00186020669064 1.88638720209e-103 2.34594688714e-103 1.85513489311e-103 3.28947368421e-103
glass 1.86020669064e-103 1.88638720209e-103 0.00234594688714 3.36569196026e-29 3.28947368421e-103
glazed 1.86020669064e-103 1.88638720209e-103 0.00234594688714 6.78817226835e-24 3.28947368421e-103
glory 1.68340171109e-82 3.038436803e-49 2.34594693345e-103 0.00371026978623 0.00657894736842
gold 0.00186020669064 1.88638720209e-103 2.34594688714e-103 1.85513489311e-103 3.28947368421e-103
golden 6.77023131377e-94 0.00188638720209 2.34594688714e-103 6.77151854681e-32 3.28947368421e-103
gone 1.86020669064e-103 0.00188638720209 2.34594688714e-103 1.85513489311e-103 3.28947368421e-103
good 1.86020669064e-103 1.88638720209e-103 2.34594688714e-103 1.85513489311e-103 0.00328947368421
grace 1.86020669064e-103 3.70770837536e-20 2.34594937437e-103 0.00185513489311 3.28947368421e-103
graces 1.86020669064e-103 1.88638720209e-103 2.34594688714e-103 1.85513489311e-103 0.00328947368421
graves 1.86020669064e-103 0.00188638720209 2.34594688714e-103 1.85513489311e-103 3.28947368421e-103
gravity 1.86020669064e-103 1.88638720209e-103 2.34594688714e-103 1.85513489311e-103 0.00328947368421
great 0.00186020669064 1.88638720209e-103 2.34594688714e-103 1.85513489311e-103 3.28947368421e-103
greater 1.86020669064e-103 0.00188638720209 3.74685086308e-57 1.65750295179e-72 3.28947368421e-103
greatest 9.12745148797e-69 1.88638720209e-103 2.34594688714e-103 0.00185513489311 3.28947368421e-103
grecian 1.86020669064e-103 0.00188638720209 2.34594688714e-103 1.85513496014e-103 3.28947368421e-103
green 1.86020669064e-103 1.88638720209e-103 2.34594688714e-103 1.85513489311e-103 0.00328947368421
greet 6.77496232264e-57 0.00377277440417 2.34594700978e-103 4.31894979159e-83 0.00328947368421
grew 1.86020669064e-103 1.88638720209e-103 2.34594688714e-103 1.85513489311e-103 0.00328947368421
grey 1.86020669064e-103 0.00188638720209 2.34594688714e-103 1.85513489311e-103 3.28947368421e-103
grief 1.86020669064e-103 1.88638720209e-103 2.34594688714e-103 1.85513489311e-103 0.00328947368421
groan 1.86020669064e-103 1.88638720209e-103 2.34594688714e-103 1.85513489311e-103 0.00328947368421
gross 1.86020669064e-103 1.88638720209e-103 0.00234594688714 7.2885129936e-33 3.28947368421e-103
grow 1.86020669064e-103 1.88638720209e-103 2.34594688714e-103 1.85513489311e-103 0.00328947368421
growth 1.86020669064e-103 0.00188638720209 2.34594734609e-103 3.52543024299e-28 3.28947368421e-103
had 2.29202009332e-76 1.88638720209e-103 2.34594688714e-103 0.00185513489311 0.00328947368421
half 1.86020669064e-103 0.00188638720209 2.34594688714e-103 1.85513489311e-103 3.28947368421e-103
hallowed 0.00186020669064 1.88638720209e-103 2.34594750821e-103 1.08238133117e-36 3.28947368421e-103
hand 6.34387849296e-75 0.00349697608964 2.3459468872e-103 0.00212636397916 0.00328947368421
hands 1.86020669064e-103 1.88638720209e-103 2.34594688758e-103 0.00185513489311 3.28947368421e-103
happier 1.86857770516e-103 0.00377277440417 2.34594688714e-103 1.12837700081e-53 3.28947368421e-103
happies 0.00186020669064 1.88638720209e-103 2.34594688716e-103 2.39232976239e-75 3.28947368421e-103
happy 6.81372215697e-77 1.88638720209e-103 2.34594688714e-103 0.00185513489311 3.28947368421e-103
harder 1.86020669064e-103 0.00187402128324 2.34595069814e-103 1.21610491811e-05 3.28947368421e-103
hast 8.96012048312e-72 1.88638720209e-103 0.00172567918657 0.00234563203979 3.28947368421e-103
hath 1.13552800943e-88 4.38176971772e-87 0.00234594765334 0.00927567385967 3.28947368421e-103
have 0.00765254301108 1.88638720209e-103 2.34594688714e-103 0.00349913077566 3.28947368421e-103
he 1.86020669064e-103 1.88638720209e-103 0.00420455217014 0.00409565123696 3.28947368421e-103
heals 1.86020669064e-103 9.51319935943e-57 2.34594688758e-103 0.00185513489311 3.28947368421e-103
health 0.00186020669064 1.88638720209e-103 2.34594688714e-103 1.85513489316e-103 3.28947368421e-103
heard 1.86020669064e-103 0.00188638720209 2.34594783193e-103 2.39981700058e-31 3.28947368421e-103
heart 1.86020669064e-103 0.00188638720209 0.00234594688714 1.71558416741e-32 0.00657894736842
hearts 1.86020669064e-103 1.99268847147e-72 0.00234594688714 5.27639685241e-36 3.28947368421e-103
heat 0.00186020669064 0.00188638720209 2.34594688714e-103 1.85513489311e-103 3.28947368421e-103
heaven 1.87733097111e-103 0.00188638720209 2.34594688714e-103 4.73292211427e-46 3.28947368421e-103
heavenly 0.00186020669064 1.88638720209e-103 2.34594688714e-103 1.85513489311e-103 3.28947368421e-103
heavens 1.86020669064e-103 2.65462880049e-51 2.34594688795e-103 0.00185513489311 3.28947368421e-103
heavy 0.00186020669064 1.88638720209e-103 2.34594688714e-103 1.85513489311e-103 3.28947368421e-103
height 1.62652334559e-55 0.00188638712616 0.00234594698157 1.05438518612e-21 3.28947368421e-103
heinous 2.6081577075e-66 1.88638720209e-103 2.34594688714e-103 0.00185513489311 3.28947368421e-103
hell 1.86020669064e-103 1.88638720209e-103 0.00234594688714 1.07499629867e-36 3.28947368421e-103
hems 1.86020669064e-103 1.88638720209e-103 2.34594688714e-103 1.85513489311e-103 0.00328947368421
her 0.00198558696131 0.0130775655445 7.72662861228e-29 1.58807203721e-48 0.00657894736842
herd 1.86020669064e-103 1.88638720209e-103 2.34594688714e-103 1.85513489311e-103 0.00328947368421
hes 7.98810860969e-78 1.88638720209e-103 2.34594688714e-103 0.00185513489311 3.28947368421e-103
hid 1.86020669064e-103 0.00188638720209 2.34594688714e-103 1.85513489311e-103 3.28947368421e-103
hidden 1.86020669064e-103 0.00188638720209 2.61464850974e-26 1.70056403442e-16 3.28947368421e-103
hide 5.84012052483e-07 0.00188579497066 2.34594713423e-103 1.63988007764e-51 3.28947368421e-103
hideous 1.86020669064e-103 0.00188638720209 2.34594688714e-103 1.85513497969e-103 3.28947368421e-103
him 3.95251214305e-72 0.0132047104146 2.3459469089e-103 1.21799270306e-48 3.28947368421e-103
his 0.0280832293701 0.0106866608215 2.34594708327e-103 0.0022966944609 3.28947368421e-103
holds 1.86020669064e-103 0.00188638720209 2.34594688714e-103 1.85513489311e-103 3.28947368421e-103
home 0.00186020669064 1.88638720209e-103 2.34594688714e-103 1.85513489311e-103 3.28947368421e-103
honest 0.00186020669064 1.88638720209e-103 2.34594688714e-103 1.85513489311e-103 3.28947368421e-103
hours 0.00186020669064 1.88638720209e-103 2.34594688714e-103 1.85513489363e-103 3.28947368421e-103
how 1.86020669064e-103 1.88638720209e-103 0.00938378754857 2.10550671283e-58 3.28947368421e-103
hue 1.86020669064e-103 1.88638720209e-103 2.34594688714e-103 1.85513489311e-103 0.00657894736842
huge 0.00186020669064 1.88638720209e-103 2.34594688714e-103 1.85513489311e-103 3.28947368421e-103
humble 1.86020669064e-103 0.00188638720209 2.34594688714e-103 1.85513489311e-103 3.28947368421e-103
humour 1.86020669064e-103 1.88638720209e-103 0.00234594688714 2.862803172e-32 3.28947368421e-103
hundred 1.86020669064e-103 1.88638720209e-103 0.00234594688714 7.01481892158e-40 3.28947368421e-103
hungry 0.00186020669064 1.88638720209e-103 2.34594688714e-103 1.8551359419e-103 3.28947368421e-103
hunted 1.86020669064e-103 0.00188638720209 2.34594688714e-103 1.85513489311e-103 3.28947368421e-103
husband 0.00186020669064 1.88638720209e-103 2.34594688714e-103 1.85513489311e-103 3.28947368421e-103
husbandry 1.86020669064e-103 1.88638720209e-103 2.34594688714e-103 1.85513489311e-103 0.00328947368421
husbands 6.51132916817e-08 6.92854432253e-58 0.00234586477136 1.82810270891e-40 3.28947368421e-103
idly 1.86020669958e-103 0.00188638720209 2.34594688714e-103 1.85513524324e-103 3.28947368421e-103
if 1.86020669064e-103 1.88638720209e-103 0.00703784066143 1.03201067078e-33 3.28947368421e-103
ignorance 1.86020669064e-103 0.00188638720209 2.34594688714e-103 1.85513489311e-103 3.28947368421e-103
ill 1.17307428062e-66 1.88638720209e-103 2.34594688714e-103 0.00185513489311 3.28947368421e-103
image 1.86020669064e-103 0.00188638720209 2.34594858979e-103 1.73027531884e-26 3.28947368421e-103
imitated 0.00186020669064 1.88638720209e-103 2.34594725678e-103 1.41729286347e-55 3.28947368421e-103
impart 1.86020669064e-103 1.88638720209e-103 2.34594688714e-103 1.85513489311e-103 0.00328947368421
imprisoned 1.86020669064e-103 0.00188638720209 2.34594688714e-103 1.85513489311e-103 3.28947368421e-103
in 0.0787160639225 5.03614792257e-32 3.85091748077e-05 0.0290659244555 3.28947368421e-103
increase 1.86020669064e-103 1.88638720209e-103 2.34594688714e-103 1.85513489311e-103 0.00328947368421
increasing 1.86020669064e-103 1.88638720209e-103 0.00234594688714 1.85513489311e-103 3.28947368421e-103
infants 3.79680676028e-78 1.88638720209e-103 2.34594688714e-103 0.00185513489311 3.28947368421e-103
injury 1.86020669064e-103 1.88638720209e-103 2.34594688714e-103 1.85513489311e-103 0.00328947368421
intend 1.86020669064e-103 1.88638720209e-103 0.00234594688714 1.85513489311e-103 3.28947368421e-103
intermixed 1.86020669064e-103 1.88638720209e-103 2.34594688714e-103 1.85513489311e-103 0.00328947368421
into 1.86020669064e-103 0.00188638720209 2.34594688714e-103 1.85513489311e-103 3.28947368421e-103
invention 1.86020669414e-103 0.00377277440417 2.34594688714e-103 1.8551350301e-103 3.28947368421e-103
inviting 1.86020669064e-103 0.00188638720209 2.34594688714e-103 1.85513489311e-103 3.28947368421e-103
inward 1.86020669064e-103 1.88638872557e-103 0.00234594688714 2.88996038381e-23 3.28947368421e-103
is 0.0121261918072 6.38842929233e-93 0.0105572935104 0.0240815791989 3.28947368421e-103
issue 0.00186020669064 1.88638720209e-103 2.3459471039e-103 2.80296909848e-62 3.28947368421e-103
it 1.8816577184e-103 0.0123991102588 0.00691017858028 0.0120240159117 0.00657894736842
jealousy 1.86020669064e-103 1.88638720209e-103 2.34594688714e-103 1.85513489311e-103 0.00328947368421
jewel 1.86020669064e-103 1.88638720209e-103 0.00234594688714 7.70264679459e-40 3.28947368421e-103
jewels 1.86020669064e-103 1.88638720209e-103 0.00234594688714 2.91051738139e-25 3.28947368421e-103
joy 0.00186020669064 1.88638720209e-103 2.34594688714e-103 1.85513542213e-103 3.28947368421e-103
judgment 1.86020669064e-103 0.00188638720209 2.34594688715e-103 1.85514191603e-103 3.28947368421e-103
keep 0.00186020669064 1.88638720209e-103 2.34594688714e-103 1.85513489311e-103 3.28947368421e-103
kept 1.86020669064e-103 1.88638720209e-103 2.34594688714e-103 1.85513489311e-103 0.00328947368421
kind 1.86020669064e-103 1.88638720209e-103 2.34594688714e-103 1.85513489311e-103 0.00328947368421
king 1.86020669064e-103 1.88638720209e-103 2.34594688714e-103 1.85513489311e-103 0.00328947368421
kingdom 1.86020669064e-103 0.00188638720209 3.17538051153e-26 2.07904021099e-46 3.28947368421e-103
kings 1.86020669064e-103 1.88638720209e-103 2.34594688714e-103 1.85513489311e-103 0.00328947368421
kiss 1.86020669064e-103 0.00188638720209 2.34594688725e-103 9.29398878785e-39 3.28947368421e-103
know 4.88046592888e-09 0.00377276945502 2.3459468879e-103 1.66551821765e-26 0.00657894736842
knows 0.00186020669064 1.88638720209e-103 2.34594688714e-103 1.85513506901e-103 3.28947368421e-103
knowst 0.00186020669064 4.66825804072e-44 2.34594803131e-103 1.24572876264e-31 3.28947368421e-103
laid 1.86020669064e-103 1.88638720209e-103 0.00234594688714 6.50323659203e-26 3.28947368421e-103
lap 1.86020669064e-103 0.00188638720209 2.34594688714e-103 1.85513489311e-103 3.28947368421e-103
largess 1.86020669064e-103 1.88638720209e-103 0.00234594688714 8.9992495356e-26 3.28947368421e-103
lascivious 0.00186020669064 1.88638720209e-103 2.34594688714e-103 1.85513489311e-103 3.28947368421e-103
latch 1.86020669064e-103 1.88638720209e-103 2.34594688714e-103 1.85513489311e-103 0.00328947368421
lays 1.86020669064e-103 1.88638720209e-103 2.34594688714e-103 1.85513489311e-103 0.00328947368421
least 1.86020669064e-103 0.00188638720209 1.66117717189e-22 4.38768818077e-56 0.00328947368421
leave 1.86020669064e-103 0.00188638720209 2.34594688714e-103 1.85513489311e-103 3.28947368421e-103
leaves 0.00186020669064 1.88638720209e-103 2.34594688714e-103 1.85513489311e-103 3.28947368421e-103
left 4.89684252965e-88 8.22744346963e-53 2.34594688736e-103 0.00371026978623 3.28947368421e-103
legions 1.86020669064e-103 0.00188638720209 2.34594688714e-103 1.85513489311e-103 3.28947368421e-103
lends 1.86020669064e-103 1.88638720209e-103 0.00234594688714 2.55277986321e-40 3.28947368421e-103
liberty 1.86020669064e-103 1.88638720209e-103 2.34594688714e-103 1.85513489311e-103 0.00328947368421
lie 1.86020669064e-103 1.88638720209e-103 2.34594688714e-103 1.85513489311e-103 0.00657894736842
lies 1.86020669064e-103 1.88638720209e-103 2.34594688714e-103 1.85513489311e-103 0.00657894736842
life 1.86020669064e-103 1.88638720209e-103 0.00234594688714 2.03776412524e-25 3.28947368421e-103
light 1.86020669064e-103 1.88638720209e-103 2.34594688714e-103 1.85513489311e-103 0.00328947368421
lights 0.00186020669064 1.88638720209e-103 2.34594688714e-103 1.85513489311e-103 3.28947368421e-103
like 0.00744083505287 1.88638720209e-103 0.00234593643202 1.85513489311e-103 3.28947368421e-103
liker 1.86020669064e-103 1.88638720209e-103 2.34594688758e-103 0.00185513489311 3.28947368421e-103
limit 1.86020669064e-103 0.00188638720209 2.3459472002e-103 3.32669579256e-40 3.28947368421e-103
limping 1.86020669064e-103 0.00188638720209 2.34594688714e-103 1.85513489311e-103 3.28947368421e-103
lines 1.86020669064e-103 1.88638720209e-103 2.34594937436e-103 0.00185513489311 3.28947368421e-103
linger 9.04303678377e-70 0.00188638720209 2.34594688714e-103 1.85513497969e-103 3.28947368421e-103
lip 1.86020669064e-103 0.00188638720209 2.3459470111e-103 5.14845734109e-47 3.28947368421e-103
live 1.86020669064e-103 1.88638720209e-103 2.34594688714e-103 1.85513489311e-103 0.00328947368421
lively 0.00186020669064 1.88638720209e-103 2.34594688714e-103 1.85513489311e-103 3.28947368421e-103
lives 1.86020669064e-103 1.51979665276e-13 2.32941841668e-27 0.00371026978608 3.28947368421e-103
living 3.78451761692e-96 0.00377277440417 2.34594688714e-103 2.13344184535e-30 3.28947368421e-103
loan 1.86020669064e-103 1.88638720209e-103 2.34594688714e-103 1.85513489311e-103 0.00328947368421
long 1.86020669064e-103 1.78286747571e-11 0.00234594686497 1.88223694245e-18 3.28947368421e-103
look 9.37601091579e-78 1.88638720209e-103 0.00234594688714 0.00185513489311 3.28947368421e-103
looking 1.86020669064e-103 1.88638720209e-103 0.00234594688714 1.85513489311e-103 3.28947368421e-103
looks 1.86020669064e-103 3.05232124048e-56 2.34594688758e-103 0.00185513489311 3.28947368421e-103
lords 2.72036837507e-77 1.88638720209e-103 2.34594688714e-103 0.00185513489311 3.28947368421e-103
lose 0.00171152930626 1.88638720209e-103 0.00253344715194 5.82461247301e-44 3.28947368421e-103
losing 3.05482692224e-75 0.00188638720209 2.34594729189e-103 1.094664732e-48 3.28947368421e-103
loss 1.86020669064e-103 0.00187396006923 2.34594704802e-103 0.00186735614215 3.28947368421e-103
lost 1.86020669064e-103 1.88638720209e-103 2.34594688714e-103 1.85513489311e-103 0.00328947368421
love 0.00187124235421 0.0125860788269 1.24544528702e-16 0.0135833212203 0.00328947368421
loved 1.86020669064e-103 1.88638720209e-103 0.00234594688714 5.20397035491e-40 3.28947368421e-103
loves 3.12859048409e-51 0.0010015288169 0.00234594688714 0.0045804684729 3.28947368421e-103
lusty 6.23574684357e-66 1.88638720209e-103 2.34594688714e-103 0.00185513489311 3.28947368421e-103
mad 1.86020669064e-103 1.88638720209e-103 2.34594688714e-103 1.85513489311e-103 0.00328947368421
madding 1.49729869892e-65 1.88638720209e-103 2.34594688714e-103 0.00185513489311 3.28947368421e-103
made 0.00186020668955 0.00188638720319 2.34594688714e-103 1.85513489359e-103 3.28947368421e-103
maiden 1.86020669064e-103 0.00188638720209 2.34594688758e-103 0.00185513489311 3.28947368421e-103
main 1.86020669064e-103 1.88638720209e-103 2.34594688758e-103 0.00185513489311 3.28947368421e-103
majesty 1.86020669064e-103 1.88638720209e-103 2.34594688714e-103 1.85513489311e-103 0.00328947368421
make 1.67319353008e-20 0.00665766418186 0.00234594740602 0.00272830927418 3.28947368421e-103
making 1.86020669064e-103 1.88638720209e-103 0.00234594688714 1.85513489311e-103 3.28947368421e-103
maladies 1.86020669064e-103 1.88638720209e-103 2.34594931767e-103 0.00185513489311 3.28947368421e-103
mansion 1.671737555e-78 1.88638720209e-103 2.34594688714e-103 0.00185513489311 3.28947368421e-103
many 0.00558062007191 1.88638720209e-103 2.34594688714e-103 6.59784187001e-60 3.28947368421e-103
marigold 1.86020669064e-103 0.00188638720209 2.88573524143e-39 9.31722980077e-72 3.28947368421e-103
married 3.67310170559e-62 1.88638720209e-103 0.00234594688714 1.41475671355e-39 3.28947368421e-103
masked 1.86020669064e-103 1.88638720209e-103 2.34594701368e-103 0.00185513489311 3.28947368421e-103
masonry 1.86020669064e-103 1.88638720209e-103 2.34594688714e-103 1.85513489311e-103 0.00328947368421
master 6.05715042147e-62 3.98297931151e-37 2.34594688714e-103 0.00185513489311 3.28947368421e-103
maturity 1.86020669064e-103 0.00188638720209 2.34594688714e-103 1.8551350613e-103 3.28947368421e-103
may 7.94951481194e-31 1.88638720209e-103 0.00469189377429 7.10286755794e-58 3.28947368421e-103
me 9.06394818279e-84 0.00124577061655 0.000200476914446 0.015312548721 0.00986842105263
means 1.86020669064e-103 1.88638720209e-103 2.34594688758e-103 0.00185513489311 3.28947368421e-103
melancholy 1.86020669064e-103 1.88638720209e-103 2.34594688714e-103 1.85513489311e-103 0.00328947368421
memory 1.86020669064e-103 1.88638720209e-103 2.34594688714e-103 1.85513489311e-103 0.00986842105263
men 2.8567972523e-78 0.00188638720209 2.34594688714e-103 5.30967896019e-18 0.00328947368421
mens 2.88601622455e-79 0.00565916160626 2.34594688714e-103 2.40826330834e-37 3.28947368421e-103
middle 6.85574945943e-83 0.00188638720209 2.34594688714e-103 9.15676851102e-20 3.28947368421e-103
might 2.05205211402e-77 1.88638720209e-103 2.34594688714e-103 0.00185513489311 0.00328947368421
mind 2.05786328907e-06 1.88638720209e-103 0.00149573469457 0.00252541598006 0.00328947368421
minds 1.86020669064e-103 0.00188638720209 2.34594688714e-103 1.85513489311e-103 3.28947368421e-103
mine 2.69060355935e-46 0.00319519145582 2.3459470332e-103 0.00242314886182 3.28947368421e-103
missed 1.86020669064e-103 1.88638720209e-103 2.34594688714e-103 1.85513489311e-103 0.00328947368421
mistress 3.59095061517e-69 1.88638720209e-103 2.34594688714e-103 0.00185513489311 3.28947368421e-103
moan 1.86020669064e-103 1.88638720209e-103 2.34594688758e-103 0.00185513489311 0.00328947368421
mock 1.86020669064e-103 0.00188638720209 2.34594688714e-103 1.85513489311e-103 3.28947368421e-103
moods 1.86020669064e-103 0.00188638720209 2.34594691066e-103 1.8728557555e-103 3.28947368421e-103
moon 1.86020669064e-103 1.88638720209e-103 2.34594696346e-103 0.00185513489311 3.28947368421e-103
more 1.86020669064e-103 3.52023488585e-57 3.29692220031e-20 0.00742053957245 0.00328947368421
mortal 1.86020669064e-103 1.88638720209e-103 2.34594688795e-103 0.00185513489311 3.28947368421e-103
most 1.86020669064e-103 1.88638720209e-103 0.00444240759222 0.00205242432206 0.00328947368421
motion 1.86020669064e-103 0.00188638720209 2.34594705817e-103 2.6680204283e-72 3.28947368421e-103
mouthed 0.00186020669064 1.88638720209e-103 2.34594688714e-103 1.85513489311e-103 3.28947368421e-103
much 2.55155355283e-69 1.88638720209e-103 0.00234594688714 0.00371026978623 3.28947368421e-103
must 1.41811816672e-53 1.88638720209e-103 0.00234594688714 0.00185513489311 3.28947368421e-103
my 5.09711994706e-37 0.0356950856646 0.0133480657799 0.0341116619296 3.28947368421e-103
naked 1.86020669064e-103 1.88638720209e-103 0.00234594688714 1.65654365157e-38 3.28947368421e-103
name 1.86020669064e-103 1.86638018844e-46 2.34594755903e-103 0.00371026978623 0.00328947368421
naming 1.26701310295e-21 1.88638720209e-103 0.00234594688714 1.85513489311e-103 3.28947368421e-103
nature 1.86020669064e-103 0.00188638720209 0.00234594688714 1.79982555e-36 3.28947368421e-103
natures 1.86020669064e-103 0.00377277440417 2.34594696669e-103 2.02074815026e-79 3.28947368421e-103
needing 1.86020669064e-103 1.88638720209e-103 2.34594688714e-103 1.85513489311e-103 0.00328947368421
needs 1.86020669064e-103 1.88638720209e-103 2.34594688758e-103 0.00185513489311 3.28947368421e-103
neer 0.00186020669064 1.88638720209e-103 2.34594688714e-103 1.85513489311e-103 3.28947368421e-103
never 5.53109334238e-77 2.94695020428e-44 2.34594727712e-103 0.00742053957245 0.00328947368421
new 1.86020669064e-103 1.88638720209e-103 2.34594688714e-103 1.85513489311e-103 0.00328947368421
news 1.86020669064e-103 0.00188638720209 2.34594688714e-103 1.85513489311e-103 3.28947368421e-103
next 1.86020669064e-103 1.88638720209e-103 2.34594937437e-103 0.00185513489311 3.28947368421e-103
niggard 0.00186020669064 6.81818374028e-42 2.34594688714e-103 1.85513521959e-103 3.28947368421e-103
night 1.86020669064e-103 1.88638720209e-103 2.34594688714e-103 1.85513489311e-103 0.00328947368421
no 0.0183331261228 7.8474002486e-58 6.65229816759e-44 0.00212334241775 0.00328947368421
nobler 0.00186020669064 1.88638720209e-103 2.34594688714e-103 1.85513783139e-103 3.28947368421e-103
none 1.86020669064e-103 1.88638720209e-103 2.34594688714e-103 1.85513489311e-103 0.00328947368421
nor 9.73660083314e-46 1.88638720209e-103 0.00703784066143 0.00185513489311 3.28947368421e-103
not 6.88336537483e-18 8.99027840549e-45 0.0058814071875 0.0213209717442 3.28947368421e-103
noted 8.49842095916e-96 0.00188638720209 2.34594688714e-103 4.73676926131e-31 3.28947368421e-103
now 1.86020669064e-103 0.0037727740745 0.00234594729713 4.13611012345e-21 0.00328947368421
number 0.00372041334504 1.88638720209e-103 2.34594688752e-103 3.61356428687e-11 3.28947368421e-103
numbers 8.62601202564e-80 1.88638720209e-103 0.00469189377429 4.90802079825e-29 3.28947368421e-103
object 1.86020669064e-103 0.00188638720209 2.34594688714e-103 1.85513489311e-103 3.28947368421e-103
objects 1.86020669064e-103 0.00188638720209 2.34594720152e-103 4.94729952425e-38 3.28947368421e-103
odour 1.86020669064e-103 0.00188638720209 2.34594693293e-103 8.32872624846e-92 3.28947368421e-103
oer 1.86020669064e-103 0.00188638720209 0.00234594688714 1.17399654143e-21 3.28947368421e-103
oercharged 1.86020669064e-103 1.88638720209e-103 0.00234594688714 1.85513489311e-103 3.28947368421e-103
oerpressed 1.86020669064e-103 1.88638720209e-103 0.00234594688714 3.93321697008e-37 3.28947368421e-103
of 0.0974124192149 2.28804701901e-92 0.00888926406039 0.0238280016273 3.28947368421e-103
off 0.00186020669064 1.88638720209e-103 2.34594688714e-103 1.85513489359e-103 3.28947368421e-103
offend 0.00186020669064 1.88638720209e-103 2.34594688714e-103 1.85513489311e-103 3.28947368421e-103
oft 1.86020669064e-103 0.00188638720209 2.34594688714e-103 1.85513489311e-103 3.28947368421e-103
often 1.86020669064e-103 1.88638720209e-103 2.34594688765e-103 0.00185513489311 3.28947368421e-103
old 1.86020669064e-103 1.88638720209e-103 2.34594688714e-103 1.85513489311e-103 0.00328947368421
olives 1.86020669064e-103 1.88638720209e-103 0.00234594688714 1.47958305878e-23 3.28947368421e-103
on 0.0168402124276 1.88638720209e-103 4.23730627704e-28 0.0110327253012 3.28947368421e-103
once 0.00558062007191 0.00188638720209 2.34594688714e-103 1.85513489311e-103 3.28947368421e-103
one 1.86020669064e-103 0.0037727737845 0.00469189454492 4.44968936878e-34 0.00986842105263
oppressed 1.86020669064e-103 1.88638720209e-103 0.00234594688714 7.95880458176e-37 3.28947368421e-103
or 0.0152999859929 1.00362291978e-50 2.34594699417e-103 0.00329307788931 3.28947368421e-103
ornaments 1.86020669064e-103 1.88638720209e-103 2.34594688714e-103 1.85513489311e-103 0.00328947368421
other 1.86020669064e-103 0.00188638646057 1.20851794269e-23 7.29235483377e-10 3.28947368421e-103
others 1.2683227207e-78 0.00188638720209 0.00234594688714 1.85513489311e-103 3.28947368421e-103
our 0.00186020669078 0.00104535697695 2.34594765543e-103 0.00268223153309 3.28947368421e-103
out 1.86020669064e-103 0.00377277440417 0.00469189377429 1.7182894048e-36 3.28947368421e-103
outstripped 1.86020669064e-103 9.77884104644e-33 0.00234594688714 9.25672932502e-22 3.28947368421e-103
overthrow 1.86020669064e-103 1.88638720209e-103 2.34594688714e-103 1.85513489311e-103 0.00328947368421
own 2.1375383964e-48 0.00127485209326 1.53029329494e-07 0.00802182219361 0.00328947368421
painted 2.00833447171e-69 0.000261878172044 2.80746745146e-22 0.00530786511685 3.28947368421e-103
part 1.86020669064e-103 0.00188638720209 0.00703784066143 7.14201122624e-31 0.00328947368421
parts 1.86020708626e-103 0.00188638720209 2.34594688714e-103 1.85513503316e-103 3.28947368421e-103
passed 1.86020669064e-103 0.00188638720209 2.34594688714e-103 1.85513489311e-103 3.28947368421e-103
past 0.0023128062782 1.88638720209e-103 0.00412111064631 2.61926221052e-35 3.28947368421e-103
patent 1.86020669064e-103 1.88638720209e-103 0.00234594688714 8.38535830638e-40 3.28947368421e-103
pay 1.86020669064e-103 7.03536389984e-44 2.34594693716e-103 0.00185513489311 3.28947368421e-103
paying 1.86020669064e-103 0.00188638720209 2.34594688714e-103 1.85513489311e-103 3.28947368421e-103
pays 0.00186020669064 1.88638720209e-103 2.34594799586e-103 1.6357990786e-41 3.28947368421e-103
peace 0.00186020669064 1.88638720209e-103 2.34594688714e-103 1.85513489311e-103 3.28947368421e-103
pen 0.00186020669064 1.88638720209e-103 2.34594688714e-103 1.85513489311e-103 0.00986842105263
perfect 1.86020669064e-103 0.00188638720209 2.34594688714e-103 1.85513489311e-103 3.28947368421e-103
perfumed 1.86020669064e-103 0.00188638720209 2.34594688716e-103 1.85513490265e-103 3.28947368421e-103
perjured 1.86020669064e-103 0.00188638720209 2.34594688714e-103 1.85513489311e-103 3.28947368421e-103
perpetual 2.41740720918e-102 0.00188638720209 2.34594688714e-103 2.54701380887e-38 3.28947368421e-103
perusal 1.86020669064e-103 1.88638720209e-103 2.34594688795e-103 0.00185513489311 3.28947368421e-103
physic 0.00186020669064 1.88638720209e-103 2.34594688714e-103 1.85513489311e-103 3.28947368421e-103
physicians 2.13580003111e-76 1.88638720209e-103 2.34594688714e-103 0.00185513489311 3.28947368421e-103
pictured 1.77939398168e-66 1.88638720209e-103 2.34594688714e-103 0.00185513489311 3.28947368421e-103
pierced 1.86020669064e-103 1.88638720209e-103 2.34594823048e-103 0.00185513489311 3.28947368421e-103
pilgrimage 1.86020669064e-103 0.00188638720209 2.34594688714e-103 1.85513489311e-103 0.00328947368421
pipe 1.86020669064e-103 1.88638720209e-103 0.00234594688714 6.75283400758e-23 3.28947368421e-103
pitch 1.86020669064e-103 1.88638720209e-103 2.34594823048e-103 0.00185513489311 3.28947368421e-103
pitiful 0.00186020669064 1.88638720209e-103 2.34594688714e-103 1.85513489311e-103 3.28947368421e-103
pity 2.52466568455e-44 1.88638720209e-103 0.00234594688714 1.85513489311e-103 3.28947368421e-103
place 1.86020669064e-103 0.00188638720209 2.34594688714e-103 1.85513524545e-103 3.28947368421e-103
pleasure 1.86020669064e-103 1.88638720209e-103 2.34594688714e-103 1.85513489311e-103 0.00328947368421
plods 1.86020669064e-103 1.88638720209e-103 0.00234594688714 1.85513489311e-103 3.28947368421e-103
pluck 1.86020669064e-103 1.88638720209e-103 0.00234594688714 2.14848464572e-36 3.28947368421e-103
pointing 1.86020669064e-103 1.88638720209e-103 0.00234594688714 1.85513489311e-103 3.28947368421e-103
polished 4.72297238602e-76 0.00188638720209 2.34594688714e-103 4.30823162977e-86 3.28947368421e-103
pomp 1.86020669064e-103 1.88638720209e-103 0.00234594688714 9.14015672986e-40 3.28947368421e-103
poor 1.86020669064e-103 1.88638720209e-103 0.00234594688714 6.62383205772e-42 3.28947368421e-103
poorly 1.86020669064e-103 4.75618434994e-30 2.34594688758e-103 0.00185513489311 3.28947368421e-103
possessed 1.86020669064e-103 1.88638720209e-103 2.34594688714e-103 1.85513489311e-103 0.00328947368421
posterity 1.86020669064e-103 1.88638720209e-103 2.34594688714e-103 1.85513489311e-103 0.00328947368421
power 1.86020669064e-103 0.00188638720209 2.34594688715e-103 1.85513844773e-103 3.28947368421e-103
praise 1.86020669064e-103 1.88638720209e-103 2.34594688714e-103 1.85513489311e-103 0.00657894736842
praises 0.00186020669064 1.88638720209e-103 2.34594688714e-103 1.85513489363e-103 3.28947368421e-103
precious 1.86020669064e-103 3.63882060525e-45 2.34594688758e-103 0.00185513489311 3.28947368421e-103
predict 6.0003569096e-65 1.88638720209e-103 0.00234594688714 6.93179298377e-37 3.28947368421e-103
presage 1.86020669064e-103 1.88638720209e-103 2.34594688714e-103 1.85513489311e-103 0.00328947368421
prescriptions 1.86020669064e-103 7.13578758268e-05 0.00225720487994 8.29394663366e-38 3.28947368421e-103
present 1.87771182068e-103 0.00188638720209 2.34594688714e-103 4.603705258e-46 3.28947368421e-103
presentst 0.00186020669064 1.88638720209e-103 2.34594688714e-103 1.85513489311e-103 3.28947368421e-103
prevailed 1.86020669064e-103 1.88638720209e-103 2.34594688714e-103 1.85513489311e-103 0.00328947368421
prey 1.86020669064e-103 0.00188638720209 2.34594688715e-103 1.85513868616e-103 3.28947368421e-103
pride 1.86020669064e-103 1.88638720209e-103 2.34594688714e-103 1.85513489311e-103 0.00328947368421
prime 1.86020669064e-103 1.88638720209e-103 2.34594688714e-103 1.85513489311e-103 0.00328947368421
prizing 0.00186020669064 1.88638720209e-103 2.34594688714e-103 1.85513489311e-103 3.28947368421e-103
proceed 1.86020669064e-103 1.88638720209e-103 2.34594688714e-103 1.85513489311e-103 0.00328947368421
process 1.86020669064e-103 0.00188638720209 2.34594688714e-103 1.37280881538e-57 3.28947368421e-103
proclaims 1.86020669064e-103 0.00188638720209 2.34594688714e-103 1.85513489311e-103 3.28947368421e-103
profaned 1.85849394601e-67 0.00377277440417 2.34594691124e-103 5.54160771722e-94 3.28947368421e-103
progress 1.86020669064e-103 1.88638720209e-103 0.00234594688714 5.40945428466e-38 3.28947368421e-103
prone 1.86020669064e-103 1.88638720209e-103 2.34594688714e-103 1.85513489311e-103 0.00328947368421
proud 0.00186020669064 1.88638720209e-103 2.34594688714e-103 1.85513489311e-103 3.28947368421e-103
proudest 1.86020669064e-103 0.00188638720209 2.34594688717e-103 1.85513490593e-103 3.28947368421e-103
proved 0.00186020669064 1.88638720209e-103 2.34594692633e-103 1.88482504246e-103 3.28947368421e-103
pry 1.86020669064e-103 1.88638720209e-103 2.34594688714e-103 1.85513489311e-103 0.00328947368421
purchased 1.86020669064e-103 0.00188638720209 2.34594688714e-103 1.85513489311e-103 3.28947368421e-103
pure 1.86020669064e-103 0.00188638720209 2.34594688714e-103 1.85513489311e-103 3.28947368421e-103
purity 1.86020669064e-103 0.00188638720209 2.34594699015e-103 1.48353042169e-90 3.28947368421e-103
purpose 1.86020669064e-103 0.00188638720209 2.34594688714e-103 1.85513489311e-103 3.28947368421e-103
purposed 4.30518848029e-77 1.88638720209e-103 2.34594688714e-103 0.00185513489311 3.28947368421e-103
rack 1.86020669064e-103 1.88638720209e-103 0.00234594688714 3.96909267912e-33 3.28947368421e-103
raiment 1.86020669064e-103 1.88638720209e-103 0.00234594688714 1.64614621374e-25 3.28947368421e-103
rain 1.86020669064e-103 0.00188638720208 0.00234594688715 1.14615966567e-38 3.28947368421e-103
rearward 1.86020669064e-103 0.00188638720209 8.57978155884e-20 1.29969709637e-37 3.28947368421e-103
reason 0.00186020669064 1.88638720209e-103 2.34594688714e-103 1.85513489311e-103 0.00328947368421
reasons 1.86020669064e-103 0.00188638720209 2.34594688714e-103 1.85513489311e-103 3.28947368421e-103
reckoned 7.93664175356e-72 1.80686246352e-24 2.34594688714e-103 0.00185513489311 3.28947368421e-103
record 1.86020669064e-103 1.88638720209e-103 0.00107740514393 0.00285827612538 3.28947368421e-103
reeks 1.86020669064e-103 1.88638720209e-103 2.34594688714e-103 1.85513489311e-103 0.00328947368421
refined 5.54572441161e-66 1.88638720209e-103 2.34594688714e-103 0.00185513489311 3.28947368421e-103
refuse 1.86020669064e-103 1.88638720209e-103 0.00234594688714 1.59353365724e-25 3.28947368421e-103
refusest 1.86020669064e-103 1.88638720209e-103 2.34594688714e-103 1.85513489311e-103 0.00328947368421
religious 1.86020669064e-103 0.00188638720209 2.34594688714e-103 1.85513489311e-103 3.28947368421e-103
removed 0.00186020669011 1.88638720209e-103 2.79453213569e-84 0.00185513489364 3.28947368421e-103
renewed 1.86020669064e-103 1.88638720209e-103 2.34594688714e-103 1.85513489311e-103 0.00328947368421
rent 1.86020669064e-103 1.88638720209e-103 2.34594688714e-103 1.85513489311e-103 0.00328947368421
rents 1.86020669064e-103 1.88638720209e-103 2.34594688714e-103 1.85513489311e-103 0.00328947368421
repair 1.86020669064e-103 0.00188638720209 2.34594758997e-103 2.86226321296e-27 3.28947368421e-103
report 1.86020669064e-103 1.88638720209e-103 2.34594688714e-103 1.85513489311e-103 0.00328947368421
resemble 1.86020669064e-103 1.88638720209e-103 2.34594688714e-103 1.85513489311e-103 0.00328947368421
resembling 1.86020669064e-103 1.88638720209e-103 0.00234594688714 1.85513489311e-103 3.28947368421e-103
rest 1.86020669064e-103 1.88638720209e-103 2.34594688714e-103 1.85513489311e-103 0.00657894736842
return 1.86020669064e-103 0.00188638720209 2.34594688714e-103 1.85513489311e-103 3.28947368421e-103
revenge 1.86020669064e-103 1.88638720209e-103 0.00234594688714 1.85513489311e-103 3.28947368421e-103
revenues 1.86020669064e-103 1.88638720209e-103 2.34594688759e-103 0.00185513489311 3.28947368421e-103
rich 2.90000385682e-75 0.00377277440417 2.34594688714e-103 7.78036606854e-17 3.28947368421e-103
riches 0.00186020669064 0.00188638720209 1.30692311847e-50 2.35010147519e-61 3.28947368421e-103
ride 1.86020669064e-103 1.88638720209e-103 2.34594688714e-103 1.85513489311e-103 0.00328947368421
rider 1.86020669064e-103 0.00188638720209 2.34594688714e-103 1.85513489311e-103 3.28947368421e-103
right 1.86020669064e-103 0.00188638720209 0.00234594688714 7.07287975035e-34 0.00328947368421
riper 6.74207839358e-101 0.00188638720209 2.34594688714e-103 1.34247832447e-31 3.28947368421e-103
rite 1.86020669064e-103 1.88638720209e-103 2.34594688714e-103 1.85513489311e-103 0.00328947368421
robbed 0.00186020669064 1.88638720209e-103 2.34594688714e-103 1.85513489311e-103 3.28947368421e-103
robs 0.00186020669064 1.88638720209e-103 2.34594688717e-103 3.10711367027e-99 3.28947368421e-103
rondure 1.86020669064e-103 0.00188638720209 2.34594688714e-103 1.85513489311e-103 3.28947368421e-103
root 0.00186020669064 1.88638720209e-103 2.34594688714e-103 1.8551354221e-103 3.28947368421e-103
rose 1.86020669064e-103 0.00188638720209 2.34594705561e-103 9.98643243971e-95 3.28947368421e-103
roses 1.86020669064e-103 1.88638720209e-103 0.00469189377429 3.0506812024e-57 0.00328947368421
rudely 1.86020669064e-103 0.00188638720209 2.34594688714e-103 1.85513489311e-103 3.28947368421e-103
sad 1.86020669064e-103 0.00188638720209 2.34594688715e-103 1.85514191603e-103 3.28947368421e-103
sail 1.86020669064e-103 1.88638720209e-103 0.00234594688714 7.58865944015e-38 3.28947368421e-103
sake 1.86020669064e-103 1.88638720209e-103 0.00234594688616 7.75120896976e-13 3.28947368421e-103
salutation 1.86020669064e-103 3.66023793205e-07 2.34594688765e-103 0.00185477493334 3.28947368421e-103
same 7.05923335575e-85 1.88638720209e-103 2.34594813075e-103 0.00371026978623 0.00328947368421
sauces 0.00186020669064 1.88638720209e-103 2.34594688714e-103 1.85513489311e-103 3.28947368421e-103
saw 1.86020669064e-103 1.88638720209e-103 2.34594823048e-103 0.00185513489311 3.28947368421e-103
say 1.38362990844e-31 0.00377277440417 2.34594698351e-103 5.19903708911e-77 3.28947368421e-103
says 1.86020669064e-103 1.88638720209e-103 2.34594688758e-103 0.00185513489311 3.28947368421e-103
scarcely 0.00186020669064 1.88638720209e-103 2.34594688714e-103 1.85513489311e-103 3.28947368421e-103
scarlet 6.7551721539e-78 1.88638720209e-103 2.34594688714e-103 0.00185513489311 3.28947368421e-103
scope 1.86020669064e-103 0.00188638720209 2.34594688714e-103 1.85513489311e-103 3.28947368421e-103
seals 1.86020669064e-103 0.00188638720209 2.34594718662e-103 5.43473422435e-22 3.28947368421e-103
seas 0.00186020669064 1.88638720209e-103 2.34594688714e-103 8.48669236442e-73 3.28947368421e-103
seasons 1.86020669064e-103 4.30784505006e-07 0.00234541115537 9.64827479096e-36 3.28947368421e-103
second 1.86020669064e-103 0.00188638720209 2.34594688714e-103 1.85513489311e-103 3.28947368421e-103
see 5.65510573089e-16 1.88638720209e-103 2.34594688776e-103 0.00371026978623 0.00328947368421
seeing 1.86020669064e-103 0.00188638720209 2.34594688714e-103 1.85513489311e-103 3.28947368421e-103
seem 0.00372041338127 7.21768832312e-22 2.3459482125e-103 4.42820944751e-29 3.28947368421e-103
seeming 1.86020669064e-103 1.88638720209e-103 0.00234594688714 8.55940870643e-38 3.28947368421e-103
seemly 1.86020669064e-103 0.00188638720209 2.34594688714e-103 1.85513489311e-103 3.28947368421e-103
seen 1.86020669064e-103 1.88638720209e-103 2.34594688714e-103 1.85513489311e-103 0.00328947368421
seldom 1.86020669064e-103 1.88638720209e-103 2.34594688795e-103 0.00185513489311 3.28947368421e-103
self 6.76494595143e-33 7.58949054309e-22 0.00976373387701 0.0219611636238 3.28947368421e-103
sense 1.86020669064e-103 0.00188638720209 2.34594688714e-103 1.85513489311e-103 3.28947368421e-103
sensual 1.86020669064e-103 1.88638720209e-103 0.00234594688714 1.14649155996e-39 3.28947368421e-103
separable 5.12972256491e-65 1.88638720209e-103 2.34594688714e-103 0.00185513489311 3.28947368421e-103
sepulchres 1.86020669064e-103 0.00188638720209 2.34594706819e-103 4.17415034059e-28 3.28947368421e-103
servant 0.00186020669064 1.88638720209e-103 2.34594696663e-103 1.00509266781e-56 3.28947368421e-103
set 1.31626793087e-87 0.00377277440417 2.34594867424e-103 2.66260427999e-16 0.00328947368421
settled 9.37661504688e-103 0.00188638720209 2.34594688714e-103 2.76661627478e-43 3.28947368421e-103
shade 1.86020669064e-103 1.88638720209e-103 0.00234594688714 5.64217615487e-21 3.28947368421e-103
shadow 1.86020669064e-103 0.00188638720209 2.34594688714e-103 1.85513497527e-103 3.28947368421e-103
shadows 0.00186020669064 1.88638720209e-103 3.65805558128e-52 1.28103400372e-77 3.28947368421e-103
shake 1.86020669064e-103 1.88638720209e-103 0.00234594688714 4.73967956033e-40 3.28947368421e-103
shaken 1.86020669064e-103 1.88638720209e-103 2.34594688714e-103 1.85513489311e-103 0.00328947368421
shall 0.00192589033526 2.5822615626e-35 2.34594688714e-103 0.00364476522608 3.28947368421e-103
shalt 0.00186020669064 1.88638720209e-103 2.34594688714e-103 1.85513489311e-103 3.28947368421e-103
shame 1.86020669064e-103 0.00188638720209 2.34594688714e-103 1.85513489311e-103 3.28947368421e-103
shames 1.86020669064e-103 1.88638720209e-103 2.34594861449e-103 0.00185513489311 3.28947368421e-103
shape 1.86020669064e-103 0.003772840412 2.34594688791e-103 0.00185506997886 3.28947368421e-103
share 1.34792159382e-83 0.00188638720209 2.34594688714e-103 2.50996610058e-25 3.28947368421e-103
she 1.86020669064e-103 1.88638720209e-103 2.34594688758e-103 0.00185513489311 3.28947368421e-103
shine 1.86020669064e-103 1.88638720209e-103 2.34594688714e-103 1.85513489311e-103 0.00328947368421
shines 3.01238026413e-77 1.88638720209e-103 2.34594688714e-103 0.00185513489311 3.28947368421e-103
shore 1.86020669064e-103 1.88638720209e-103 2.34594688714e-103 1.85513489311e-103 0.00328947368421
shorn 1.87771332893e-103 0.00188638720209 2.34594688714e-103 4.31661647512e-50 3.28947368421e-103
should 0.00524711834802 1.88638720209e-103 1.04035783262e-28 0.00218772733459 3.28947368421e-103
shouldst 1.01798675153e-61 2.39180393143e-17 2.34594688714e-103 0.00185513489311 3.28947368421e-103
show 7.27784249861e-89 0.00188638720209 2.34594688714e-103 9.04832814772e-31 0.00657894736842
showing 1.13065766506e-14 1.88638720209e-103 0.00234594688713 1.85513489311e-103 3.28947368421e-103
shown 1.86020669064e-103 1.88638720209e-103 2.34594688714e-103 1.85513489311e-103 0.00328947368421
side 1.86020669064e-103 1.88638720209e-103 2.34594688714e-103 1.85513489311e-103 0.00328947368421
sides 1.86020669064e-103 1.88638720209e-103 0.00234594688714 4.74690384741e-38 3.28947368421e-103
siege 1.86020669064e-103 1.88638720209e-103 0.00234594688714 4.30248078803e-24 3.28947368421e-103
sight 1.86020669064e-103 1.88638720209e-103 2.34594688714e-103 1.85513489311e-103 0.00986842105263
simple 0.00186020669064 1.88638720209e-103 2.34594688714e-103 1.85513489311e-103 3.28947368421e-103
since 1.86020669064e-103 1.88638720209e-103 0.00938378754857 9.86708926216e-59 3.28947368421e-103
single 1.86925214605e-103 0.00188638720209 2.34594688714e-103 2.18220577485e-58 3.28947368421e-103
singleness 1.86020669064e-103 0.00188638720209 2.34594688714e-103 5.13064119559e-43 3.28947368421e-103
sinks 1.86020669064e-103 1.88638720209e-103 0.00234594688714 1.85513489311e-103 3.28947368421e-103
sins 5.93693279159e-82 1.88638720209e-103 2.34594813075e-103 0.00371026978623 3.28947368421e-103
skill 1.86020669064e-103 1.88638720209e-103 0.00234594688714 4.16941309197e-40 3.28947368421e-103
sky 1.86020669064e-103 1.88638720209e-103 2.34594688714e-103 1.85513489311e-103 0.00328947368421
sleeping 1.86020669064e-103 1.88638720209e-103 2.34594688758e-103 0.00185513489311 3.28947368421e-103
slow 1.86020669064e-103 1.88638720209e-103 2.34594688714e-103 1.85513489311e-103 0.00328947368421
small 1.86020671165e-103 0.00188638720209 2.34594688714e-103 1.85513571528e-103 3.28947368421e-103
smiling 1.86020669064e-103 0.00188638720209 2.34594688714e-103 1.85513496014e-103 3.28947368421e-103
snowed 1.86020669064e-103 1.88638720209e-103 0.00234594688714 1.04646179152e-34 3.28947368421e-103
so 0.0143482348706 1.88638720209e-103 0.00771054646249 5.10709958448e-79 0.0131578947368
sober 1.07784589829e-93 0.00188638720209 2.34594688714e-103 1.14933667306e-28 3.28947368421e-103
some 0.00186020669064 1.88638720209e-103 0.00234594688714 1.85513489311e-103 3.28947368421e-103
soon 6.78889891469e-28 0.00188638720209 2.34594688735e-103 8.43287874312e-23 3.28947368421e-103
sooner 1.86776175395e-103 0.00188638720209 2.34594688714e-103 9.63988664702e-64 3.28947368421e-103
souls 1.76848039848e-78 1.88638720209e-103 0.000275902987559 0.00349209039685 3.28947368421e-103
sourly 0.00186020669064 1.88638720209e-103 2.34594688714e-103 1.85513489311e-103 3.28947368421e-103
sovereign 0.00195240368453 1.88638720209e-103 2.34594688714e-103 0.00176318927154 3.28947368421e-103
speaking 1.86020669064e-103 1.88638720209e-103 0.00234594688714 1.85513489311e-103 3.28947368421e-103
speed 1.86020669064e-103 1.88638720209e-103 0.000891007756383 0.00300567600878 3.28947368421e-103
spend 1.86020669064e-103 1.88638720209e-103 2.34594688714e-103 1.85513489311e-103 0.00328947368421
spent 1.86020669064e-103 1.88638720209e-103 2.34594688714e-103 1.85513489311e-103 0.00657894736842
spirit 1.86020669064e-103 0.00188638720209 2.34594688758e-103 0.00185513489311 3.28947368421e-103
spite 1.86020669064e-103 1.88638720209e-103 2.34594688714e-103 1.85513489311e-103 0.00328947368421
sport 1.86020669064e-103 1.88638720209e-103 2.34594688714e-103 1.85513489311e-103 0.00328947368421
sportive 3.49654124833e-65 1.88638720209e-103 2.34594688714e-103 0.00185513489311 3.28947368421e-103
spring 1.86020669064e-103 1.88638720209e-103 2.34594688714e-103 1.85513489311e-103 0.00328947368421
stain 1.86020669064e-103 1.88638720209e-103 2.34594688714e-103 1.85513489311e-103 0.00328947368421
stamp 1.86020669064e-103 0.00188638720209 2.34594688714e-103 1.85513489311e-103 3.28947368421e-103
stand 1.86020669064e-103 1.88638720209e-103 2.34594823048e-103 0.00185513489311 0.00328947368421
state 1.86020669064e-103 0.00188638720209 2.34594688714e-103 1.85513489311e-103 3.28947368421e-103
stays 1.86020669064e-103 1.88638720209e-103 2.34594688762e-103 0.00185513489311 3.28947368421e-103
steal 0.00372041326108 1.88638720209e-103 0.00234594703871 1.92767248321e-22 3.28947368421e-103
stealing 1.86020669064e-103 1.88638720209e-103 0.00469189377429 1.85513489311e-103 3.28947368421e-103
steals 0.00186020669064 1.88638720209e-103 2.34594688714e-103 1.85513489311e-103 3.28947368421e-103
steel 1.86020669064e-103 0.00188638720209 2.34594704028e-103 1.06062735681e-58 3.28947368421e-103
steeled 0.00186020669064 1.88638720209e-103 2.34594688714e-103 1.85513489311e-103 3.28947368421e-103
stewards 1.86020669064e-103 1.88638720209e-103 2.34594825933e-103 0.00185513489311 3.28947368421e-103
stickst 1.86020669064e-103 0.00188638718248 2.34594954004e-103 1.92847041777e-11 3.28947368421e-103
still 6.23780745853e-69 1.88638720209e-103 0.00667232268858 0.00214418028847 3.28947368421e-103
stoln 0.00186020669064 1.88638720223e-103 2.34594688714e-103 1.85513489363e-103 3.28947368421e-103
stop 2.07438719482e-103 0.00188638720209 2.34594688714e-103 3.1704637263e-45 3.28947368421e-103
stops 0.00186020669064 1.88638720209e-103 2.34594688714e-103 1.85513489311e-103 3.28947368421e-103
store 1.86020669064e-103 1.88638720209e-103 2.34594688758e-103 0.00185513489311 0.00657894736842
storm 0.00186020669064 1.88638720209e-103 2.34594688714e-103 1.85513489311e-103 3.28947368421e-103
story 1.86020669064e-103 1.88638720209e-103 2.34594688714e-103 1.85513489311e-103 0.00657894736842
strange 1.86020669064e-103 2.79986415703e-58 2.34594688795e-103 0.00185513489311 0.00657894736842
strangely 9.96114018636e-10 1.88638720209e-103 2.34594937436e-103 0.00185513389971 3.28947368421e-103
strangle 1.86020669064e-103 0.00188638720209 2.34594688714e-103 1.85513489311e-103 3.28947368421e-103
strength 1.86020669064e-103 1.88638720209e-103 2.34594688758e-103 0.00185513489311 3.28947368421e-103
strong 0.00384481816299 0.00176023154998 2.3459468872e-103 1.40014759545e-59 3.28947368421e-103
struck 1.68796990283e-58 0.00188638720209 2.34594724406e-103 3.52083012156e-33 3.28947368421e-103
strumpeted 1.86020669064e-103 1.88638720209e-103 2.34594688714e-103 1.85513489311e-103 0.00328947368421
subdued 1.86020669064e-103 1.88638720209e-103 2.34594688714e-103 1.85513489311e-103 0.00328947368421
subject 1.86020669064e-103 0.00188638720209 2.34594688746e-103 1.85513506624e-103 3.28947368421e-103
subsist 1.86020669064e-103 1.88638720209e-103 2.34594688714e-103 1.85513489311e-103 0.00328947368421
substantial 1.88182420455e-62 1.88638720209e-103 2.34594688714e-103 0.00185513489311 3.28947368421e-103
such 1.86705550819e-103 0.0046486228074 0.00469189377503 0.000993796916894 3.28947368421e-103
suffered 1.86020669064e-103 0.00188638720209 2.34594688714e-103 1.85513489311e-103 3.28947368421e-103
suffers 1.86020669064e-103 1.88638720209e-103 2.34594688795e-103 0.00185513489311 3.28947368421e-103
suffring 7.43695871498e-34 1.88638720209e-103 0.00234594688714 1.85513489311e-103 3.28947368421e-103
sum 1.86020669064e-103 0.00188638720209 2.34594688714e-103 1.85513489311e-103 3.28947368421e-103
summers 0.00186020669064 1.88638720209e-103 2.34594688714e-103 1.85513489311e-103 3.28947368421e-103
sums 1.86020669065e-103 0.00188638720209 2.34594693312e-103 5.89223543674e-67 3.28947368421e-103
sun 0.00186020669063 0.00188638720209 2.34594688715e-103 1.87335604543e-103 0.00328947368421
suns 1.86020692472e-103 0.00188638720209 2.34594688714e-103 1.85513984044e-103 3.28947368421e-103
sunset 0.00186020669064 1.88638720209e-103 2.34594688714e-103 1.85513489311e-103 3.28947368421e-103
suppressed 1.86020669064e-103 1.88638720209e-103 2.34594688714e-103 1.85513489311e-103 0.00328947368421
surmount 1.86020669064e-103 1.88638720209e-103 2.34594688714e-103 1.85513489311e-103 0.00328947368421
sway 1.02626749043e-66 1.88638720209e-103 2.34594688714e-103 0.00185513489311 3.28947368421e-103
swear 0.00186020669061 1.88638720209e-103 2.34594688779e-103 2.08640391393e-14 3.28947368421e-103
sweet 9.28487480848e-41 6.36454279194e-20 0.00568055009064 0.0047835920817 0.00328947368421
swerving 1.86020669064e-103 1.88638720209e-103 2.34594688714e-103 1.85513489311e-103 0.00328947368421
swift 0.00372041338127 1.88638720209e-103 2.34594688714e-103 1.85513489311e-103 3.28947368421e-103
taken 1.86020669064e-103 1.88638720209e-103 2.34594688714e-103 1.85513489311e-103 0.00328947368421
taker 1.86020685425e-103 0.00188638720209 2.34594688714e-103 1.85513835119e-103 3.28947368421e-103
taste 1.86020669064e-103 1.88638720209e-103 0.00234594688714 2.07114609884e-24 3.28947368421e-103
taught 0.00186020669064 1.88638720209e-103 2.34594688724e-103 4.25481363349e-56 3.28947368421e-103
teeming 1.86020669064e-103 0.00188638720209 2.34594688714e-103 1.85513489311e-103 3.28947368421e-103
tell 9.07124223823e-66 0.00188638720209 2.34594745124e-103 2.36939391455e-43 3.28947368421e-103
tempests 1.86020669064e-103 0.00188638720209 2.34594692876e-103 2.06194991757e-103 3.28947368421e-103
tempteth 0.00186020669064 1.88638720209e-103 2.3459485896e-103 1.85513489311e-103 3.28947368421e-103
ten 1.86020669064e-103 0.00188638720209 0.00234594688714 2.80546965665e-35 3.28947368421e-103
tender 0.00186020669064 0.00377277440417 2.34594688714e-103 1.85513489353e-103 3.28947368421e-103
tenure 1.86020669064e-103 1.88638720209e-103 2.34594696691e-103 0.00185513489311 3.28947368421e-103
th 0.00558062007191 1.88638720209e-103 2.34594688714e-103 1.85513489311e-103 3.28947368421e-103
than 0.0109424086838 1.88638720209e-103 0.00965976063533 2.47964835959e-31 3.28947368421e-103
that 0.0249703599223 0.00743350673683 0.0528313411275 0.00763517668835 3.28947368421e-103
the 0.1086083216 0.0294553779381 3.65438070418e-64 3.95426536298e-07 3.28947368421e-103
thee 7.2363138624e-61 0.0260105545215 2.34594724041e-103 0.00224739307021 0.0197368421053
their 4.33587668904e-64 0.0110622360712 0.0132720000965 0.00274251680945 3.28947368421e-103
them 0.00190042712621 1.88638800554e-103 2.34594688755e-103 0.00367015901046 3.28947368421e-103
then 1.86020669064e-103 4.59309684105e-37 0.00488448410405 0.00541310752258 3.28947368421e-103
thence 0.00186020669064 1.88638720209e-103 2.34594688714e-103 1.85513506901e-103 3.28947368421e-103
there 0.00186020669064 0.00188638720209 2.34594707429e-103 3.58329675743e-45 0.00328947368421
therefore 1.86020669064e-103 4.54139469875e-08 0.00469183729664 5.83087284501e-38 3.28947368421e-103
these 5.68574150868e-23 0.00377277440417 2.34594698162e-103 8.75401447842e-54 3.28947368421e-103
they 0.00571052880494 1.88638720209e-103 2.34594760731e-103 0.00358071524544 3.28947368421e-103
thief 1.86020669064e-103 1.88638720209e-103 2.34594688714e-103 1.85513489311e-103 0.00328947368421
thievish 1.86020669064e-103 0.00188638720209 2.34594688714e-103 1.85513489311e-103 3.28947368421e-103
thine 1.0142133532e-90 0.0113183232125 2.3459471094e-103 8.3487982147e-21 0.00328947368421
thing 0.00186020669064 1.88638720209e-103 2.34594688714e-103 1.85513489311e-103 3.28947368421e-103
things 9.32026906126e-81 2.10057090621e-40 2.34594688755e-103 0.00371026978623 0.00328947368421
think 2.19810638402e-103 1.3421810241e-48 2.3459468996e-103 0.00556540467934 3.28947368421e-103
thinking 1.86020669064e-103 1.88638720209e-103 2.34594688778e-103 0.00185513489311 3.28947368421e-103
this 6.10946210468e-35 0.0113183232125 2.34594716347e-103 9.57335896521e-39 3.28947368421e-103
those 1.86020669064e-103 0.00319811224548 2.34594720054e-103 0.0024202764617 3.28947368421e-103
thou 0.00718481291789 5.71761902328e-51 0.00234594708508 0.0243720692846 3.28947368421e-103
though 1.86020669064e-103 1.88638720209e-103 0.00703784066274 0.00185513489208 3.28947368421e-103
thought 0.00372041338127 1.88638720209e-103 2.34594717529e-103 1.78677031854e-57 3.28947368421e-103
thoughts 1.86020669064e-103 2.94991082833e-05 0.00230926123683 7.86858077951e-25 3.28947368421e-103
three 0.00186020669064 1.88638720209e-103 2.34594688714e-103 1.85513489311e-103 3.28947368421e-103
threescore 1.86020669064e-103 1.88638720209e-103 2.34594688795e-103 0.00185513489311 3.28947368421e-103
thrice 1.86020669064e-103 1.88638720209e-103 2.34594688758e-103 0.00185513489311 3.28947368421e-103
thriftless 5.54903935908e-77 1.88638720209e-103 2.34594688714e-103 0.00185513489311 3.28947368421e-103
thrivers 1.86020669064e-103 0.00188638720209 2.34594688714e-103 1.85513489311e-103 3.28947368421e-103
thunder 1.89218523545e-103 0.00188638720209 2.34594688714e-103 1.85513490813e-103 3.28947368421e-103
thus 1.86020669064e-103 1.88638720209e-103 0.00379199120385 0.00256676253821 3.28947368421e-103
thy 1.63468771162e-85 0.0357877656147 0.0179209769243 0.0192735277294 3.28947368421e-103
tied 1.86020669064e-103 1.88638720209e-103 2.34594688714e-103 1.85513489311e-103 0.00328947368421
till 1.86020669064e-103 0.00272718208457 2.3459470131e-103 0.00102826969665 3.28947368421e-103
tillage 1.86020669064e-103 0.00188638720209 2.34594688715e-103 1.85514133223e-103 3.28947368421e-103
time 6.04855215475e-38 0.000381741936445 0.000931834099659 0.0100185132934 0.00986842105263
times 0.00372041338127 1.88638720209e-103 2.34594688714e-103 1.85513489311e-103 3.28947368421e-103
tincture 1.86020669064e-103 1.88638720209e-103 0.00234594688714 1.23996340969e-24 3.28947368421e-103
tires 1.86020669064e-103 1.88638720209e-103 0.00234594688714 4.8262071713e-39 3.28947368421e-103
to 0.0713186355705 2.22287895853e-83 0.00562089381748 0.0357389989106 3.28947368421e-103
toil 1.86020669064e-103 0.00188638720209 2.34594688714e-103 1.85513489311e-103 3.28947368421e-103
told 1.86020669064e-103 1.88638720209e-103 2.34594688714e-103 1.85513489311e-103 0.00328947368421
tongue 1.89849782208e-103 0.00188638720209 2.34594691154e-103 3.35751355859e-83 0.00328947368421
tongues 2.18582036675e-26 1.88638720209e-103 2.34594937436e-103 0.00185513489311 3.28947368421e-103
too 3.56544248568e-69 1.88638720209e-103 0.00174517657671 0.00233021383533 3.28947368421e-103
torment 1.86020669064e-103 1.88638720209e-103 0.00234594688714 1.85513489311e-103 3.28947368421e-103
torture 1.88630668846e-103 0.00188638720209 2.34594688714e-103 5.36489481162e-46 3.28947368421e-103
touched 1.86020669064e-103 0.00188638720209 2.34594688714e-103 1.85513489311e-103 3.28947368421e-103
touches 1.86020669064e-103 0.00377277440417 2.34594688714e-103 1.85513489311e-103 3.28947368421e-103
translated 1.86020669064e-103 1.88638720209e-103 0.00234594688714 1.05488630991e-34 3.28947368421e-103
transport 2.03405583592e-63 0.00188638720209 2.3459477327e-103 7.2214761074e-38 3.28947368421e-103
travail 1.86020669064e-103 0.00188638720209 2.34594688715e-103 1.85514191603e-103 3.28947368421e-103
travels 0.00186020669064 1.88638720209e-103 2.34594688714e-103 1.85513489311e-103 3.28947368421e-103
treason 1.86020669064e-103 1.88638720209e-103 2.34594688714e-103 1.85513489311e-103 0.00328947368421
treasure 1.86020669064e-103 0.00377277440417 7.50844044937e-52 3.99692464942e-70 0.00328947368421
trespass 1.86020669064e-103 1.88638720209e-103 2.34594919663e-103 0.00185513489311 3.28947368421e-103
triumph 1.86020669064e-103 1.88638720209e-103 0.00234594688714 1.85513489311e-103 3.28947368421e-103
true 0.00189815735259 0.00646745288147 2.34594725778e-103 0.00287752251 0.00328947368421
truth 1.86020669064e-103 0.00565916158446 0.00234594691426 5.95032025937e-89 3.28947368421e-103
truths 1.86020669064e-103 0.00188638720209 2.34594688714e-103 1.85513497969e-103 3.28947368421e-103
twenty 1.86020669064e-103 0.00188638720209 2.34594688714e-103 1.85513489311e-103 3.28947368421e-103
twixt 0.00186020669064 1.88638720209e-103 2.34594688714e-103 1.85513489311e-103 3.28947368421e-103
ugly 1.86020669064e-103 0.00188638720209 2.34594688714e-103 1.85513493608e-103 3.28947368421e-103
under 1.86020669064e-103 1.88638720209e-103 0.00234594688714 1.85513489311e-103 3.28947368421e-103
unions 1.86020669064e-103 0.00188638720209 2.34594688714e-103 1.85513489311e-103 3.28947368421e-103
unknown 0.00186020669064 1.88638720209e-103 2.34594688714e-103 1.85513595108e-103 3.28947368421e-103
unlettered 1.86020669064e-103 0.00188638720209 2.34594688714e-103 1.85513489311e-103 3.28947368421e-103
unseeing 1.86020674164e-103 0.00188638720209 2.34594750915e-103 1.42349381982e-28 3.28947368421e-103
unseen 1.86020669064e-103 1.88638720209e-103 2.34594688758e-103 0.00185513489311 3.28947368421e-103
unset 1.86020669064e-103 1.88638720209e-103 2.34594688714e-103 1.85513489311e-103 0.00328947368421
unstained 7.53941522075e-66 1.88638720209e-103 2.34594688714e-103 0.00185513489311 3.28947368421e-103
untrimmed 1.86020669064e-103 1.88638720209e-103 2.34594688714e-103 1.85513489311e-103 0.00328947368421
up 0.00372041338127 1.88638720209e-103 9.1606205822e-37 1.02281328705e-55 3.28947368421e-103
upon 0.0111612401438 1.886387208e-103 2.34596995061e-103 7.45858585882e-62 0.00328947368421
us 1.86020669064e-103 0.00188638720209 2.34594688714e-103 1.85513489311e-103 3.28947368421e-103
usest 1.86020669064e-103 1.88638720209e-103 2.34594688714e-103 1.85513489311e-103 0.00328947368421
vanished 1.86020669064e-103 0.00188638720209 2.34594688714e-103 1.85513489311e-103 3.28947368421e-103
verse 2.61791877188e-62 1.88638720209e-103 2.34594688714e-103 0.00185513489311 3.28947368421e-103
very 1.86020678361e-103 0.00565916160626 2.34594688725e-103 1.8551369102e-103 3.28947368421e-103
virgin 1.86020669064e-103 0.00188638720209 2.34594688714e-103 1.85513489311e-103 3.28947368421e-103
virtue 0.00186020669064 1.88638720209e-103 2.34594688714e-103 1.85513489311e-103 3.28947368421e-103
vision 0.00186020669064 1.88638720209e-103 2.34594688714e-103 1.85513489311e-103 3.28947368421e-103
vouchsafe 1.86020669064e-103 0.00188638720209 2.34594688714e-103 1.85513489311e-103 3.28947368421e-103
vows 1.86020669064e-103 0.00188638720209 2.34594688714e-103 1.85513489311e-103 3.28947368421e-103
vulgar 9.38104720477e-67 1.88638720209e-103 2.34594688714e-103 0.00185513489311 3.28947368421e-103
wanting 1.86020669064e-103 0.00188638720209 2.34594688714e-103 1.85513496761e-103 3.28947368421e-103
warmed 1.86020669064e-103 1.88638720209e-103 2.34594688714e-103 1.85513489311e-103 0.00328947368421
was 2.83329401205e-18 1.32266003149e-53 0.0040275364836 0.0060907671239 3.28947368421e-103
watch 1.86020669064e-103 0.00188638720209 2.34594749243e-103 1.09051153781e-25 3.28947368421e-103
water 1.86020669064e-103 1.88638720209e-103 2.34594865862e-103 0.00185513489311 3.28947368421e-103
we 1.86020669064e-103 0.00188638720209 2.34594688714e-103 1.85513495059e-103 3.28947368421e-103
wear 0.00186020669064 1.88638720209e-103 2.34594688733e-103 6.41826999033e-24 3.28947368421e-103
weed 1.86020669064e-103 1.88638720209e-103 2.34594688714e-103 1.85513489311e-103 0.00328947368421
weigh 1.86020669064e-103 0.00188638720209 2.34594688714e-103 1.85513497969e-103 3.28947368421e-103
weight 1.86020669064e-103 4.85370451965e-40 2.34594697494e-103 0.00185513489311 3.28947368421e-103
well 1.86417755666e-103 0.00377277421664 0.00234594712036 1.21743255291e-28 3.28947368421e-103
were 0.00390489594672 1.88638720209e-103 2.34594688714e-103 0.00167115531382 0.00328947368421
west 1.86020669064e-103 0.00188638720209 2.34594722309e-103 1.60971634873e-42 0.00657894736842
what 9.77838519069e-30 0.00384740148296 0.0116369267857 1.33855248722e-43 3.28947368421e-103
whateer 1.86020669064e-103 1.88638720209e-103 2.34594937415e-103 0.00185513489311 3.28947368421e-103
when 2.89333935324e-62 1.36901292548e-26 0.0258054157586 1.29892327638e-44 3.28947368421e-103
where 1.38609772184e-37 8.94791076609e-22 0.0105286994928 0.00466002778916 0.00328947368421
wherein 2.52394241547e-26 1.88638720209e-103 0.00234594688714 1.85513489311e-103 3.28947368421e-103
whereof 1.86020669064e-103 0.00188638720209 2.34594688714e-103 1.85513489311e-103 3.28947368421e-103
whereto 1.86020669064e-103 1.88638720209e-103 0.00469189377429 1.85513489311e-103 3.28947368421e-103
whereupon 1.88024546058e-11 1.88638720209e-103 0.00234594686343 1.47388273363e-38 3.28947368421e-103
wherewith 1.86020669064e-103 1.88638720209e-103 0.00234594688714 1.35483125023e-36 3.28947368421e-103
which 3.56881208447e-64 2.21027489253e-25 0.0304973095329 3.35152223928e-26 3.28947368421e-103
whilst 3.29728559487e-26 1.88638720209e-103 0.00469189377429 1.85513489311e-103 3.28947368421e-103
white 1.86020669064e-103 0.00188638720209 2.3459469051e-103 4.2306942112e-98 3.28947368421e-103
whom 1.86020669064e-103 0.00188638720209 2.34594688714e-103 1.85513489311e-103 3.28947368421e-103
whose 1.86020669064e-103 1.88638720209e-103 0.00469189377429 1.72393274726e-57 3.28947368421e-103
widowed 1.86020669064e-103 8.40701126924e-09 2.34594688758e-103 0.00185512662538 3.28947368421e-103
wilful 1.86020669064e-103 0.00188638720209 2.34594688714e-103 1.85513489311e-103 3.28947368421e-103
wilfully 9.38419250648e-89 0.00188638720209 2.34594688714e-103 2.68095697795e-28 3.28947368421e-103
will 7.85901466796e-98 1.88638720209e-103 0.00771589129274 0.0105946184533 3.28947368421e-103
willing 1.86020684129e-103 0.00188638720209 2.34594688714e-103 1.85513807715e-103 3.28947368421e-103
willingly 1.87739529018e-103 0.00188638720209 2.34594688714e-103 3.6291966567e-47 3.28947368421e-103
wills 1.86020669064e-103 0.001886387189 0.00234594690342 4.00992026984e-18 3.28947368421e-103
wilt 1.86020669064e-103 3.4953245422e-07 2.34594823065e-103 0.00185479115146 3.28947368421e-103
win 1.86020669064e-103 0.00188638720209 2.34594688714e-103 1.85513489311e-103 3.28947368421e-103
wind 1.86020669064e-103 1.88638720209e-103 2.34594688714e-103 1.85513489311e-103 0.00328947368421
windows 1.86020669064e-103 0.00188638720209 2.34594688714e-103 1.85513490789e-103 3.28947368421e-103
winged 1.86020669064e-103 0.00188638720209 2.34594688714e-103 5.88688592812e-56 3.28947368421e-103
wink 1.86020669064e-103 0.00188638720209 2.34594758269e-103 2.97118953406e-38 3.28947368421e-103
winter 1.86020669064e-103 1.88638720209e-103 0.00234594688714 6.46612302515e-35 3.28947368421e-103
wish 1.86020669064e-103 1.88638720209e-103 2.34594926091e-103 0.00185513489311 3.28947368421e-103
with 0.0375729983245 1.88638720209e-103 0.00148653290183 0.0095874256125 3.28947368421e-103
without 0.00372041338127 1.88638720209e-103 2.34594688714e-103 1.85513489311e-103 3.28947368421e-103
woe 1.86020669064e-103 1.88638720209e-103 2.34594688714e-103 1.85513489311e-103 0.00657894736842
wombs 0.00186020669064 1.88638720209e-103 2.34594736696e-103 1.87031898858e-103 3.28947368421e-103
womens 1.86020669064e-103 1.88638720209e-103 2.34594937437e-103 0.00185513489311 3.28947368421e-103
wondrous 1.87814160032e-103 0.00188638720209 2.34594688714e-103 1.41263740879e-46 3.28947368421e-103
wont 1.86020669064e-103 1.88638720209e-103 2.34594823048e-103 0.00185513489311 3.28947368421e-103
woods 1.86020669064e-103 0.00188638720209 2.34594688714e-103 1.85513489311e-103 3.28947368421e-103
wooed 1.86020669064e-103 0.00188638720209 2.34594802189e-103 4.42681430339e-48 3.28947368421e-103
wooing 1.86020669064e-103 1.88638720209e-103 0.00234594688714 1.85513489311e-103 3.28947368421e-103
words 1.86020669064e-103 1.88638720209e-103 0.00234594688714 8.70034249608e-24 3.28947368421e-103
work 1.86020669064e-103 0.00188638720209 2.34594688715e-103 1.85513874399e-103 3.28947368421e-103
world 1.86020673187e-103 0.00754554880835 1.70807682887e-85 1.87941203713e-103 3.28947368421e-103
worse 1.86020669064e-103 1.88638720209e-103 2.34594688795e-103 0.00185513489311 3.28947368421e-103
worst 0.00186020669064 1.88638720209e-103 1.02705168315e-93 1.88742936679e-26 3.28947368421e-103
worth 0.00193379825971 0.00181175973962 1.67836637746e-54 0.00371026995058 3.28947368421e-103
worthier 1.01370477423e-99 0.00188638720209 2.34594688714e-103 2.32051366248e-32 3.28947368421e-103
worths 1.78988735934e-82 9.35889216604e-44 2.34594688736e-103 0.00371026978623 3.28947368421e-103
worthy 1.86020669064e-103 1.88638720209e-103 0.00234594688758 0.00185513489277 3.28947368421e-103
would 0.00532687421808 1.88638720209e-103 2.3459470536e-103 0.00210818891651 3.28947368421e-103
wound 1.86020669064e-103 0.00188638720209 2.34594688714e-103 1.85513508747e-103 3.28947368421e-103
wrackful 1.86020669064e-103 0.00188638720209 2.34594688717e-103 1.85513490606e-103 3.28947368421e-103
wrinkles 1.35666877747e-67 1.88638720209e-103 2.34594688714e-103 0.00185513489311 3.28947368421e-103
writ 0.00106578757132 5.94455592427e-25 2.34594691513e-103 0.00264738805262 3.28947368421e-103
wrong 1.86020669064e-103 1.88638720209e-103 2.34594688714e-103 1.85513489311e-103 0.00328947368421
year 1.73035749293e-84 1.88638720209e-103 2.34594760225e-103 0.00371026978623 3.28947368421e-103
yet 1.46990648203e-31 1.57146882334e-15 0.00625609527441 0.00432846074056 3.28947368421e-103
yhave 0.00186020669064 1.88638720209e-103 2.34594688714e-103 1.85513489311e-103 3.28947368421e-103
you 0.00220992518193 3.81665572432e-18 3.17791575624e-10 0.0219128534717 0.00657894736842
your 2.89196174568e-60 0.0144965310855 3.11044418972e-17 0.0154257953247 3.28947368421e-103
yours 1.86020669064e-103 0.00188638720209 2.34594688714e-103 1.85513489311e-103 3.28947368421e-103
youth 1.86020669064e-103 0.00188638720209 2.34594688714e-103 1.85513489311e-103 3.28947368421e-103
zealous 0.00186020669064 1.88638720209e-103 2.34594688714e-103 1.85513489311e-103 3.28947368421e-103
