1.518558423882248290e-11 2.493939584602461457e-02 1.039142997108365867e-07 1.866049813137360402e-01 1.558232170148050660e-29 3.070392861247127303e-27 6.555779521626899919e-01 8.523579577750069238e-49 6.286442380320762351e-09 9.607690069735590111e-16 3.585417934949620079e-103 1.328775604616207195e-01
2.983199130093256176e-14 4.606202898791654046e-22 1.300905731266607801e-02 5.404353403218501105e-14 1.177517376378260510e-65 8.367736529608741183e-20 3.454357129476926386e-21 2.843286379087433793e-19 2.761088334698391655e-01 7.108821092174107958e-01 4.751552809667678972e-103 1.461036884225413721e-16
9.621108630626420352e-15 4.209359706058985774e-03 1.217365744640445425e-03 1.194923056535850461e-25 2.118455023292678492e-55 9.232093065874565687e-36 5.243992289211154428e-03 3.113768885291901250e-03 1.001851257981827004e-01 8.438863098651475103e-02 3.041683092840755829e-103 8.016417565900904041e-01
6.010001135138360873e-01 3.061374121132150911e-31 8.497338772732574848e-18 3.989992869483993676e-01 7.971162667490211951e-41 3.904364243289483190e-27 1.973332644908070072e-15 4.358730935266474215e-39 5.605633125745852766e-13 4.765975133532258225e-20 6.151415175002166410e-103 5.995372021242271179e-07
1.458704219988100474e-15 2.928060178338292574e-01 4.744368906261094214e-46 8.140235121423997078e-02 4.252366321563570571e-43 1.948579085227211200e-06 4.172124371631115149e-40 4.162072344385444557e-30 7.080628442265512794e-29 6.257896823728441582e-01 6.573330611055164936e-103 6.573330611055164936e-103
1.644810396925624335e-02 7.583768766259849636e-01 7.112383501061063036e-39 1.215225431663005499e-02 1.121418171034561682e-36 2.916383621661708045e-02 1.416463565900382381e-02 1.696942932125078407e-01 6.196277079833743371e-30 1.114509121739153777e-23 5.278202286942771107e-103 1.525219191892363855e-56
1.419078422394209872e-15 1.959486387982515943e-24 9.369097652217632799e-01 2.519581002485878575e-23 9.829973531486652705e-22 5.675803006014795814e-24 5.314752878019148724e-02 3.228081106738188331e-15 5.181532536127569238e-18 1.052241747851659400e-27 2.935270701908816186e-103 9.942705998040566456e-03
4.053699040946940156e-38 7.260437794224215035e-19 5.481697224100193870e-56 1.415217455516342594e-20 2.150508132695425641e-59 9.237129349415256208e-01 4.973634930277862129e-48 5.521353669511507717e-02 2.107352836335943391e-02 5.586930864819595319e-37 5.022012740444391012e-103 2.630051551297167444e-74
7.534897617874662945e-01 1.769573117770442597e-23 4.801382676153489347e-10 2.116940015101315995e-17 2.358647384308051776e-46 4.202807724444339819e-20 2.371916674426518268e-01 9.315659800231789259e-03 2.910489511759907228e-06 1.348392380409386832e-19 4.230945331492393188e-103 1.804349389996115065e-22
2.706642667891811478e-19 5.097080325214713853e-02 2.361716076092408578e-02 1.136266298923159362e-01 2.142057173172151343e-31 5.389688808761764546e-24 2.908143146792492306e-01 3.241236820128355189e-03 5.177298531464888942e-01 1.448746421598902035e-09 3.668972796371893932e-103 1.202639591035452295e-17
3.089946590746430466e-52 1.121549141447201108e-21 4.318876503769837294e-81 3.377811494112497762e-46 5.004272383132869484e-01 4.585696660163973989e-26 5.779718051519670646e-97 4.995727616867130516e-01 1.605646993209120996e-59 1.885337215387231652e-59 3.289473684210526616e-103 3.289473684210526616e-103
0.000000000000000000e+00 0.000000000000000000e+00 0.000000000000000000e+00 0.000000000000000000e+00 0.000000000000000000e+00 0.000000000000000000e+00 0.000000000000000000e+00 0.000000000000000000e+00 0.000000000000000000e+00 0.000000000000000000e+00 0.000000000000000000e+00 0.000000000000000000e+00
