8.065195800709145175e-11 8.438477842238892856e-01 5.167170849962542632e-03 2.160643798211680773e-15 1.300500749063992489e-01 2.306381546977807154e-10 2.781311543751546455e-46 1.165637100475954830e-26 2.093496970845670074e-02 2.029057764495327291e-18 4.535359472234615795e-103 1.570262490991107558e-25
2.077297218648996580e-01 2.311387351260088888e-02 8.779316478010955092e-25 1.000604768300162976e-02 5.537124302720604372e-22 2.057750535405158607e-02 4.663430109086722951e-32 3.293037256110083551e-33 1.762154243996276710e-27 7.385728515852512110e-01 3.054409322334007086e-103 1.950635425216763519e-13
4.153668458510305378e-29 2.829057020352480693e-41 5.879357652839112023e-07 4.099795759692970025e-14 6.780802427656831234e-17 6.158104612003309141e-49 1.014694249538535403e-16 3.452455761081464018e-03 1.609226598323081809e-30 4.882158809378332742e-03 3.290313384493325035e-103 9.916647974937337073e-01
2.989409583616993627e-29 3.009107027299812762e-22 5.197822198219737011e-01 4.238293990191377425e-01 1.578430132762402807e-19 1.135226844600187365e-31 3.668567985174115878e-57 5.241368183665685087e-28 4.571416410154364600e-21 5.638838115888844538e-02 3.079526073957409265e-103 1.001629248917010092e-16
5.208651562265349243e-19 4.183724643356652520e-11 1.465100015171033887e-01 8.298197127529032269e-01 5.410983574011404741e-07 1.913588982975452865e-02 4.533854760044222360e-03 5.115917753115463162e-63 1.205415109506361490e-17 1.005852813996636706e-27 4.514276057249871801e-103 1.013039132644781886e-22
6.860626893250350022e-01 2.176865028719574269e-01 4.890582759471394918e-44 7.814402392684308372e-08 8.984014361976795648e-02 6.394723967329441969e-03 5.339270094031748991e-18 1.687764814292356664e-07 2.127436174627009024e-21 1.569329530738764058e-05 5.252888689837593282e-103 9.740873076034914958e-14
1.306667085190686275e-32 1.992117391580858557e-02 3.268285148750708972e-54 4.925395382582873406e-37 1.096280756967163811e-20 9.300974436914968280e-01 4.693106920752252712e-19 1.523147392808990074e-67 3.731693744708036154e-43 4.998138239269458299e-02 5.816163949917303283e-103 5.819504990098749781e-103
5.634924210769569585e-27 7.749665477431878311e-10 2.920493489062399710e-77 1.321357335884404698e-39 8.948899715500902949e-48 2.292752089509532409e-33 1.014916113097454607e-53 1.167308029657003279e-85 9.999999992250334646e-01 5.676475611861426642e-33 6.423211297693903535e-103 3.963275764634412900e-78
1.364502863136621280e-01 5.545930652295117946e-01 4.245568129973636279e-02 4.902708713406230364e-13 1.491108484420820586e-24 1.139236851323431055e-01 6.503184099167258690e-28 2.070366147320971187e-36 1.360620730424365432e-16 1.525772820242561889e-01 6.238252179440769450e-103 1.124713960862625945e-91
9.108914916374406214e-27 1.028276951423897204e-18 3.215150941776510063e-01 1.773471528581477887e-16 5.964322138661098949e-01 1.296696751790928162e-07 2.311439247052564487e-16 7.319190087075505557e-02 2.600509517555836348e-34 1.456076848582916650e-18 3.393801285359237165e-103 8.860661415808409117e-03
4.059733316510754869e-26 1.037569260158846315e-23 3.291647808101594795e-103 5.151823170516650172e-65 6.571725118355915693e-58 1.869145474604987935e-55 5.622707022874121607e-01 4.377292977125878393e-01 5.394644885078299085e-38 8.583259566431810737e-58 3.289473684210526616e-103 3.289473684210526616e-103
0.000000000000000000e+00 0.000000000000000000e+00 0.000000000000000000e+00 0.000000000000000000e+00 0.000000000000000000e+00 0.000000000000000000e+00 0.000000000000000000e+00 0.000000000000000000e+00 0.000000000000000000e+00 0.000000000000000000e+00 0.000000000000000000e+00 0.000000000000000000e+00
