1.844796932660636159e-30 5.517423363397805369e-01 3.164616305509172580e-29 2.767149805269478366e-58 8.719211541811523434e-22 4.764128196879637879e-03 9.972862534101574257e-29 9.674264995829604599e-36 6.874248285810141985e-32 4.434935354633397497e-01 3.185655174775292851e-103 4.125171626293274169e-27
4.168386225914983615e-37 1.935362287110927864e-41 1.643181743337295113e-37 1.027791707661194971e-55 2.701592093534690292e-02 4.107659284178936268e-33 6.101325642835562224e-01 2.965032927995177344e-54 3.628515147810968955e-01 2.166446574677884356e-25 5.611014080723331563e-103 5.294652355490315723e-55
1.236251269028272592e-02 2.228867588509362748e-28 3.197187783942280244e-47 1.896453821269514188e-66 1.051911316009156008e-24 1.244470038174981681e-27 9.876374873097173435e-01 6.550970598244097276e-37 1.795893270069794384e-31 3.387908282456034302e-34 1.003752748186372919e-102 9.063751348321597867e-88
2.489463046322434592e-01 1.764424737816690583e-02 5.495306850558984476e-14 4.397886181320977330e-44 2.907103270154794154e-64 1.465283479244569575e-09 2.532439802166062706e-30 7.334094465242512184e-01 1.938796320463964994e-50 1.223250712978207826e-26 3.511273170218694397e-103 3.511273170218694397e-103
3.313655415177205697e-15 2.065155166721017031e-13 8.440305992795718716e-46 4.740542580087460110e-91 1.930263854225164610e-01 1.410014181852217445e-43 5.291499733835243112e-32 8.703214651104208160e-68 7.810554804716426380e-01 6.412702557479875235e-29 2.992173393704726522e-103 2.591813410563089184e-02
4.345573014932431199e-01 4.869429476200667169e-30 1.650866852699750531e-01 2.084984869305405174e-56 1.581746203178765222e-27 3.738539880165951956e-01 2.237805390952396847e-02 1.507409898978052140e-18 2.742091481523727085e-40 3.087193467973495844e-23 4.121027247270750571e-103 4.123971310662638556e-03
1.979268048478110276e-01 1.072474737833803737e-24 4.579560583738147284e-02 1.682756819382255651e-74 7.562775878144151198e-01 4.292940707537880314e-47 9.347724108251172644e-10 3.363448881719801139e-50 5.656200338485250975e-10 4.797630986049298703e-21 4.596663913549160382e-103 5.498345439020316292e-24
2.439656946180480679e-01 3.180176630201022816e-19 1.189815006262170786e-02 4.874586718904714536e-37 7.886025366860810888e-52 7.202652146743199202e-01 2.387094064501008028e-02 2.248745138695084034e-16 6.547905549716072400e-45 7.132508641055734977e-34 4.787602868846587320e-103 4.787602868846587320e-103
2.131950126031076672e-50 1.475989288569694232e-43 6.290631252625405299e-53 3.689985834116419558e-55 2.964696339183623855e-10 1.262011383381640552e-41 2.690922086686153656e-26 4.614628801200611983e-60 1.938853946179960180e-02 1.185967604203669451e-01 2.928662699865770363e-103 8.620146998213636946e-01
2.354391976021136534e-01 9.210772596586588144e-24 1.553356407441535414e-01 5.977357404784124684e-81 5.584105172493933900e-01 4.001843182452277750e-43 5.373029075877911227e-28 7.044227025728638026e-47 5.081464440433949153e-02 2.472290151630044562e-29 5.564489861155956416e-103 1.058057694359326819e-46
6.954527971258159927e-41 1.795141222523528868e-48 6.316782410704673001e-02 9.368321758929533116e-01 2.563326883398664801e-97 1.239133628381538867e-41 1.799775628454293032e-60 1.426171317975005792e-40 5.958927755289065125e-89 7.064361984361361416e-57 3.289473684210526616e-103 3.289473684210526616e-103
0.000000000000000000e+00 0.000000000000000000e+00 0.000000000000000000e+00 0.000000000000000000e+00 0.000000000000000000e+00 0.000000000000000000e+00 0.000000000000000000e+00 0.000000000000000000e+00 0.000000000000000000e+00 0.000000000000000000e+00 0.000000000000000000e+00 0.000000000000000000e+00
