5.177418747715390013e-103 3.357582019468069688e-57 5.319207946458187272e-03 5.164101947155946673e-103 8.729844233100902299e-39 5.177433356807011505e-103 7.561449559831842082e-01 7.578539918949267462e-70 1.181671548749978389e-75 2.385358360703576375e-01 5.122873749236261398e-103 5.137828776906655843e-103
5.543881161721739703e-56 1.842660521688855302e-01 8.946331314800757293e-25 2.253027310418361185e-27 6.206194722917500856e-43 6.944850823706896799e-44 5.764777016832741761e-103 2.673198047430068169e-01 3.631671457675428871e-01 6.210381757078085458e-31 5.223342215085780531e-103 1.852469973205647102e-01
3.201314142459904844e-103 3.507129286474552241e-34 1.792737768741541792e-19 1.000000000000000000e+00 4.746342625885259357e-34 1.409444320724621732e-71 1.252986460117910647e-66 9.620126937790157834e-51 5.082777395598068841e-36 8.897920105461399823e-27 3.166778481190220394e-103 5.654039017101737474e-60
4.350276190962068350e-03 2.841135848994641220e-78 1.391414601836139242e-01 5.676410538021140763e-51 6.089857811670517072e-73 9.500538910524760836e-03 3.193706692510355644e-103 4.603276798486127576e-76 2.235751954121559769e-03 7.198845380075691893e-88 3.145856870810676493e-103 8.447719727607776452e-01
5.299503240742903526e-35 2.179298613702368236e-23 6.466465172902860492e-02 1.215843712847259489e-36 4.072804036120074023e-01 7.903449509629229454e-18 8.961098276787829558e-22 1.172005775619284866e-02 5.163348869027711840e-01 2.446860250143702852e-32 2.941184294369200927e-103 3.421081601683011030e-47
8.399237329107806154e-103 1.426442234155694648e-02 2.503527609211293896e-93 8.357270563846808927e-103 3.721222989369824042e-41 8.308322122358787247e-103 1.275537373347818848e-71 9.573107873639578047e-01 2.842479029448521932e-02 7.522479559630511770e-46 8.284583279851295317e-103 8.288811114322701777e-103
1.943527738384504856e-75 6.473456643334524529e-30 5.664329962579871310e-69 1.330646666288852379e-75 9.038208108708405408e-01 3.579141924436536961e-13 9.617918912880157878e-02 7.497716207270252014e-24 3.222413524066365211e-20 4.500883010617763513e-37 5.944534070742789969e-103 5.973029436661834055e-103
2.640339454464598126e-02 7.298211532355773912e-01 3.297048398726929655e-27 9.925015423133185313e-03 2.338504367966432462e-01 3.058466557932910462e-55 3.196876631901343823e-21 1.030736028822715747e-36 7.392563243950284581e-41 7.311983984206893681e-28 4.725989199718826059e-103 6.638148005846582857e-96
3.118430667781201238e-103 6.704237890518379892e-05 5.321914804534131349e-01 2.975477655650582161e-30 2.463660970569233609e-29 2.155941615480845186e-77 1.359218648476992301e-02 3.510630246395883558e-02 1.784377484088186624e-30 4.190429882189530275e-01 3.060879945146878849e-103 5.819565130335120173e-65
3.162918842743891154e-68 2.056751466509482729e-57 4.069165535795930544e-01 1.070891116628245061e-37 7.670161364725910375e-30 1.046159017777792757e-02 6.710703642781922459e-69 1.603054563226070650e-01 4.223163999200219565e-01 1.125615347177380929e-35 5.450610695408785219e-103 1.211553176130181054e-48
6.191882479555941288e-01 3.362465733154476217e-103 3.291882956515006103e-103 3.291332561704447492e-103 6.517766327482759873e-80 3.808117520444059267e-01 2.413985857699462571e-71 3.353967469679746763e-103 3.658701534891969905e-71 3.356792088245956875e-103 3.289473684210526616e-103 3.289473684210526616e-103
0.000000000000000000e+00 0.000000000000000000e+00 0.000000000000000000e+00 0.000000000000000000e+00 0.000000000000000000e+00 0.000000000000000000e+00 0.000000000000000000e+00 0.000000000000000000e+00 0.000000000000000000e+00 0.000000000000000000e+00 0.000000000000000000e+00 0.000000000000000000e+00
