3.367326915859325109e-103 2.527457954935907400e-02 3.660747605498568914e-54 3.365605458695424292e-103 8.126314054075911564e-01 3.289599482340019500e-103 1.620940150430495719e-01 3.290437152144245379e-103 5.568874017489686294e-46 2.672716066219939211e-41 3.289473684212530698e-103 3.289473684212530698e-103
7.336212327582631034e-97 3.950730276513161616e-29 1.754322256363297777e-02 2.337363184055905715e-32 4.372290467264616730e-35 3.078035604397635311e-84 4.000309790228044893e-01 8.344581641787239302e-63 4.648765636916893373e-01 1.175492347218732858e-01 3.094146895849807227e-103 3.199359670111002574e-103
5.534468962683997070e-49 3.294739447061038860e-72 1.998174528667878147e-01 7.370860861216075310e-01 5.177102454753640393e-02 2.973170730303425944e-43 1.272019815580742369e-77 3.096175770728977111e-65 1.132543646406834054e-02 6.840318927241502183e-95 7.086243712429808744e-103 1.624176467611650898e-32
5.217094869946533735e-103 3.762231020837485025e-72 2.805425112252470076e-79 7.193231362170481428e-38 1.303494833710118820e-54 5.760094733704621310e-14 4.369202061185305935e-02 9.563079793880894242e-01 3.060620926573738820e-79 5.132960503827742251e-103 5.128011318148340007e-103 1.263529453946939304e-92
2.056684552464675170e-82 6.431212163424775419e-01 1.971613036573904160e-02 4.173568032386050150e-103 2.171010556328385605e-33 3.955124215038585965e-103 2.014496881518454408e-02 3.962577598087673733e-103 1.156398063829986657e-27 3.170176844765988933e-01 3.931604840477665596e-103 3.933883596097686114e-103
4.092449626754404414e-103 2.961367431204240555e-93 5.954237779007509543e-28 3.298476596891897120e-45 1.308336161103597237e-05 7.998220993747492957e-02 1.228667535299019458e-69 5.121888588010618473e-36 3.883357516839666660e-60 1.819313931961561218e-71 4.006921468338282058e-103 9.200047067009139434e-01
4.794921156868624007e-103 1.753171041925739688e-31 1.006089898910539548e-39 1.773771663090383602e-57 3.756495356781101616e-57 3.159578318569788435e-01 2.904080791089557469e-62 1.643525639915246681e-02 6.676069117438686584e-01 5.572506612567897782e-69 4.543543810791124675e-103 4.751157321335717123e-103
4.567443717442105480e-103 4.568208493442586443e-103 4.695056970460121652e-103 3.682724265135709257e-55 4.614893121130937394e-103 5.284301019840951241e-01 4.914875522246044842e-103 1.318089250235221499e-01 1.973049535920614804e-68 4.598658342524072943e-103 4.566917769500679910e-103 3.397609729923826705e-01
3.525444340045921940e-103 5.038179874181907362e-39 3.421810769317887302e-01 3.045441330553560477e-01 3.553764740503449710e-64 1.484681691420614291e-01 9.333190507666143387e-02 1.041569150125224109e-20 4.319107893021552894e-27 1.114747157941323036e-01 3.346973679219152267e-103 1.046564754903923683e-46
5.652799451570823636e-72 1.000000000000000000e+00 7.472438577610235553e-43 9.754939741042235917e-22 2.912824030482086699e-59 1.519509440790091487e-64 5.128069100023088290e-28 7.883996597367441089e-51 8.897291420002782312e-43 8.451826503210797295e-44 6.581973714501628423e-103 7.367647222131224657e-103
9.999999999993902655e-01 3.382966503037124695e-103 3.309905237699385436e-103 3.301150722996100150e-103 5.767656776948680532e-44 3.289475577227773832e-103 3.424062806673831776e-103 3.289473684210526616e-103 3.471327614548918620e-103 6.096894808532742056e-13 3.289473684210526616e-103 3.289473684210526616e-103
0.000000000000000000e+00 0.000000000000000000e+00 0.000000000000000000e+00 0.000000000000000000e+00 0.000000000000000000e+00 0.000000000000000000e+00 0.000000000000000000e+00 0.000000000000000000e+00 0.000000000000000000e+00 0.000000000000000000e+00 0.000000000000000000e+00 0.000000000000000000e+00
