5.222277077096908471e-01 2.193998183450527476e-41 4.671257304624844009e-01 1.064656182782488213e-02 3.788408915260707714e-53 1.027180338664076641e-34 3.835884411222108855e-26 9.546226581825885954e-50 3.627957749952377619e-18 2.566584998207167525e-71 3.514156934065940886e-103 2.270756721600358675e-62
2.339073911740449097e-01 1.510411689538223856e-01 2.579887010998070314e-29 1.079381503085144328e-01 1.308630787600268232e-40 1.509527678922394096e-17 1.145824853065733132e-02 5.087732356945035091e-103 4.901694400276635499e-01 5.450513385279562342e-97 5.084355940785035009e-103 5.485601005297414089e-03
8.027488261111092777e-55 8.280971802066952603e-02 1.617172392503612999e-02 1.304479497929458276e-01 2.219945345715288190e-48 4.945407296964267063e-01 2.760298785649218378e-01 3.641819521320434212e-103 1.051361539135500957e-25 8.383829621039469124e-82 3.618553024709358209e-103 3.409703403413411974e-50
9.633394715464245083e-70 3.129292444798780611e-33 4.585816990481372811e-13 4.856463968336746357e-23 3.450603586270669499e-37 6.254986889144056009e-13 1.810071402430778332e-58 4.291378895542458879e-96 1.119775842320907162e-11 1.022222357380753769e-60 3.301189841253090754e-103 9.999999999877182688e-01
1.111146250519423366e-70 8.771036285399491650e-01 6.159846769984999312e-38 2.331790543247794941e-92 8.065184072741537343e-81 5.173878785497752109e-42 1.228963714600508628e-01 6.176234043631725175e-103 3.359774737519496860e-53 6.143634123247508823e-103 6.087195273184107756e-103 1.986938635912221033e-84
4.826078490035241117e-46 2.411647339054245946e-45 9.501722773089250455e-31 4.854194920980556271e-01 7.760195973390418936e-52 2.937007873389277732e-15 9.445350414039829847e-31 2.938683136937470731e-66 5.145805079019415418e-01 5.400412446764770393e-94 3.287698042684542677e-103 3.615476671776931483e-23
5.542363371190440744e-33 1.517722863869634439e-34 3.285200838859968558e-26 2.234782264678642039e-62 5.034642359449122972e-01 2.373794009345816525e-01 2.085929293325410761e-23 3.962838317516148153e-103 2.591563631205061058e-01 1.286226959201729379e-21 3.907771394087632901e-103 9.224319493435306523e-39
8.805258674806403230e-01 1.692797029770179187e-82 2.390727202266648348e-43 9.803860780492757675e-103 9.922687964607962849e-103 9.821695499071392678e-103 4.738830148159855398e-60 1.605811960693228006e-14 1.831133197519799125e-30 1.194741325193436621e-01 9.788935766405612508e-103 9.807550863178484165e-103
5.487435954070190364e-52 2.342072543620717513e-63 3.645983275945750557e-01 2.974698102266064570e-01 1.599402181861418025e-33 3.343872285241813458e-01 2.403724702402833610e-22 3.544633654637245179e-03 7.138421453903357781e-27 1.456004651014128180e-43 3.132414601781423736e-103 5.105797678554340937e-25
5.974934768409086167e-70 5.720305231879980166e-63 1.255290342622966682e-01 5.563708871927728316e-103 6.745620420577078382e-73 6.543224386846785110e-43 8.744709657377033318e-01 5.610266953611823159e-103 7.169905814452199618e-48 5.656843628494627977e-103 5.563658120478098921e-103 5.563951287078649869e-103
2.370048108831384716e-54 3.394454647442500285e-103 3.225326204153237045e-90 3.289473684212287314e-103 1.165875170628906110e-01 5.804413345941686692e-93 3.324156931990079687e-103 3.323176089239518460e-01 3.360169280819735365e-103 5.510948740131574874e-01 3.289473684210526616e-103 3.289473684210526616e-103
0.000000000000000000e+00 0.000000000000000000e+00 0.000000000000000000e+00 0.000000000000000000e+00 0.000000000000000000e+00 0.000000000000000000e+00 0.000000000000000000e+00 0.000000000000000000e+00 0.000000000000000000e+00 0.000000000000000000e+00 0.000000000000000000e+00 0.000000000000000000e+00
