2.669571350753236437e-18 1.375915970564572238e-02 6.993110706834601206e-29 3.383005329303010456e-01 1.502823413611773395e-14 1.635535006694588441e-29 3.819722745043224732e-01 1.467985497407949933e-26 1.203762095383951839e-08 2.659680208220946973e-01 5.066936032175405039e-103 4.869387714213760260e-64
1.272381243898354710e-21 1.560607153487358345e-01 1.077538565021353571e-31 4.139284453699886216e-24 2.440290145818677020e-16 2.774690882386143982e-60 1.644328741271726086e-15 1.149971095840785308e-27 8.439392846512622226e-01 2.882561892053078978e-42 7.062201209921444284e-103 7.063392075113042858e-103
7.688412044311543347e-01 1.254048662729308266e-31 1.602856558485053762e-02 1.676377842398849999e-32 1.730797895685945662e-67 3.611818666845684154e-55 5.665285291074349302e-12 1.432129083122801477e-24 4.754152685943941211e-30 2.151302299783298955e-01 5.255847821932093250e-103 5.255847821932093250e-103
1.966124205351802712e-01 2.826162529293515514e-49 2.008794215528737872e-59 8.811266708627483354e-21 7.251163962606452587e-03 5.534036008671670777e-27 7.122308015138548131e-29 4.377801026160285513e-23 6.466066874566700535e-28 7.961364155022133682e-01 3.849490121484565826e-103 1.512566971032547287e-38
1.599501046344496371e-21 3.281748803281618977e-49 2.217043329086419860e-45 2.771282368733844851e-11 5.643388005188310075e-01 4.286776789096205520e-01 3.100271331063264038e-39 1.244618118881093035e-18 3.827513163350322277e-35 6.983520540821670439e-03 5.280812996138306082e-103 3.013951301324363053e-12
4.961687248092136916e-37 9.656069658793983092e-39 1.906769567243449150e-34 5.452052227811218094e-02 1.762370938962578202e-15 5.499767065399422761e-12 1.860932352026719444e-02 2.527411619281066252e-02 1.693684785111687837e-31 3.179057819395891129e-27 3.013070498473254652e-103 9.015960380033084531e-01
1.877753065039578960e-11 4.797918931469279138e-25 2.541362872710823997e-41 1.650912602248388302e-07 9.659000739818637786e-11 9.976737316706655304e-18 1.183514583296289194e-14 4.490464173742163952e-23 9.999998347933604093e-01 5.782267728214505841e-22 6.451759132112048280e-103 1.334005134980625310e-21
1.700331725216085401e-21 3.551492829559393914e-21 4.286599519745841771e-51 4.722462624576575368e-02 1.925600057437244772e-01 7.509935214698127970e-01 9.218532408344167275e-03 6.023510825383187286e-19 3.314132223870028894e-06 4.451971508922803103e-16 4.155333752511918060e-103 1.286061432609915263e-13
8.948990839135181136e-18 1.870451579212151595e-26 7.525589337896927877e-36 4.038297664103852047e-01 9.428060362165233133e-02 7.383469733385208955e-02 1.828346234972635931e-01 2.452203091368463095e-01 7.007007794165737524e-27 2.563220544714801211e-16 2.750728472511110185e-103 1.441454827617039991e-16
5.455151566731096381e-21 6.001555666430048173e-09 2.733390702792217911e-42 5.551299310601302828e-02 3.209343467125880712e-24 1.430523785938142833e-01 1.574752280171020161e-02 4.745938401978130328e-01 2.952700088929638422e-01 3.208626776805701202e-20 3.316078737547288765e-103 1.582325040612988717e-02
3.417805998837430179e-48 3.841625082794604129e-01 6.158374917205391430e-01 1.480379316672901908e-25 1.969562367926517840e-93 1.351065416050038924e-101 3.239510399205684402e-16 5.179177260392995877e-72 1.067877820482791275e-65 5.299208681972034687e-45 3.289473684210526616e-103 3.289473684210526616e-103
0.000000000000000000e+00 0.000000000000000000e+00 0.000000000000000000e+00 0.000000000000000000e+00 0.000000000000000000e+00 0.000000000000000000e+00 0.000000000000000000e+00 0.000000000000000000e+00 0.000000000000000000e+00 0.000000000000000000e+00 0.000000000000000000e+00 0.000000000000000000e+00
