2.584109308420536385e-23 9.549456338004198167e-55 1.000000000000000000e+00 1.164443464831107346e-30 6.914481045011991221e-43 1.639935052963587588e-30 6.360202170481134692e-57 6.003327477893241454e-28 3.178639716985783740e-32 6.742696718027661132e-53 5.445740419298026734e-103 3.625907362636404913e-90
1.216485374506172104e-15 6.353354934257684449e-13 4.446095489553137197e-17 1.298326318746067001e-54 2.192935954633651018e-24 3.236576198435186043e-34 1.296163886765052782e-42 9.822087866008419876e-01 1.779121339852131681e-02 1.370067696759061323e-67 4.941527125674350237e-103 5.976887932548112073e-101
1.497822491380745757e-48 1.264083117144988444e-01 3.989562147441027744e-41 2.257683900848764094e-42 6.250958442367779100e-47 5.674416226246901118e-01 3.691971242429666929e-80 3.896001093365074000e-27 3.061500656608109883e-01 1.861815327889372645e-32 3.657206960117669674e-103 2.915538673651265437e-93
8.518204661278495904e-02 2.588876328110177714e-54 1.333058589740140861e-33 2.566904377216909558e-42 3.663977660160049055e-02 3.427886773623716367e-10 5.181702237989440522e-94 7.162960628741297111e-30 1.709153742067714699e-01 7.072628022360545330e-01 7.113203829448293372e-103 7.194278127341395547e-103
1.201195854501165283e-01 7.574813412660820971e-46 5.401631521955175402e-02 8.258640993303315581e-01 1.266411759598973224e-22 1.318423157765354950e-39 1.484915361057874573e-82 3.312051058315485903e-16 7.289066258767559962e-37 5.236715184370297564e-50 5.874539674322055877e-103 3.720524456153271559e-95
8.084112558830075865e-41 1.966648577747260977e-88 1.898136223607729077e-47 2.433922845957589795e-56 5.496895372475187908e-27 3.029726953289032494e-37 3.639292374927342764e-103 1.680053121571514353e-31 2.764439386519680908e-01 7.235560613480319647e-01 3.564855414052229845e-103 3.788356594987604190e-69
2.999354981017191002e-01 5.495871486876833245e-01 1.364917997751101397e-02 1.741420168076154775e-74 9.468347604098931642e-70 7.584440131367134965e-86 4.874787263242718524e-06 1.368232984458232215e-01 8.273717875584116514e-18 3.302042197731676225e-103 3.302042195892236456e-103 3.302042195892236456e-103
2.327334973447126309e-01 5.257532612210286463e-03 2.903334275587028945e-01 5.607424166060353324e-27 3.519803504627453949e-01 4.564583932380691933e-02 7.254957874827270563e-38 7.404935268278578508e-02 1.503614971843152369e-11 1.595260291122642536e-92 3.854879846843244746e-103 2.144928952472601643e-81
1.026995117118321334e-48 7.666891741664314197e-103 3.973766998598910787e-37 2.073179577399075414e-17 3.859946033325524772e-01 5.939937916975567278e-01 4.915080049090516657e-73 3.489429783613624693e-25 1.163333668716620174e-02 2.731815816215708087e-07 5.232589511434125457e-103 8.377995101143075746e-03
9.896761141699300795e-63 5.104073423179163626e-86 4.276172813729470988e-53 2.600130829938259028e-11 1.982285211309388103e-20 7.535589291752671887e-24 3.013201817568474432e-103 3.014313480948159312e-103 2.298291446336983585e-27 9.156955983691540679e-02 3.004080025659317654e-103 9.084304401370832949e-01
5.374599822318176303e-40 3.420964216658120222e-53 3.811140627392564737e-03 5.202037901381851663e-77 3.343249972813971453e-103 9.768601577428055035e-96 9.961888593726073715e-01 1.117859004976031342e-94 3.293221554774180208e-103 3.289473684214556590e-103 3.289473684210526616e-103 3.289473684210526616e-103
0.000000000000000000e+00 0.000000000000000000e+00 0.000000000000000000e+00 0.000000000000000000e+00 0.000000000000000000e+00 0.000000000000000000e+00 0.000000000000000000e+00 0.000000000000000000e+00 0.000000000000000000e+00 0.000000000000000000e+00 0.000000000000000000e+00 0.000000000000000000e+00
