 0 1 2 3 4
abused 1.39785820837e-103 1.99104396413e-103 0.00271808773112 2.37203104923e-103 1.72685980921e-103
accessary 0.00139785820837 1.99806645926e-103 2.7188495192e-103 5.41412758879e-101 1.72901446818e-103
add 1.39785820837e-103 0.00199104169835 3.09314675328e-09 7.6305092353e-99 2.20722308313e-55
adjunct 1.39946004207e-103 2.01258280236e-103 2.71821324063e-103 2.36754540472e-103 0.00172685980921
admiring 1.39785820837e-103 7.15984281709e-48 0.00271808773112 2.37901139485e-103 4.80651061384e-38
advance 1.39785820837e-103 1.99104396413e-103 0.00271808773112 2.3762354822e-103 1.72685980921e-103
after 1.40065611585e-103 1.37857206019e-66 1.51707738221e-24 2.37142037166e-103 0.00172685980921
again 0.00139225856624 1.99955552981e-103 2.71808773112e-103 0.00237702452454 1.72685980925e-103
against 6.36742244967e-22 1.70791895763e-29 2.71866704006e-103 3.82862669791e-78 0.00345371961842
age 1.39790514689e-103 9.74399363008e-70 1.51943017442e-29 1.33972026472e-81 0.00345371961842
ah 0.00139785820837 1.99104396413e-103 2.71808773112e-103 2.36754045869e-103 1.72685980921e-103
alive 1.39940236958e-103 2.00845103034e-103 2.71808773112e-103 2.44931057398e-103 0.00172685980921
all 0.0165065128604 0.0172628763439 0.00282580219701 0.00350792785951 2.80207237978e-18
allege 1.3992051462e-103 2.02311354956e-98 2.71817585976e-103 1.22647528787e-55 0.00172685980921
alone 0.00279420498686 1.67208204068e-25 0.00815720155074 7.57733154401e-39 3.59990998971e-10
am 0.00524732207572 0.00222641300538 0.00510568699381 0.00532588812024 1.0399542214e-27
an 0.00139613163598 0.00199350321324 2.71808773112e-103 2.23802794488e-21 1.72685980921e-103
and 0.0573128619468 0.0722494500375 9.16624416799e-23 0.0300968774462 3.08871200556e-23
angel 1.397992619e-103 0.00199104396413 6.82121973086e-83 2.20755251534e-102 1.72702734234e-103
another 1.40202896752e-103 1.99180975152e-103 2.71808773112e-103 2.36754053664e-103 0.00172685980921
answer 1.39785820837e-103 0.00199104396413 2.71809121937e-103 2.99111688207e-19 1.72685984376e-103
any 0.00279571641675 1.9957625169e-103 2.71833938053e-103 1.0512803241e-69 5.37708413531e-34
appeal 1.39785820838e-103 2.32497412504e-103 2.71808773112e-103 0.00236754045869 9.87327718085e-86
apple 1.39785820837e-103 1.99104396413e-103 2.71808773112e-103 2.36754045869e-103 0.00172685980921
are 1.29257072108e-33 1.10703367324e-38 0.000702941687384 0.00480442551989 0.0167714248199
arise 1.39785820837e-103 1.99104396413e-103 0.00271808773112 2.37753503021e-103 1.72685980921e-103
art 0.00148959895071 0.00203118691605 0.00272453579863 1.31595614172e-16 0.01020891277
as 0.00947024548698 0.00834723562772 5.18835256262e-74 0.0237530197731 1.730608557e-103
assure 1.39785820837e-103 1.81979823973e-46 0.00271808773112 2.37901295735e-103 5.36298605782e-32
awakes 0.00139785820837 1.99104396413e-103 2.71808773112e-103 6.99506268368e-83 1.72685980921e-103
awards 1.39785820837e-103 1.99104396413e-103 2.72304514814e-103 2.36757056475e-103 0.00172685980921
away 0.00280473283664 2.67411387931e-64 0.0108548188028 1.03805101242e-39 1.75197871055e-32
babe 0.00139785820837 1.99410761772e-103 2.71817129753e-103 2.36759984549e-103 3.13244946468e-26
back 0.00419357462512 1.9951434243e-103 2.71808805722e-103 2.37073773267e-103 1.72919241846e-103
bad 1.39795063865e-103 0.00194385814484 0.00274162624187 1.89303642104e-96 0.00175283019515
badges 1.39785820838e-103 1.99788072396e-103 2.71808773112e-103 0.00236754045869 1.72685980921e-103
badness 1.39785820837e-103 3.42943076388e-37 0.00271808773112 2.37901851124e-103 7.46167158916e-21
bath 0.00139785820837 2.12529428719e-30 2.71808773112e-103 4.53891890274e-46 1.72685980996e-103
be 0.0016704208993 0.0153011606207 0.0264802742854 0.0168322912135 0.0073705230612
bear 0.00139785820837 1.99104396413e-103 2.73483238018e-103 1.6964410254e-63 0.00172685980921
beauteous 1.39844813828e-103 1.02558629432e-69 2.71815309309e-103 2.36754291254e-103 0.00345371961842
beauty 2.56460571667e-49 0.0137618235422 3.35091322992e-83 0.00731128877206 1.37407975224e-58
beautys 1.3984582775e-103 2.00075070009e-103 2.71808773112e-103 2.36754045869e-103 0.00345371961842
because 0.00139785820837 1.99104396413e-103 2.71808773112e-103 2.36754045869e-103 1.72685980921e-103
becomes 1.39785820837e-103 1.60355844784e-43 0.00271808773112 2.37860313786e-103 8.71677267567e-39
becoming 1.39785820837e-103 0.00199104396413 2.71808773835e-103 8.60367477237e-17 1.72685980921e-103
before 1.39838042546e-103 1.99788164753e-103 2.71808773112e-103 0.00236754045869 1.72685980921e-103
begin 1.39785820837e-103 1.99104396413e-103 0.00271808773112 2.37120016274e-103 1.72685980921e-103
behind 1.39785820837e-103 1.99104396413e-103 0.00271808773112 2.37950145119e-103 1.72685980921e-103
behold 1.39830496531e-103 5.33568173089e-19 2.71808773112e-103 0.00236754045869 1.72685980931e-103
being 0.00698773947171 8.67768344849e-18 3.87149574159e-94 0.00947278971582 6.44352672306e-40
belied 1.40078928423e-103 1.99835729091e-103 0.00271302954363 0.00237194630012 3.89440819265e-70
belong 1.39785820837e-103 1.99104396413e-103 0.00271808773112 2.37455945414e-103 1.72685980921e-103
belongs 1.39785820837e-103 1.99104397578e-103 2.72696930727e-103 2.36760023955e-103 0.00172685980921
beloved 1.39800610444e-103 6.63224086021e-13 0.00270219623782 0.00238138245163 1.727519367e-103
beseechers 1.39785820837e-103 1.50366080173e-31 4.09443795138e-11 2.39214652558e-103 0.00172685978319
besides 1.39995857198e-103 1.99139681216e-103 2.71808773112e-103 2.36754045869e-103 0.00172685980921
best 6.68954203233e-11 3.26114591237e-10 0.00270840681366 0.00286170351218 0.00137257245975
better 1.39785820837e-103 0.00398208792827 1.21354265973e-32 2.3696895662e-103 9.55734611782e-95
black 1.44731509291e-40 0.0019960517399 0.00271841993378 9.17349118484e-15 0.00517602505931
blame 0.00139785820837 1.9977007597e-103 2.71808773112e-103 1.4718547439e-91 1.72685980922e-103
blessed 1.39989441285e-103 1.99454581989e-103 2.71808773112e-103 0.00473508091737 1.73410706738e-103
blessings 1.39785820837e-103 0.00199104396413 2.71808796815e-103 2.36754046095e-103 1.60543060636e-99
blind 1.39785820837e-103 1.99104396413e-103 0.00543617546225 2.37259700896e-103 1.72685980921e-103
blood 1.39835455324e-103 1.99487517105e-103 2.7180879569e-103 2.36978141923e-103 0.00345371961842
blot 1.39785820837e-103 1.99104396413e-103 0.00271808773112 2.37193133621e-103 1.72685980921e-103
boast 7.73998914352e-45 2.02636529673e-88 3.11110664907e-85 2.36774962847e-103 0.00172685980921
book 1.39785820837e-103 1.99104396413e-103 0.00271808773112 2.37703916747e-103 1.72685980921e-103
born 0.00139785820837 1.9974829664e-103 2.71808773112e-103 5.08890939454e-94 1.72685980921e-103
bosom 1.39785820837e-103 0.00199104396413 3.03621022002e-51 2.37657459325e-103 5.22304573369e-95
both 0.00139319973085 0.00199767928201 2.71808787499e-103 8.50132235137e-22 1.72685981058e-103
brass 1.39785820837e-103 0.00199104396413 9.16859949869e-98 8.81675099164e-26 1.72686243908e-103
brave 0.00139785820837 1.99409920108e-103 2.71808826704e-103 2.3061307739e-73 1.75205390326e-103
breast 1.39785820837e-103 1.99104396413e-103 0.00271808773112 2.37193101072e-103 1.72685980921e-103
breath 1.39785820838e-103 1.99797593641e-103 2.71808773112e-103 0.00473508091737 1.72685980922e-103
breathe 1.40149546798e-103 2.01168197444e-103 2.71808773112e-103 2.36755654835e-103 0.00172685980921
breathes 1.39785820837e-103 0.00199104396413 2.71808773112e-103 2.77924465509e-103 1.72685980923e-103
bred 1.39785820837e-103 1.99104396413e-103 0.00543617546225 2.37293797008e-103 1.72685980921e-103
breed 0.00139785820837 1.99375056634e-103 2.71808773112e-103 2.36754045869e-103 1.72685980921e-103
bright 1.39785820837e-103 0.00199104361016 0.00543617594548 2.37217693505e-103 1.72685980921e-103
bring 1.39785820837e-103 3.65414547631e-47 0.00271808773112 2.38326322712e-103 2.79230599823e-32
brings 1.39785820837e-103 1.99104396413e-103 0.00271808773112 2.37193101072e-103 1.72685980921e-103
but 0.0408494713023 0.00659860753777 1.09865524376e-81 0.0034636050493 7.86590611249e-23
by 0.00308268838821 0.0090176975135 2.00176223021e-82 0.0219366252662 9.5010171278e-45
call 0.00128662390201 7.69327883369e-103 0.00543269862461 0.00255896548501 1.72685980921e-103
came 0.00139785820837 1.99104396413e-103 2.71808773112e-103 2.36754045869e-103 1.72685980921e-103
can 1.03060385239e-64 0.0115363894568 5.05493702347e-41 0.00285491998023 5.52076129599e-58
cannot 1.39785820837e-103 3.00317993963e-47 0.00271808773112 2.37901242761e-103 1.5454782368e-30
care 1.39785820837e-103 1.99104396413e-103 0.00271808773112 2.37753969984e-103 1.72685980921e-103
carved 0.00139785820837 1.99373546984e-103 2.71808773112e-103 2.36754045869e-103 1.76599439035e-103
cast 1.39785820837e-103 1.19560548243e-06 0.00271645554185 2.37394935864e-103 4.60753533513e-35
cause 1.39785820837e-103 1.99104396413e-103 0.00271808773112 2.37193133621e-103 1.72685980921e-103
change 1.22163511801e-24 1.40933993626e-64 3.06669147948e-55 1.24050289803e-100 0.00172685980921
cheeks 0.00139785820837 1.99732849163e-103 2.71808773112e-103 4.75910912081e-99 1.72685980921e-103
cheer 1.39785820837e-103 1.99104396413e-103 0.00271808773112 2.37157223309e-103 1.72685980921e-103
child 1.39814040329e-103 1.99827770246e-103 2.7180878082e-103 0.00236754045869 1.72686002704e-103
choose 1.39785820837e-103 1.99104396413e-103 0.00271808773112 2.36821636621e-103 1.72685980921e-103
cold 1.39785820837e-103 1.99104396413e-103 0.00271808773112 2.371599188e-103 1.72685980921e-103
commits 1.39785820837e-103 1.99104396413e-103 0.00271808773112 2.37193101072e-103 1.72685980921e-103
common 1.39785820837e-103 0.00199104396413 1.98859910744e-63 2.36952981566e-103 1.7268598132e-103
compare 1.39785820837e-103 1.99104396413e-103 0.00271808773112 2.37193101077e-103 1.72685980921e-103
compared 1.39960380122e-103 1.99104396413e-103 2.71808773112e-103 0.00236754045869 1.72685980921e-103
complexion 1.39821412181e-103 0.00199104396413 4.84161797414e-47 2.37082842904e-103 3.29179874582e-42
conceit 2.38857993521e-50 1.99801514687e-103 2.71808953237e-103 0.00236754045869 1.72685980921e-103
conquest 1.39785820837e-103 0.00199104396413 2.71809111758e-103 2.36754076189e-103 1.72685983624e-103
conscience 1.39785820837e-103 0.00199104396413 2.74956597923e-103 2.12916465079e-58 1.72768491841e-103
constancy 0.00139785820837 1.9941552113e-103 2.71808773112e-103 2.3675529269e-103 1.72685980922e-103
constant 1.39785820837e-103 0.00199104396413 1.31786708509e-68 4.66419379412e-94 1.72685981319e-103
contains 1.39785820837e-103 1.99104396413e-103 0.00271808773112 2.37670105472e-103 1.72685980921e-103
content 1.39785820837e-103 1.99104396413e-103 0.00271808773112 2.38438529771e-103 1.72685980921e-103
control 1.39785820837e-103 1.99104396413e-103 0.00271808773112 2.37705616344e-103 1.72685980921e-103
cools 1.39793643046e-103 0.00199104396413 7.54118380162e-86 1.95966071156e-23 2.07519775947e-102
copy 1.4007768218e-103 0.00199104396413 3.3652160758e-53 2.37673613335e-103 2.36466599534e-101
count 1.40224021924e-103 1.99152726059e-103 2.71809023933e-103 5.38006331562e-93 0.00172685980921
countenance 1.39786020963e-103 2.68956163353e-91 2.71808773112e-103 2.36754045869e-103 0.00172685980921
crests 1.39785820837e-103 1.99104396413e-103 2.71808852038e-103 2.36754050369e-103 0.00172685980921
crime 1.39785820837e-103 1.99104396413e-103 2.71808773148e-103 0.00236754045869 1.72685980921e-103
crooked 1.39785820837e-103 5.90757735509e-47 0.00271808773112 2.37901291855e-103 7.79236700536e-34
cruel 1.39785820837e-103 9.85771915961e-46 0.00271808773112 2.3790113963e-103 8.43224218497e-38
crying 1.39785820837e-103 0.00199104396413 6.32987755155e-66 2.36952955624e-103 1.7268598132e-103
cunning 1.39920279493e-103 1.43020982598e-14 2.71810204467e-103 0.00473508091736 1.72687911912e-103
cupid 0.00139785820837 1.99732849163e-103 2.71808773112e-103 3.25611070456e-97 1.72685980921e-103
cure 0.00139464739496 0.00251053402055 0.00201514552871 1.00009590539e-101 2.04125985243e-33
curious 1.39785820837e-103 0.00199104396413 3.40618720813e-60 2.36952955624e-103 1.7268598132e-103
curse 1.39785820837e-103 1.99104396413e-103 0.00271808773112 2.3719310065e-103 1.72685980921e-103
daily 1.39785820838e-103 6.10701025906e-69 2.71808956623e-103 0.00473508091737 1.72686311764e-103
dare 1.39785820837e-103 1.99104396413e-103 2.71820528389e-103 2.36754716088e-103 0.00172685980921
dark 1.40004208041e-103 2.0029864275e-103 2.7187436904e-103 2.36756633445e-103 0.00172685980921
date 1.39785820837e-103 1.99104396413e-103 0.00271808773112 2.4188100461e-103 1.72685980921e-103
day 2.64886293575e-41 2.00932658463e-103 0.00271838441432 2.37259270062e-103 0.00518039093839
days 0.00419355778653 3.21158215545e-66 0.0108723836666 1.62915101755e-77 3.06213695374e-44
dead 7.11851055246e-10 2.56655942367e-48 0.010871259991 6.71247818274e-80 6.92214231266e-07
dear 1.43898049359e-46 1.10596577226e-94 0.00275234413755 0.00238710569489 0.00687140471907
death 1.24811840367e-86 1.99737385778e-103 2.71808808455e-103 2.36754158574e-103 0.00518057942762
deaths 1.39846553908e-103 1.99888214994e-103 2.71808773112e-103 2.36754045869e-103 0.00172685980921
debate 1.39785820837e-103 1.99104396413e-103 0.00271808773112 2.37710923029e-103 1.72685980921e-103
decay 1.39785820837e-103 1.99104396413e-103 0.00271808773112 2.37548085553e-103 1.72685980921e-103
deeds 1.39785820837e-103 1.99104396413e-103 0.00815426319337 2.37137666768e-103 1.72685980921e-103
defence 1.39785820837e-103 1.99104396413e-103 0.00271808773112 2.37318482136e-103 1.72685980921e-103
delight 1.39785820837e-103 1.99104396413e-103 0.00271808773112 2.3706233234e-103 1.72685980921e-103
denied 1.39785820837e-103 1.99104396413e-103 0.00271808773112 2.37149834954e-103 1.72685980921e-103
despite 2.91560552589e-68 5.57856949782e-100 2.77621952974e-89 2.83615931809e-85 0.00518057942762
devise 1.39785820837e-103 1.99104396413e-103 0.00271808773112 2.37094039135e-103 1.72685980921e-103
did 1.39785820837e-103 0.00398208792827 2.21737884737e-76 1.87886318647e-33 1.72685981121e-103
die 0.00264649556432 1.99994819273e-103 0.00271250483697 0.00262513741419 1.72685981498e-103
died 1.01777464667e-64 1.99157938899e-103 2.7182521189e-103 2.36814626477e-103 0.00172685980921
dies 1.39785820837e-103 1.99104396413e-103 2.71808773112e-103 2.36875738068e-103 0.00172685980921
diest 2.07520192862e-12 1.99311109844e-103 2.71808773112e-103 2.36754045869e-103 0.00172685980664
disdaineth 1.39785820837e-103 1.99104396413e-103 0.00271808773112 2.36821636621e-103 1.72685980921e-103
distilled 0.00139785820837 1.99374810762e-103 2.71808773112e-103 2.36754045869e-103 1.72685980921e-103
distills 1.39785820837e-103 0.00199104396413 2.71931917218e-103 1.38486880732e-43 1.72685999416e-103
do 0.00926318608462 7.4801093845e-13 5.93950406076e-51 0.0103539662195 2.41934196841e-25
doom 1.39785820837e-103 0.00199104396413 2.71835156063e-103 2.36756407825e-103 1.72686006194e-103
dost 1.39855370871e-103 3.41461665292e-13 0.000952469281334 2.58109983717e-103 0.0114828943694
doth 1.39785820837e-103 0.0219014816867 2.61935430873e-09 1.39973785272e-35 8.57158738277e-39
doubt 1.39785820837e-103 1.99104396413e-103 0.00271808773112 2.37196626121e-103 1.72685980921e-103
draw 1.39785820837e-103 1.99104396413e-103 2.71816450079e-103 2.36778498374e-103 0.00345371961842
drawn 1.79662091878e-38 2.5207931796e-43 2.71961706716e-103 2.36760514025e-103 0.00172685980921
dreading 1.39785820837e-103 0.00199104396413 2.71808773112e-103 3.65431392581e-22 1.72685981239e-103
dream 1.40030567572e-103 1.99148748637e-103 2.71808773142e-103 2.36754045889e-103 0.00172685980921
dreams 0.00139785097704 1.99752602272e-103 2.71842776162e-103 2.17290627392e-87 8.93330379729e-09
drugs 0.00139785820837 1.99104396413e-103 2.71808773112e-103 2.36754045869e-103 1.72685980921e-103
due 2.18381939571e-72 1.99143751498e-103 2.71850343778e-103 2.36796779009e-103 0.00345371961842
dull 0.00139770284808 1.6907167028e-42 0.00271838982394 1.7975102566e-83 9.10488550478e-19
dumb 1.39797927262e-103 1.99159031802e-103 2.71808773112e-103 2.36754045869e-103 0.00172685980921
dwell 1.40087755434e-103 2.01875160227e-103 2.71817959779e-103 4.75185040452e-73 0.00172685980921
dying 1.40502918597e-103 5.01850108012e-49 0.00271808773112 2.37912686778e-103 1.63678071566e-24
eat 0.00139785820837 1.9941836417e-103 2.71808773112e-103 2.93333718231e-58 8.55779439591e-95
edge 1.39785820837e-103 1.99104396413e-103 0.00271808773112 2.37193101072e-103 1.72685980921e-103
effect 1.39785820837e-103 1.99104396413e-103 0.00271808773112 2.37193138232e-103 1.72685980921e-103
eithers 1.39785820837e-103 0.00199104396413 1.16441731356e-62 2.36952955894e-103 1.72688798108e-103
elements 1.3997566604e-103 1.99272287504e-103 2.72364886596e-103 2.36886070214e-103 0.00172685980921
else 1.40063006461e-103 4.61581754489e-35 2.71808773112e-103 0.00473508091737 1.72685980923e-103
elsewhere 1.39785820837e-103 1.99104396413e-103 0.00271808773112 2.37193101072e-103 1.72685980921e-103
end 1.38604694478e-32 1.99361669559e-103 0.00271829215091 2.37127110841e-103 0.0017267299369
enfeebled 1.39785820837e-103 0.00199104396413 9.50011852639e-64 2.36952955624e-103 1.7268598132e-103
engraft 1.40045862537e-103 6.94494157176e-101 2.33950690037e-59 2.36894859321e-103 0.00172685980921
enough 1.40248749992e-103 2.01070096953e-103 2.71817049422e-103 2.36754372266e-103 0.00172685980921
enrich 1.39791496153e-103 0.00199104396413 2.7184630463e-103 1.93864393663e-30 9.14522700798e-69
ere 0.00139785820837 0.00199104396413 4.69715748931e-64 2.36952955624e-103 1.7268598132e-103
erred 1.39785820837e-103 1.99104396413e-103 0.00271808773112 2.37700079559e-103 1.72685980921e-103
error 1.45753949731e-103 2.06085081155e-103 2.71925753433e-103 2.36801194899e-103 0.00172685980921
even 0.00484805005627 4.5693204241e-68 2.72415842162e-103 1.19343934494e-45 0.000918346247965
ever 1.40013394515e-103 0.00597312791709 5.42691761033e-09 3.68956784664e-48 1.91861126941e-42
every 0.00139785820837 1.99732849163e-103 2.71808773112e-103 6.57099339813e-97 1.72685980921e-103
eves 1.39785820838e-103 1.99814411673e-103 2.71808773112e-103 0.00236754045869 1.72685980924e-103
evil 0.00139785820837 1.99732878594e-103 2.71808773112e-103 8.91696997783e-95 1.72685980921e-103
example 1.39785820837e-103 0.00199104396413 2.71808773112e-103 5.61427899114e-19 1.72685980923e-103
executor 1.39785820837e-103 1.99104396413e-103 2.71808811099e-103 2.36754048035e-103 0.00172685980921
external 1.39785820838e-103 1.99845457618e-103 2.71808773112e-103 0.00236754045869 1.72685981307e-103
eye 0.00139785820837 1.9974141053e-103 2.71808773112e-103 4.1237673257e-77 1.72685980921e-103
eyes 0.00226493106817 4.21924899204e-22 0.0104777642392 0.0111899790798 0.00310570356997
fade 0.00139785820837 4.73591177851e-90 2.72697019546e-103 3.80098885065e-92 1.39730754889e-67
fair 1.40062832422e-63 0.00132941780965 0.0038947601738 0.00326124064181 0.00608185551779
fall 1.39785820837e-103 1.99104396413e-103 0.00271808773112 2.37193159127e-103 1.72685980921e-103
false 1.68866748537e-37 0.00209405696336 1.92715585435e-62 2.36943165338e-103 0.00681809464605
fame 1.40146838424e-103 0.00199104396413 5.73030634195e-94 2.37045437926e-103 1.72783446402e-103
far 0.00138654254247 2.91501453188e-97 2.71808773112e-103 0.00475424616366 1.72685981536e-103
faster 1.20146718569e-43 4.95813688274e-54 2.71808773112e-103 0.00236754045869 1.72685984193e-103
father 0.00139785820837 1.99376407188e-103 2.71808773112e-103 2.36754045869e-103 1.72685980921e-103
faults 1.39785820837e-103 0.00398208792827 2.73327626995e-103 2.76868555289e-34 1.72685982104e-103
fear 1.39785834491e-103 1.9978787618e-103 0.00271731174555 0.00236821636668 1.72685980921e-103
fears 1.40095114938e-103 6.28190608586e-42 2.71819006737e-103 1.0564817121e-65 0.00345371961842
fee 1.39785820837e-103 1.99104396413e-103 0.00271808773112 2.36821636621e-103 1.72685980921e-103
feed 5.59615445284e-23 1.99689800669e-103 2.72153211574e-103 2.37251223598e-103 0.00172685980921
feeds 1.40565649184e-103 2.54740489359e-103 2.71987751718e-103 2.36761094841e-103 0.00172685980921
feelst 1.40018026696e-103 1.99583298802e-103 2.7208609474e-103 1.49978766875e-28 0.00172685980921
feil 0.00139785820837 2.00074459788e-103 2.72246202435e-103 2.16045137884e-93 2.25543595796e-29
fester 0.00139785820837 1.99363270157e-103 2.71808773112e-103 2.36754045869e-103 1.72685980921e-103
filled 1.39785820837e-103 0.00199104396413 2.71808773112e-103 2.15199897962e-16 1.72685980921e-103
find 2.60686219909e-76 4.12721405334e-80 0.0054306175877 0.00251306961134 0.00162424337056
finding 0.00139785820837 1.99104396413e-103 2.71808773112e-103 2.36930055046e-103 1.72685980921e-103
fine 1.39785820837e-103 0.00199104396413 4.29969999813e-56 2.37049913502e-103 1.16682407259e-47
fingers 1.03664432011e-43 1.99263887754e-103 2.71970365337e-103 2.36788370001e-103 0.00172685980921
fire 1.39805731137e-103 1.33050602645e-10 2.71808773112e-103 0.00710262121785 3.19252479036e-67
first 0.00139776370634 2.37332826352e-45 0.00271827148711 6.0985513082e-86 2.16060271205e-34
flatter 1.39785820837e-103 1.99104396413e-103 0.00271808773112 2.3719310107e-103 1.72685980921e-103
flattered 1.40217160161e-103 7.78944514413e-74 6.41919500938e-18 2.40610220133e-103 0.00172685980921
flattery 1.39785820837e-103 1.99104396413e-103 2.71841442836e-103 2.36754290319e-103 0.00172685980921
flowers 0.00139785820837 1.99350320738e-103 2.71808773112e-103 2.36754045869e-103 1.72685980921e-103
foes 1.39785820837e-103 1.99104396413e-103 0.00271808773112 2.37171027314e-103 1.72685980921e-103
fond 0.00139785820837 1.99756573824e-103 2.71822616096e-103 9.04458482036e-95 9.12674840233e-47
fool 1.39869634914e-103 1.99149817662e-103 2.71865602722e-103 2.36756604049e-103 0.00172685980921
fools 1.39853857872e-103 2.38130534823e-66 2.71809231342e-103 0.00236754045869 1.72686006181e-103
for 0.0437022713692 2.63579795114e-33 8.16647406735e-92 8.35532228145e-42 0.0150863014829
forgetfulness 3.52774710019e-41 6.55684021806e-89 2.71808773112e-103 0.00236754045869 1.72685980938e-103
form 1.40471632119e-103 0.00199104396413 2.71808773114e-103 2.3675404587e-103 2.01938267125e-74
former 1.39785820837e-103 0.00199104396413 1.48294274737e-62 2.36952955894e-103 1.72688798108e-103
forth 1.39785820837e-103 1.99104396413e-103 0.00271808773112 2.36821636621e-103 1.72685980921e-103
foul 1.40509971085e-103 4.2709036017e-73 2.94086694363e-27 2.2468102038e-96 0.00518057942762
found 6.49688198023e-18 1.99987378337e-103 2.71808773112e-103 0.00236754045869 7.17107490614e-97
free 1.39785820837e-103 1.99104396413e-103 0.00271808773112 8.39964022897e-101 1.72685980921e-103
friend 1.40201269328e-103 4.86407739031e-74 0.00271824408199 2.37741179476e-103 0.00345362028533
from 0.00313270915916 0.00256289218106 0.000295534635271 2.11050084e-20 0.00408054030983
full 1.39822731258e-103 1.99786839253e-103 2.71808791166e-103 0.00473508091737 1.72702848386e-103
gain 0.00139785774914 1.99503837131e-103 0.00271808862409 2.3720923167e-103 8.16835640445e-41
gainst 1.39785970909e-103 1.99106813186e-103 2.71808773112e-103 2.36754045877e-103 0.00172685980921
gavst 0.00139785820837 1.99370754594e-103 2.71808773112e-103 2.36754045872e-103 4.98669009727e-37
general 0.00139785820837 1.99350320738e-103 2.71808773112e-103 2.36754045869e-103 1.72685980921e-103
get 1.39785820837e-103 2.16035330916e-100 2.67747589504e-72 2.37435743279e-103 0.00172685980921
give 0.00978500745862 5.82288878835e-74 5.32152632506e-77 3.54109988958e-76 1.18351104582e-36
given 1.39785820837e-103 0.00199104396413 1.24077675498e-61 2.36952955624e-103 1.7268598132e-103
gives 1.39785820838e-103 1.48904750285e-26 0.00270491936239 0.00237901052472 1.4071551954e-36
glad 1.39785820837e-103 1.99104396413e-103 0.00271808773112 2.37160026238e-103 1.72685980921e-103
glass 1.39785820837e-103 0.00199104396413 2.71812406602e-103 2.26668388355e-66 1.7268598335e-103
glutton 1.39785820837e-103 0.00199104396413 6.66839869441e-61 2.36953096088e-103 1.72708338788e-103
gluttoning 0.00139785820837 1.99435066156e-103 2.71808773112e-103 2.36762262297e-103 1.72685980922e-103
go 1.39785820837e-103 9.07721692663e-65 0.00543617546225 2.375109635e-103 2.73258886902e-55
going 0.00139252281584 1.99801994017e-103 2.71983446591e-103 8.23701376409e-82 6.59113698119e-06
gone 1.39785820837e-103 1.99104396413e-103 0.00543617546225 2.37074111943e-103 1.72685980921e-103
good 1.39785820837e-103 0.0059731318924 3.16980579049e-58 2.37120408002e-103 2.21483358023e-52
goodness 0.00139785820837 2.58974668754e-68 2.71808773112e-103 2.36754045869e-103 1.72685980921e-103
got 1.39785820838e-103 1.99839347557e-103 2.71808773112e-103 0.00236754045869 1.72685980921e-103
grace 1.39852925342e-103 1.99782118152e-103 2.71865428239e-103 2.36755905613e-103 0.00518057942762
grave 7.33539174309e-53 0.00199104395969 2.7184820351e-103 2.36764161529e-103 3.85021886704e-12
green 1.39785820837e-103 1.99104396413e-103 0.00271808773112 2.37163500039e-103 1.72685980921e-103
grief 1.39821274522e-103 1.99110358988e-103 2.71808773112e-103 2.36754046187e-103 0.00172685980921
griefs 0.00139785820837 1.99732849163e-103 2.71808773112e-103 7.45607761801e-98 1.72685980921e-103
groan 1.39785820837e-103 1.99104396413e-103 2.71808773115e-103 2.36754045869e-103 0.00172685980921
gross 1.39985146904e-103 1.9914783676e-103 2.71808773112e-103 2.36754045869e-103 0.00172685980921
grow 1.39785820837e-103 0.00149553279002 0.00883071377269 2.37359015588e-103 1.7268598132e-103
growth 1.39785820837e-103 1.99104396413e-103 2.71818337736e-103 2.36754591193e-103 0.00172685980921
had 0.00419353064654 1.99420449853e-103 0.00271817324598 2.37687622001e-103 4.31059633053e-83
hand 1.39785820837e-103 1.99104396413e-103 0.00271808773112 2.36821636621e-103 1.72685980921e-103
happy 1.173985871e-34 2.42778114185e-39 0.00171804096104 0.00272390224754 0.00210228446361
hardest 1.39785820838e-103 1.99798086455e-103 2.71808773112e-103 0.00236754045869 1.72685980921e-103
hast 2.66609878933e-31 1.99226428439e-103 2.71811025668e-103 2.62450915495e-84 0.00518057942762
hate 0.00125124688947 0.00207355644004 0.00291439194325 0.00234675243501 1.96829331542e-19
hath 1.39795777628e-103 0.00225188082612 6.81125487887e-57 4.68673681595e-78 0.00150063241201
have 0.0124864944765 0.00538825769318 2.39971554999e-42 1.7823884251e-21 0.00753111601677
he 0.00144272511693 8.3525066805e-26 2.72016440462e-103 0.00955925746722 0.0102407465732
head 1.39785822909e-103 0.00199104396413 2.71808773112e-103 2.36754045869e-103 1.72685980921e-103
hear 2.94555592079e-16 1.40358450485e-54 2.73670085039e-103 0.00473508091737 5.26243433995e-55
hearsay 1.39785820837e-103 0.00199104396413 4.96598757712e-63 2.36953018434e-103 1.73342593125e-103
heart 1.25424892257e-84 0.00597484982551 0.00842323133364 4.4970115684e-76 0.00328134836584
hearts 2.12467434983e-103 0.00206059618917 3.68334028343e-62 4.1024080457e-70 0.00339339601721
heats 1.39785820837e-103 1.99104396414e-103 2.71808773112e-103 2.36839003974e-103 0.00172685980921
heaven 0.00170691933305 1.60258202586e-98 2.71825351323e-103 4.05873232897e-41 0.00307191749314
heavens 1.39785820839e-103 1.99104396439e-103 2.71808773112e-103 2.36754045869e-103 0.00172685980921
heavy 0.00139785820837 1.99350320738e-103 2.71808773112e-103 2.36754045869e-103 1.72685980921e-103
heed 4.17636774971e-79 1.99825145568e-103 2.71808773112e-103 0.00236754045869 1.72685980921e-103
heir 1.39785820837e-103 1.99104396413e-103 0.00271808773112 2.37753970766e-103 1.72685980921e-103
hell 2.21315396092e-39 4.21073109181e-78 0.00574649353623 5.60617748303e-94 0.00152970803817
help 1.39785820837e-103 1.99487748751e-103 2.46158805583e-81 2.36881277389e-103 0.00172685980921
hence 0.00279514176346 1.13813417342e-57 0.00543729285602 1.05432679218e-96 1.30902767834e-51
her 0.00443314541282 9.94314493098e-61 3.53405955447e-103 2.37144977659e-103 0.00315776315999
here 0.00139785820837 1.99351930087e-103 2.71808773112e-103 2.36754045869e-103 1.72685980921e-103
heres 0.00139785820837 1.99368651415e-103 2.71808773112e-103 2.36760722821e-103 1.78564350788e-103
hers 0.00139785820837 1.99104396413e-103 2.71808773112e-103 2.3699919548e-103 1.72685980921e-103
herself 1.39949283702e-103 2.01026232805e-103 2.71829210945e-103 2.36754851389e-103 0.00172685980921
hide 1.39785820837e-103 1.99104396413e-103 0.00271808773112 2.37752797975e-103 1.72685980921e-103
high 0.00139785820032 1.9976558854e-103 2.71834458962e-103 3.05196674895e-97 9.94493902886e-12
him 0.0125755581286 0.00110081800014 2.71827248097e-103 0.00345750614356 0.0017103367638
himself 1.39936555681e-103 1.99131779606e-103 2.71808773112e-103 2.36754046126e-103 0.00172685980921
his 0.00139806754316 0.0119459656181 1.16250180609e-56 2.65416441406e-42 1.72685981516e-103
hold 1.40364766805e-103 1.63533920314e-57 2.72019543688e-103 0.00229435370879 0.00178024147646
hope 8.470561885e-27 5.79699039746e-57 0.00290859270279 4.25054152722e-93 0.0016058278884
how 0.00139785820837 0.00397026571331 0.00273422691138 2.3726834787e-103 1.72685993962e-103
if 0.0181721567089 1.99317459136e-103 2.71809264398e-103 2.37464024037e-29 1.73190386205e-103
ignorance 1.39785820837e-103 1.99104396413e-103 0.00271808773112 2.36821636621e-103 1.72685980921e-103
ill 1.39795202449e-103 0.0108347383796 0.00598201076691 0.00321380995105 3.11504457391e-30
ills 1.39785820838e-103 1.99934823612e-103 2.71808773112e-103 0.00236754045869 1.72685993332e-103
image 1.39785820838e-103 5.60035535568e-32 2.71808773112e-103 0.00236754045869 1.72685980921e-103
images 1.39785820837e-103 1.99104396413e-103 2.71808773112e-103 2.36754045869e-103 0.00172685980921
impeached 1.39785820837e-103 2.85292621515e-84 2.71808773112e-103 2.36754045869e-103 0.00172685980921
import 0.00139785820837 1.99796195397e-103 2.71888313273e-103 2.37713551314e-103 3.01736742347e-90
in 0.00785380956745 0.0531376820681 3.44700848265e-48 0.0140894685729 0.0185500822389
incapable 1.39818578038e-103 1.99104396413e-103 2.71808773112e-103 0.00236754045869 1.72685980921e-103
informer 1.39785820837e-103 0.00199104396413 9.02977480409e-69 2.36898597531e-103 1.72685988216e-103
ink 1.39839416606e-103 0.00199104396413 1.1916556784e-91 2.03555809537e-78 2.31305250139e-87
into 1.40067420412e-103 2.01220592703e-103 2.71895219103e-103 2.89159946968e-81 0.00172685980921
inward 3.68503261162e-66 3.04749068373e-25 5.52225789123e-98 5.94610612539e-98 0.00172685980921
is 0.00861924488372 0.0204334624754 3.65772075999e-65 0.0108226800632 3.23738195639e-44
it 0.00149247594121 0.00215466625017 0.00377583878811 0.00238109286116 0.0180547619023
jacks 0.00139785820837 1.99392751999e-103 2.71808773112e-103 2.36783043888e-103 1.72685980921e-103
joy 0.00279503484337 8.55498092443e-07 7.65595855906e-40 5.11935900878e-89 0.00172695981326
judgment 0.00139785820837 1.99673851762e-103 2.71808773112e-103 1.89084973421e-26 1.72795136468e-103
keep 2.21940459371e-61 2.00243133771e-103 2.71808773112e-103 2.36754045869e-103 0.00172685980921
keeps 1.39787871362e-103 0.00199104396413 2.79312758702e-103 5.90607617902e-47 1.72693668593e-103
keepst 1.3995948862e-103 1.9940744783e-103 2.72364522176e-103 2.37045416906e-103 0.00172685980921
kept 1.39785820838e-103 1.99788072396e-103 2.71808773112e-103 0.00236754045869 1.72685980921e-103
kill 0.00279571641675 1.99104396413e-103 0.00271808773112 3.72908373891e-78 1.72685980921e-103
kind 1.39785820837e-103 1.99104396413e-103 2.71808838569e-103 2.36754049601e-103 0.00172685980921
king 1.39785820837e-103 0.00199104396413 2.71810377267e-103 2.36754189493e-103 1.72685981762e-103
kingdoms 1.40869025664e-103 1.79557080379e-74 2.71810077865e-103 0.00236754045869 1.72685980921e-103
kings 1.39785820837e-103 1.99104396413e-103 0.00271808773112 2.37193101074e-103 1.72685980921e-103
kiss 1.39785820837e-103 1.99104396413e-103 0.00271808773112 2.37193141468e-103 1.72685980921e-103
knife 1.39785820837e-103 1.99104396413e-103 0.00271820810137 2.36822320329e-103 0.00172678333539
know 4.34293968352e-97 1.53167677823e-07 0.00270763132143 0.00531287216723 0.0030387949254
knows 1.39785820916e-103 0.00398208792827 2.71808773112e-103 2.07661701999e-28 1.72685980945e-103
lack 1.39785820838e-103 1.99795589365e-103 0.00271304711682 0.00237193099331 1.72685981073e-103
lacked 0.00136037810477 1.99806098958e-103 2.71814307382e-103 1.89416862718e-98 0.00177316127538
large 1.39785820837e-103 0.00199104396413 5.65189534249e-32 2.36996021016e-103 1.07988965441e-21
lascivious 1.3978582084e-103 1.99104396413e-103 2.71808773112e-103 0.00236754045869 1.72685980921e-103
last 1.39785820837e-103 0.00199104396413 2.95419101298e-58 2.36934704389e-103 1.72685983664e-103
laws 1.39785820837e-103 1.99104396413e-103 0.00271808773112 2.37753969984e-103 1.72685980921e-103
leads 1.39820057579e-103 1.99847441937e-103 2.71812326679e-103 0.00236754045869 1.72686694641e-103
learn 0.00279571641675 1.99269824946e-103 2.71808773112e-103 2.3677229188e-103 1.72685980921e-103
learning 1.40384485046e-103 1.99175113682e-103 2.7180914142e-103 7.79474130844e-80 0.00172685980921
least 7.68371952003e-62 4.49380075688e-54 8.64450977301e-95 7.69719111348e-08 0.00172680366668
leave 3.73040605074e-27 1.89996893979e-35 2.71825578431e-103 1.97686527281e-74 0.00690743923683
leaves 0.00139785820837 1.99788198916e-103 2.71808773112e-103 4.10319005567e-93 1.72685980922e-103
leese 0.00139785820837 1.99104396413e-103 2.71808773112e-103 2.36754095311e-103 1.72685980921e-103
length 1.14277339656e-58 7.75015429998e-93 2.71808773112e-103 0.00236754045869 1.72685980935e-103
lesser 0.00139785820837 3.1309768067e-21 4.7870688105e-101 2.9523438549e-88 9.55427133095e-85
lesson 1.39823242121e-103 0.00199104396413 2.48846907717e-37 2.3715409859e-103 6.44617775289e-73
lest 0.00279571641675 1.99104396413e-103 2.71808773112e-103 2.36876805009e-103 1.72685980921e-103
let 0.0041920295588 0.0019932446242 2.71808773112e-103 7.16552451512e-11 1.72685981312e-103
lie 2.2242149427e-92 1.9934305877e-103 2.71808773112e-103 2.36754055595e-103 0.00172685980921
lies 5.26419566108e-100 0.00199234475633 0.00271808773112 4.8693907919e-17 0.00172573161425
life 1.39801888508e-103 1.99115752715e-103 0.00271808898828 2.37839404259e-103 0.00518057862892
like 0.00419053782459 0.00199536944087 2.71809730994e-103 1.80934369657e-13 1.7272221812e-103
lilies 0.00139785820837 1.99104396413e-103 2.71808773112e-103 2.36754045869e-103 1.72685980921e-103
limbs 4.34265486881e-48 3.13300314506e-80 4.42121197485e-71 2.37360539387e-103 0.00172685980921
line 1.39785820837e-103 1.99104396413e-103 0.00271808773112 2.37193101072e-103 1.72685980921e-103
lines 1.40004478905e-103 1.21433758881e-63 7.11178369799e-42 1.34400235234e-81 0.00172685980921
lips 1.39842474683e-103 1.31792541547e-64 2.71811969395e-103 2.3675431894e-103 0.00172685980921
live 1.31879133987e-49 0.00658199271938 2.03671028278e-18 1.13226751919e-24 0.00983308548748
lived 0.00139785820837 2.45143068509e-42 0.00271808773112 1.45817132543e-56 5.45630715308e-37
lives 0.00421115619361 2.94623732467e-34 0.00268390096931 1.01743561068e-40 4.51223694899e-37
lo 0.00139785820837 1.99104396413e-103 2.71808773112e-103 2.36754045869e-103 1.72685980921e-103
long 0.0055908495985 4.69381399246e-73 0.00271922181173 2.37447133331e-103 1.18542966483e-75
longer 1.39785820837e-103 0.00181401535006 0.00295975959405 2.37632726219e-103 5.88822127898e-74
look 5.38982935437e-35 0.00333271408857 0.00280114792022 0.00559310943292 0.00161146351056
looks 1.39785820837e-103 0.00199104396413 3.62359403198e-103 2.36964877502e-103 1.726859884e-103
lose 1.39917518475e-103 2.01246250313e-103 0.00271808773112 2.37193141468e-103 0.00172685980921
loss 1.39785820837e-103 0.00199104396413 2.71808817503e-103 5.95098296667e-20 1.72685980921e-103
losses 1.39785820838e-103 1.99787982737e-103 2.71808773112e-103 0.00236754045869 1.72685981018e-103
lost 0.00139785820837 2.20557665499e-71 2.71913473523e-103 9.5051673641e-99 1.72776220035e-103
loud 1.39795207925e-103 2.00849332827e-103 2.71808773112e-103 2.36754045869e-103 0.00172685980921
love 0.00436070498199 0.0119115295958 0.00902889758933 0.00354736323406 0.0450326491444
loved 1.39785820837e-103 0.00199104396413 0.00271808773112 2.02508698288e-17 1.72685980921e-103
lovely 1.39785820837e-103 1.28557592096e-46 0.00271808773112 2.37901291881e-103 8.8137886249e-33
lovers 1.40001979456e-103 9.44132119476e-48 0.00271808773112 2.37904625007e-103 2.91561360388e-32
loves 0.00142535471622 2.65569692007e-07 2.71823962316e-103 0.00473619634034 0.00341870758883
loving 1.39785820837e-103 0.00199104396413 1.03218429214e-59 2.36953916057e-103 1.24072115722e-62
lovst 4.77165642164e-24 1.99516651989e-103 2.7181836921e-103 2.36790148559e-103 0.00345371961842
made 1.39785820837e-103 0.00199104396413 2.71821588463e-103 2.36767473226e-103 1.72685980924e-103
maintain 1.39785820837e-103 1.99104396413e-103 0.00271808773112 2.373900404e-103 1.72685980921e-103
make 0.00698510356944 6.99125518864e-44 0.00816240559105 4.87811867116e-69 3.00688544374e-18
makes 0.00167430219733 2.46323029858e-44 2.25444454728e-64 0.0041406630764 0.0018189139252
maketh 1.39785820838e-103 4.77261170148e-89 2.71808773112e-103 0.00236754045869 1.72685980921e-103
man 1.39910680923e-103 2.01147032705e-103 2.71808826444e-103 2.36754046093e-103 0.00172685980921
many 1.39785820837e-103 1.99104396413e-103 2.71808773112e-103 2.36754045869e-103 0.00172685980921
map 1.55043346246e-33 0.00199104396413 2.71808782696e-103 2.36754046562e-103 1.72686006274e-103
masked 1.39916199405e-103 1.30955207383e-61 2.71811705343e-103 0.00236754045869 1.72686567681e-103
matcheth 1.39785820837e-103 0.00199104396413 2.71809121883e-103 2.89044336886e-19 1.72685980921e-103
matter 2.41791986155e-94 4.83615001615e-58 0.00271304698985 0.00237193110391 1.72685980965e-103
may 1.98103549721e-103 4.23821174816e-13 2.71808773112e-103 0.0142052427516 1.73054158707e-103
mayst 2.54167628446e-34 8.91181138464e-86 1.2205396636e-87 8.79756700238e-31 0.00863429904604
me 0.0107043172499 0.0108460667307 0.0428414167066 0.00741825028558 1.29702049754e-22
meant 1.39785820837e-103 7.24221037776e-45 5.25560606597e-54 2.6827527986e-54 0.00172685980921
meet 1.39785820837e-103 1.99104396413e-103 0.00271808773112 2.37193101072e-103 1.72685980921e-103
men 5.73505767217e-23 2.00221343793e-103 0.00542827937468 0.00234454070835 0.00347551195609
methinks 1.39785820837e-103 0.00199104396413 5.71964348791e-97 2.06402241801e-25 1.72685980958e-103
might 1.39910348039e-103 2.27344836371e-63 0.00269513461052 0.00475507381203 1.3973936784e-42
mind 0.00139785820837 3.00129610977e-57 0.00815426319337 2.37319491392e-103 1.72685980921e-103
mine 0.0118395563109 6.19818390152e-58 0.00273116581895 9.86344623477e-38 0.00436102048697
miracle 3.33576676413e-70 2.16558244006e-103 2.71808773112e-103 0.00236754045869 9.18581808818e-23
mistress 1.3978582084e-103 0.00199104396413 2.83708659353e-57 2.36953195209e-103 1.84027010281e-98
moan 1.39785820837e-103 1.99104396413e-103 0.00271808773112 2.37193470955e-103 1.72685980921e-103
mock 0.00139785820837 1.99781986762e-103 2.71814145304e-103 7.24386371503e-98 1.05169697911e-54
monument 1.39785820837e-103 1.99104396413e-103 0.00271808773112 2.37247245181e-103 1.72685980921e-103
more 8.26018460769e-75 0.014540107094 2.70966441096e-69 0.0134884570539 2.21737234773e-85
most 1.40015685012e-103 1.7008200767e-54 2.71808773112e-103 0.00473508081092 0.00690743931448
mourn 1.39785820838e-103 1.99104396422e-103 2.71808773112e-103 2.36754045869e-103 0.00172685980921
mouths 1.39849331573e-103 2.31206740169e-33 2.71809863606e-103 0.00236754045869 1.72687085311e-103
much 1.82896681441e-103 0.00199226888099 7.75490337764e-60 2.36992705293e-103 0.00345265723118
murdrous 1.39917518475e-103 2.01246443869e-103 2.71808773112e-103 2.36754045869e-103 0.00172685980921
muse 1.39785820837e-103 0.00398208792827 1.08058146686e-84 2.73564230752e-103 1.7268598093e-103
must 0.0014525406663 2.48422686628e-65 5.18092845114e-93 0.00479995321016 0.00679256946216
my 0.0011462376839 0.0394586079342 7.51785861798e-17 0.0754302854663 0.0129544985578
name 1.41029627084e-103 2.00635512151e-103 2.71865179781e-103 2.36967457547e-103 0.00345371961842
nature 1.39785820837e-103 5.61552173786e-47 0.00271808773112 2.37901139058e-103 2.61148491054e-34
near 1.39785820837e-103 2.96553904471e-57 0.00552250100704 5.24310181194e-63 0.00167201532715
need 1.39785820838e-103 1.99788072396e-103 2.71808773112e-103 0.00236754045869 1.72685980921e-103
needs 2.45554815158e-95 1.99794239861e-103 2.71808773112e-103 0.00236754045869 1.72685980921e-103
neer 1.99333140338e-61 3.40543688222e-69 2.71833682826e-103 0.00473508091737 3.44768186359e-55
never 0.00279571641675 1.99563983125e-103 2.71849689567e-103 2.53324970784e-103 1.72789086766e-103
new 1.398060239e-103 2.00113184682e-103 0.00271870418006 2.37175737454e-103 0.00518018778431
next 1.39802242965e-103 1.99111985499e-103 2.71873187765e-103 2.36757590566e-103 0.00172685980921
night 4.03099513154e-78 2.00574997442e-103 0.00271835220127 9.28325201081e-97 0.00345355159482
nightly 0.00139785820837 2.21419705953e-59 2.71808773112e-103 2.36754045869e-103 1.72685980921e-103
nights 7.72946266323e-82 4.33663418447e-92 2.71814661476e-103 2.36754385557e-103 0.00345371961842
no 0.00279053907402 0.0106554409936 2.00228424329e-18 0.00249491657705 0.00966733645287
none 0.0069892842462 1.23641538897e-82 0.00271810094508 2.37025988806e-103 1.72686107693e-103
noon 1.39785820837e-103 1.99104396413e-103 0.00271808773112 2.37271663253e-103 1.72685980921e-103
nor 2.47131951348e-89 1.24901832187e-82 3.92615545337e-51 4.02025355275e-85 0.00518057942762
not 0.0103670769376 3.8213008713e-41 0.00382845983174 2.39716190834e-50 0.0313858269541
nothing 2.9232174271e-57 0.00199324427613 4.43478943143e-60 0.00710000499602 1.74366533372e-36
nought 0.00139785820837 1.99771138718e-103 2.71808773112e-103 8.39824556043e-95 1.72685980922e-103
now 0.00277557538918 0.00365672710105 0.00284802240046 2.66531036651e-09 0.00367823873785
odour 1.39884549366e-103 1.99127254874e-103 2.71808773112e-103 2.36754045869e-103 0.00172685980921
of 1.56247657708e-60 2.32202371508e-42 8.53109400968e-28 0.00238340676531 0.056974800982
off 1.39965471642e-103 1.99134582281e-103 2.71808773112e-103 2.36754047365e-103 0.00172685980921
office 1.39884288234e-103 4.57574293604e-69 2.71808773112e-103 2.36754045869e-103 0.00172685980921
offices 0.00139785820837 1.99356761802e-103 2.71808773112e-103 2.36754045886e-103 1.72685980921e-103
oft 0.00139785818231 1.99405813873e-103 2.71809025413e-103 2.36759653669e-103 3.2192919078e-11
often 1.39785820837e-103 0.00199104396413 6.70936253226e-63 2.3702730481e-103 1.72970875671e-103
old 0.00139574382812 5.37419967367e-68 0.00544028680273 9.43940249223e-86 8.3330812207e-35
on 0.00305733204631 0.00303300344102 3.51761836804e-69 0.012523157781 1.73004789838e-103
once 1.39785820837e-103 0.00199104396413 3.10455426608e-62 2.36979257327e-103 1.7268598132e-103
one 0.00140236490342 5.21609946381e-16 0.0162666818836 0.00239635539481 2.63486600704e-44
only 1.40379747288e-103 1.99104396413e-103 2.71808773112e-103 0.00236754045869 1.72685980921e-103
onward 2.28005706051e-40 9.94890286784e-77 2.71837238433e-103 2.36755100062e-103 0.00172685980921
or 0.00830216174988 0.00499864167884 1.66073616216e-10 3.19862389418e-37 0.00267703872764
other 0.00139785820837 1.99732849163e-103 2.71814161107e-103 7.75419426627e-97 1.05871836634e-70
others 0.00144018071767 6.08506710556e-82 9.67104890952e-79 2.10978968373e-68 0.00340143603208
our 1.40123264907e-103 2.02571670118e-103 2.71808773112e-103 2.36754045869e-103 0.00172685980921
out 3.39468040503e-65 2.07975056551e-103 0.0027167332224 0.00236872027866 1.72685983547e-103
outgoing 1.97360635964e-80 0.00198947403909 2.72939543002e-103 1.86679004168e-06 6.80621831464e-19
outright 1.39830602945e-103 3.46671040234e-102 2.71808773112e-103 0.00236754045869 8.68961573375e-79
outward 6.2057278447e-94 0.00164536136749 7.83434625187e-51 2.37068016378e-103 0.0020266750788
owe 1.39785820837e-103 1.99104396413e-103 0.00271808773112 2.37120047973e-103 1.72685980921e-103
owes 7.82839155e-33 1.99210082699e-103 2.71882257479e-103 2.36783654947e-103 0.00172685980921
own 1.39801560738e-103 4.85127469455e-61 5.22031959909e-103 2.36773086125e-103 0.00345371961842
pain 0.00139785820837 1.99691105881e-103 0.00543617546225 2.41696141405e-103 1.72685980923e-103
painting 0.00139785820837 0.00199104396413 1.00690391251e-102 5.29747574074e-86 1.72685981829e-103
pale 1.39786136939e-103 1.99109487014e-103 2.71808773112e-103 2.36754045869e-103 0.00172685980921
part 1.39785820837e-103 1.99104396413e-103 0.00543617546225 2.37430711098e-103 1.72685980921e-103
pay 1.39785820837e-103 1.99104396413e-103 0.00271808773112 2.37602584579e-103 1.72685980921e-103
pays 0.00139785820837 1.99357272308e-103 2.71808773112e-103 2.36754045869e-103 2.93844424016e-53
pearl 1.39785820837e-103 1.99104396415e-103 2.71815524252e-103 2.36754430787e-103 0.00172685980921
pen 1.39785820837e-103 1.99104396413e-103 0.00271808773112 2.37226421065e-103 1.72685980921e-103
pent 1.95985720806e-103 1.992271035e-103 2.71808808047e-103 5.6977877681e-66 0.00172685980921
perceivst 2.26066863664e-48 1.99185078801e-103 2.71818816327e-103 2.36803436346e-103 0.00172685980921
perforce 0.00139785820837 1.99104396413e-103 2.71808773112e-103 2.36805063771e-103 1.72685980921e-103
perjured 1.39785820837e-103 1.99104396413e-103 0.00271808773112 2.37193231456e-103 1.72685980921e-103
picture 8.91486775267e-86 1.98545501588e-55 2.72807705714e-103 3.16454117237e-10 0.00172685957839
pine 0.00139763348325 1.99415508859e-103 2.71808828472e-103 2.36755237068e-103 2.77616706991e-07
pity 0.0027962107943 1.99132162902e-103 2.71840181441e-103 2.37072666803e-103 0.00172624907435
plague 1.39799311608e-103 0.00398208792827 2.71999501556e-103 1.47142412434e-23 1.72725172682e-103
play 1.39785820837e-103 1.99104396413e-103 0.00271808773112 2.37193101072e-103 1.72685980921e-103
please 1.39837690898e-103 1.99783544402e-103 2.71808773112e-103 0.00236754045869 1.72685985953e-103
pleasure 1.39829109181e-103 1.99125740415e-103 0.00271865747557 2.37205920973e-103 0.00172649783826
poets 1.39850689956e-103 2.00086616784e-103 2.71814723303e-103 2.36754350268e-103 0.00345371961842
poison 0.00139785820837 1.99370540764e-103 2.71808773112e-103 2.65234305562e-94 1.72685980921e-103
poisoned 2.32549226225e-53 2.6059589315e-36 2.71808773112e-103 2.36754045869e-103 0.00172685980921
poor 1.39785820837e-103 0.00199104396413 2.69815857788e-90 2.36809752848e-103 1.72685984307e-103
praise 3.82145439115e-44 0.00325415213137 0.0117595466129 7.58286031919e-33 0.00179455396362
praises 1.4025418312e-103 0.00199104396411 3.40614326265e-14 2.3843422047e-103 6.32526690086e-20
praising 0.00279571641675 1.99228086275e-103 2.71808773112e-103 1.43914696505e-34 1.75194790535e-103
pray 1.39785820837e-103 1.99104396413e-103 2.71808773112e-103 2.37023236849e-103 0.00172685980921
present 1.39785820837e-103 0.00199104396413 7.50305981643e-60 2.36952955624e-103 1.7268598132e-103
presume 0.00139785820837 1.99104396413e-103 2.71808773112e-103 8.01649113636e-18 1.72685980921e-103
preventst 1.39926329713e-103 1.9912877965e-103 2.71808773112e-103 2.36754045869e-103 0.00172685980921
pricked 0.00139785820837 1.99518402411e-103 2.71825699736e-103 2.36870435865e-103 5.5383858563e-68
print 0.00139785820837 1.99835307119e-103 2.71834624472e-103 1.71216838735e-92 1.72685980923e-103
privilege 1.39785820837e-103 1.99104396413e-103 0.00271808773112 2.37193101072e-103 1.72685980921e-103
prize 3.57837678633e-68 0.00199104396413 1.08866720862e-73 6.57987528531e-98 1.72685983652e-103
proceeds 1.39785820837e-103 1.99104396413e-103 0.00271808773112 2.37551226183e-103 1.72685980921e-103
profit 0.00139785820837 1.99537997904e-103 2.71808773112e-103 2.3686904794e-103 1.7268598129e-103
prognosticate 1.39785820837e-103 1.99104396413e-103 0.00271808773112 2.3843376928e-103 1.72685980921e-103
proud 1.39830343283e-103 4.26957658283e-20 1.80697878376e-69 9.19115804931e-74 0.00172685980921
prove 1.39785820837e-103 0.00143603529464 0.0116300249299 2.38990895431e-103 2.27199390296e-75
proved 1.39785820837e-103 1.99104396413e-103 0.00271808773112 2.37125046625e-103 1.72685980921e-103
proves 1.40032819343e-103 1.99145881687e-103 2.71808773112e-103 2.36754045869e-103 0.00172685980921
pure 7.06161236794e-48 1.94357315448e-51 2.71809711876e-103 2.36754423339e-103 0.00172685980921
purpose 1.39869969911e-103 0.00398203722811 8.22257284081e-52 6.02873026072e-08 2.15483386286e-26
put 6.54766672605e-30 5.13873282683e-47 2.18784173898e-74 0.00236754045869 1.73117874152e-38
quiet 1.39879749928e-103 2.2330762155e-42 0.00271808773112 2.37903684654e-103 7.23030017432e-36
raised 1.39785820837e-103 0.00199104396413 2.71817981672e-103 2.13394905246e-17 1.72685981022e-103
ransom 9.38477806517e-69 0.0019607188917 3.78938526361e-59 2.36982429153e-103 0.00175316116153
ransoms 1.39852235989e-103 1.99798471496e-103 2.71808773112e-103 0.00236754045869 1.72685980921e-103
rare 1.39785820837e-103 1.99104396413e-103 0.00543617546225 2.37200518029e-103 1.72685980921e-103
read 1.8222139221e-91 9.16579343333e-95 2.71808773112e-103 0.00236754044991 0.00172685981561
rebuked 0.00139785820837 2.00155257341e-103 2.71808773112e-103 2.37337701131e-103 1.7268598093e-103
receiving 0.00139785820837 1.99104396413e-103 2.71808773112e-103 2.36754045869e-103 1.72685980921e-103
reign 1.39785820837e-103 1.99104396413e-103 0.00271808773112 2.36821636621e-103 1.72685980921e-103
remain 1.39785820837e-103 1.99104396413e-103 0.00271808773112 2.37119928842e-103 1.72685980921e-103
remains 1.39785820837e-103 1.99104396413e-103 0.00271808773112 2.37026243185e-103 1.72685980921e-103
remember 1.39865265785e-103 4.82392565813e-50 0.00271808773112 2.37902491941e-103 5.0562834562e-33
remembered 1.39785860629e-103 0.00398208792827 2.71808810638e-103 3.41160629825e-17 1.72698992588e-103
remove 1.39785820837e-103 0.00199104396413 2.71808773112e-103 8.36999668528e-20 1.72685980921e-103
removed 1.39785820837e-103 1.99104396413e-103 0.00271808773112 2.37160270966e-103 1.72685980921e-103
replete 1.39893960919e-103 2.03729476128e-103 2.71808773112e-103 4.0398329405e-63 0.00172685980921
report 1.39785820837e-103 1.99104396413e-103 0.00543617546225 2.37193101072e-103 1.72685980921e-103
respect 1.39785820837e-103 1.99104396413e-103 0.00271808773112 2.37193101072e-103 1.72685980921e-103
restored 1.39785820837e-103 0.00199104396413 2.71835178701e-103 2.36756409206e-103 2.62316994382e-57
return 0.00139785820837 1.99350320738e-103 2.71808773112e-103 2.36754045869e-103 1.72685980921e-103
rhyme 1.39785820837e-103 1.99104396413e-103 0.00271808773112 2.37217239106e-103 1.72685980921e-103
rich 1.39785820837e-103 0.00199104396413 2.7417207521e-103 2.36963967574e-103 9.06585502089e-97
rid 1.06841240209e-92 2.00104594996e-103 2.71831140513e-103 3.95031827076e-57 0.00172685980921
right 5.87742414199e-63 0.00208259532032 9.1096673015e-92 2.22718538445e-76 0.00337431586826
rise 1.39947083922e-103 2.53046309093e-47 2.71828716923e-103 2.36754926341e-103 0.00172685980921
robs 1.39785820837e-103 0.00199104396413 2.42720644855e-91 2.70116418306e-37 1.72685987132e-103
rose 1.40413605021e-103 6.7857488988e-46 2.72165131861e-103 7.4580188319e-95 0.00172685980921
rude 1.39785820837e-103 4.8193091565e-48 0.00271808773112 2.37901840039e-103 1.25781883229e-18
run 1.41572242769e-103 1.9943230897e-103 2.71808773112e-103 2.36754045869e-103 0.00172685980921
sad 1.39785820837e-103 1.99104396413e-103 0.00271808773112 2.37100546265e-103 1.72685980921e-103
same 1.39785820838e-103 1.99823534093e-103 2.71808773112e-103 0.00236754045869 1.72685980925e-103
saucy 0.00139785820837 1.99350320738e-103 2.71808773112e-103 2.36754045869e-103 1.72685980921e-103
save 0.00419439324549 0.0019898779595 2.72054241452e-103 3.84798673911e-22 3.4004706676e-98
saved 0.00139785820837 1.99781456533e-103 2.71814149738e-103 1.07094901025e-91 7.45635135125e-56
say 0.00138802819374 0.00383033403315 0.00294436976198 5.97389587177e-86 1.72685981322e-103
saying 1.39785820837e-103 0.00199104396413 3.25539169377e-92 9.64609583921e-25 1.72685981002e-103
says 1.39785820837e-103 1.99104396413e-103 2.71819009966e-103 2.36754629519e-103 0.00345371961842
scope 1.39785820837e-103 1.99104396413e-103 0.00271808773112 2.3682438289e-103 1.72685980921e-103
scorn 1.7002051635e-10 1.99634542909e-103 2.71823711297e-103 2.3728008125e-103 0.00172685959917
scythe 1.39949067598e-103 2.01087856428e-103 2.71822930213e-103 2.36754603841e-103 0.00518057942762
seal 0.00139785820837 1.99955219548e-103 2.71808773122e-103 1.19813206573e-99 1.72685980925e-103
seat 1.39785820837e-103 1.99104396413e-103 2.71808808039e-103 2.36805023637e-103 0.00172685980921
see 0.000746607354663 1.39624108387e-62 0.00427913443294 2.74266466788e-83 0.0067202026132
seeing 1.3978582087e-103 0.00199104396413 1.10360778781e-95 2.41677716743e-103 1.72685984311e-103
seek 1.39785820837e-103 0.00199104396413 2.7180877313e-103 2.3675404587e-103 1.72685983625e-103
seem 0.00139381177255 0.00398238189183 1.81402744421e-45 2.37171605711e-103 0.00173160366042
seemed 1.39827539263e-103 1.99788894266e-103 2.71808773112e-103 0.00236754045869 1.72685980921e-103
seeming 1.39785820837e-103 0.00199104396413 3.16085104959e-61 2.36952983471e-103 1.72685981321e-103
seen 1.39785820837e-103 1.99104396413e-103 0.00271808773112 2.37160270966e-103 1.72685980921e-103
self 1.50612134004e-43 0.00704737782588 2.74494609262e-56 7.31184627887e-42 0.0163368898219
sell 1.39785820837e-103 1.99104396413e-103 0.00271808773112 2.3725553696e-103 1.72685980921e-103
send 0.00139785820837 1.99104396413e-103 2.71808773112e-103 2.36754045869e-103 1.72685980921e-103
shadow 1.39866245014e-103 2.00430160765e-103 2.71808773112e-103 2.36754047571e-103 0.00172685980921
shall 0.00605908476881 0.0081379757231 2.91775420939e-91 4.15131313369e-11 0.00445212132196
shalt 2.46343238324e-46 0.00169188954116 2.72296876941e-103 0.00035572303402 5.14122282702e-78
shame 1.39785820837e-103 0.00199104396413 8.00221530215e-65 2.36952955624e-103 1.7268598132e-103
shamed 0.00139785820837 1.99794100573e-103 2.71871516165e-103 7.54731187625e-96 4.83167061801e-15
she 0.00702691063796 2.58595670844e-39 0.00503586335421 0.00268561202632 0.00170271479289
sheds 1.39785820837e-103 1.99104396413e-103 0.00271808773112 2.37412911971e-103 1.72685980921e-103
shine 1.39785820837e-103 0.00199104396413 4.9815404039e-60 2.36953041372e-103 1.72685981321e-103
should 3.79808052288e-11 2.1012764584e-48 2.21050130654e-08 4.45023785927e-86 0.00863428495533
shouldst 0.00139785820837 5.8722571753e-39 0.00271808773112 2.37901251874e-103 5.36048826194e-33
show 6.11167806684e-98 2.56338815095e-31 0.00823615259402 0.00923188587933 0.00357548956067
shows 0.000254611785384 0.00196118255001 0.00291917811177 2.37226429751e-103 0.00131046444113
shun 0.00139785820837 1.99372497064e-103 2.71808773112e-103 2.36754046529e-103 2.5957707849e-89
sick 1.39859723972e-103 2.02358578912e-103 2.71808773112e-103 0.00236754045869 1.72685980921e-103
sight 1.39785820837e-103 1.99104396413e-103 0.00271808773112 2.37438024284e-103 1.72685980921e-103
silent 1.39785820837e-103 0.00199104396413 2.71826127152e-103 6.91015690331e-18 1.72685981057e-103
sin 1.39785820838e-103 7.33636966044e-97 2.71808773112e-103 0.00473508091737 1.72685981544e-103
since 0.0125807238754 2.00841973172e-103 2.72158979834e-103 7.10642766089e-36 2.25707485322e-66
sing 1.39785820838e-103 1.99104396421e-103 2.71808773112e-103 2.36754045869e-103 0.00172685980921
single 0.00125008132341 1.99632048451e-103 2.71809385769e-103 4.5359082528e-35 0.00190941764078
sings 0.00139785820837 1.99104396413e-103 2.71808773112e-103 3.49478526033e-49 1.72685980921e-103
sit 1.39785820837e-103 1.99104396413e-103 0.00271808773112 2.37193135577e-103 1.72685980921e-103
sits 1.39785820837e-103 1.99104396413e-103 0.00271808773112 2.37193101072e-103 1.72685980921e-103
skill 1.39785820837e-103 1.99104396413e-103 0.00271808773112 2.37163604658e-103 1.72685980921e-103
slain 1.39785820837e-103 1.99104396413e-103 0.00543617546225 2.37798116799e-103 1.72685980921e-103
slander 5.36059697987e-44 1.99576575439e-103 2.71809072118e-103 2.36784390957e-103 0.00172685980921
sleep 1.40448711486e-103 1.99215444782e-103 2.71831030175e-103 2.36755314817e-103 0.00345371961842
slight 1.39795208848e-103 1.99110399533e-103 2.71808773112e-103 2.36754045869e-103 0.00172685980921
slow 1.39785820837e-103 1.99104396413e-103 0.00543617546225 2.37168756267e-103 1.72685980921e-103
smell 0.00139785820837 1.9935341197e-103 2.71808773112e-103 2.36761758269e-103 1.72685980921e-103
so 0.0224708171278 0.00720800456018 0.0193570417997 0.0146386063947 1.69805142885e-57
soil 0.00139785820837 1.994954317e-103 2.71808773112e-103 2.36932817337e-103 1.72685980922e-103
some 0.0027913041984 0.00199732852194 2.73431478932e-61 1.44320339492e-87 1.73831041023e-103
sometime 1.46757757898e-103 9.16178682797e-85 2.71808894208e-103 0.00236754045869 1.72685980921e-103
son 1.39786072828e-103 1.99125935473e-103 0.00271980739366 7.44436965883e-101 0.00172576727047
song 1.39785820837e-103 1.99104396413e-103 0.00271993762071 2.37203730489e-103 0.00172568453442
sorrows 1.39785820837e-103 4.39134728118e-39 0.00543615163147 6.76414439665e-85 1.51402073141e-08
sort 1.39785820837e-103 1.99104396413e-103 0.00543617546225 2.37219853794e-103 1.72685980921e-103
soul 1.39785820837e-103 1.99104396413e-103 0.00271808773112 2.36925959881e-103 1.72685980921e-103
sourest 2.34166645679e-83 8.59468452607e-98 2.71811813265e-103 2.36754165678e-103 0.00172685980921
sourly 1.39909340381e-103 2.01111976034e-103 2.71808773112e-103 2.36754045869e-103 0.00172685980921
speaking 1.39943721213e-103 2.21200463929e-103 2.71820318241e-103 1.27706282333e-77 0.00172685980921
speechless 1.39785820838e-103 1.99941206602e-103 2.71836266799e-103 0.00236754045869 1.74449178215e-103
spent 1.39785820837e-103 1.99104396413e-103 0.00543617546225 2.37477652797e-103 1.72685980921e-103
spites 6.05651751093e-76 0.00199104396413 2.71808773112e-103 2.36754045869e-103 1.72685980921e-103
stain 1.39785820837e-103 1.99104396413e-103 2.71993763996e-103 2.36764586958e-103 0.00172685980921
staineth 1.39785820837e-103 1.99104396413e-103 0.00271808773112 2.37193101072e-103 1.72685980921e-103
stand 1.39785820837e-103 1.99104396413e-103 0.00271808773112 2.37193101073e-103 1.72685980921e-103
stands 1.39785820837e-103 0.00199104396413 2.71808877521e-103 1.79288701479e-19 1.72685980921e-103
state 1.39876673946e-103 2.02699180241e-103 2.71808773112e-103 7.63057113168e-74 0.00172685980921
still 4.42885621941e-102 0.00559110846974 0.00863412910363 1.46399245296e-71 0.00866076404242
stoln 1.39956263638e-103 3.13019675725e-47 0.00271808773112 2.37843824901e-103 1.1586386095e-22
store 1.39785820837e-103 1.99104396413e-103 0.00271808773112 2.36821636621e-103 1.72685980921e-103
stores 0.00139785820837 2.0636346789e-103 2.71808814115e-103 2.36754853336e-103 7.97261879737e-59
straight 1.41450704367e-33 2.05277499963e-85 4.37580228007e-100 5.32558701923e-100 0.00345371961842
strains 1.39787528146e-103 1.99788080066e-103 2.71808773112e-103 0.00236754045869 1.72685980921e-103
strength 1.39814880667e-103 1.09782482423e-56 2.71821589041e-103 0.00236754045869 1.72722203309e-103
strive 1.39946004207e-103 2.01258280232e-103 2.71821324063e-103 2.36754540472e-103 0.00172685980921
strong 1.39785820837e-103 1.99104396413e-103 0.00271808773112 2.37193305924e-103 1.72685980921e-103
stronger 1.39785820837e-103 1.99104396413e-103 0.00271808773112 2.37753970762e-103 1.72685980921e-103
strongly 1.28359783476e-79 2.69987200001e-103 7.11633028963e-103 1.08407505856e-80 0.00172685980921
style 1.39829274058e-103 1.99132189034e-103 2.71839669801e-103 2.36755474467e-103 0.00172685980921
subjects 0.00139785820837 1.99732849163e-103 2.71812419045e-103 1.91780543045e-95 6.34371523266e-74
suborned 1.39926385919e-103 1.99128789394e-103 2.71808773112e-103 2.36754045869e-103 0.00172685980921
substance 1.39886933584e-103 1.38977927573e-71 2.23946936574e-43 1.2224183866e-50 0.00172685980921
such 0.00140411298853 0.00998025692843 3.39845028976e-60 8.48827163872e-49 0.00169741786856
summer 1.39785820837e-103 0.00199104396413 1.39740393872e-61 2.36952955624e-103 1.7268598132e-103
summers 2.8227068474e-09 2.02548969663e-103 2.71943501396e-103 3.85235893894e-91 0.00172685632215
sun 0.00101471978359 0.00253676844715 5.55663191973e-66 2.36913197841e-103 1.72991426957e-103
suns 1.39858697409e-103 1.99104396413e-103 2.71808773112e-103 0.00236754045869 1.72685980921e-103
sure 0.00139785820837 1.99104396413e-103 2.71808773112e-103 2.3676442358e-103 1.72685980921e-103
surfeit 1.39785820838e-103 1.99862659998e-103 2.71808856649e-103 0.00236754045869 1.72687197038e-103
suspect 1.39786187598e-103 1.99827637593e-103 2.71808773212e-103 0.00236754045869 1.72685981209e-103
swear 1.39785820838e-103 1.99787921108e-103 2.71829889503e-103 0.00236755216851 0.00172685126818
sweet 1.39798884669e-103 0.00183872237112 0.00289996078351 0.00949286949607 3.96845680089e-75
sweetest 1.39785820838e-103 1.99788072396e-103 2.71808773112e-103 0.00236754045869 1.72685980921e-103
sworn 0.00279571641675 1.99834441491e-103 2.71832581557e-103 5.19332463058e-96 1.72968918086e-103
take 0.00139785820837 1.99104396413e-103 0.00271808773112 1.02734354102e-102 1.72685980921e-103
takes 8.74903495272e-55 0.00398208792791 9.88827937518e-78 1.22534603495e-32 3.04466556289e-13
teach 1.40009636652e-103 1.86878595243e-46 7.93052307643e-05 2.37360873311e-103 0.00167647548419
teachest 2.13068146047e-92 1.99138627201e-103 2.71808979866e-103 2.36754099706e-103 0.00172685980921
tears 0.00419357462512 4.6101172008e-54 1.58855472648e-61 1.06832518382e-69 6.25640414451e-21
telling 1.39859827818e-103 3.63875059986e-42 2.71808773112e-103 0.00236754045869 1.72685984041e-103
tempting 1.40165321305e-103 3.55958492457e-58 2.71808773112e-103 0.00236754045869 1.72685984689e-103
ten 1.4092983445e-103 1.99389306701e-103 2.71808773112e-103 8.66946454678e-70 0.00172685980921
th 1.39785820838e-103 1.99787723293e-103 2.71808773112e-103 0.00236754045869 1.72685980921e-103
than 0.00141522812931 3.13776477991e-89 2.73017326264e-103 1.41026488418e-54 0.00688598111027
thank 0.00139785820837 1.99351930087e-103 2.71808773112e-103 2.3675404587e-103 1.73061030133e-103
that 0.0429811686069 0.0275735516188 4.29782906234e-54 7.24716245516e-17 0.0162382407069
the 0.0329141770027 0.0113140522696 8.69766124824e-47 7.93369824744e-42 0.00823950283494
thee 0.0124142634674 0.0143871574152 0.0466495453478 0.0183022992806 2.15968114973e-38
their 1.39901090102e-103 0.0115936501482 1.43259008304e-05 0.00987697464021 5.10994516645e-18
theirs 0.00139785820837 1.99104396413e-103 2.71808773112e-103 4.45269013605e-72 1.72685980921e-103
them 0.00419716084943 1.52008871219e-32 6.95057123889e-37 4.01751481271e-38 0.00172242952681
then 0.0180305797046 0.0019660931104 0.00274670196163 0.00971469462785 7.82005536874e-43
thence 0.00419357462512 2.00612215453e-103 2.71826372168e-103 4.21176109117e-94 5.4553025285e-98
there 0.00279571641674 9.77658155532e-13 0.00271808772006 5.35115483785e-58 6.18352238546e-12
thereby 1.39785820837e-103 1.99104396413e-103 0.00271808773112 2.37753970762e-103 1.72685980921e-103
therefore 0.0013978582084 1.99104396413e-103 2.71808773112e-103 0.00236754045864 1.72685980921e-103
theres 1.39785820971e-103 1.99395517917e-103 2.71808988247e-103 0.00236754045869 1.72685980921e-103
these 0.0013993212224 4.15140488747e-96 2.71808773113e-103 2.36754047753e-103 0.0120862113137
they 1.41251438896e-103 3.57179417331e-08 6.36306521614e-82 0.0284104430322 3.36989453002e-39
thief 1.39836087707e-103 1.99137108703e-103 2.71844575751e-103 2.36755572623e-103 0.00172685980921
thievish 1.39785820837e-103 0.00199104396413 2.71808773112e-103 5.70695928762e-44 1.72685980921e-103
thine 0.00714280517997 1.78322198135e-76 2.73831266696e-103 5.11918391209e-20 0.00499093401607
thing 1.3984932515e-103 1.99788184698e-103 2.71808773112e-103 0.00236754045869 1.72685980921e-103
things 1.40900793514e-103 3.94904494559e-31 2.71966072349e-103 0.00219703770976 0.00357808258058
think 0.00310163396185 0.00193366028247 0.00220157921032 6.07866926194e-90 1.694687377e-18
thinks 1.39785820837e-103 0.00199104396413 2.71814624901e-103 7.75729561787e-31 3.14790358308e-64
this 0.0288896583143 3.08322663639e-26 0.00427832088819 0.00683621480175 0.0205002748488
those 0.00279571641675 1.99228912119e-103 2.71808773112e-103 1.41647530099e-41 1.72685980921e-103
thou 0.0165929521482 0.00666678697774 1.54762320276e-66 0.0728760771745 9.17669375714e-23
though 0.00419153151193 0.00199395407916 4.88309352372e-100 9.3214103948e-97 1.72685984306e-103
thought 0.00128603714279 6.2315802416e-53 2.91402284688e-14 2.37254319277e-103 0.0018649992162
thoughts 1.39785820837e-103 0.00199104396413 2.71808773112e-103 1.48281513422e-19 1.72685980921e-103
three 0.00139785820837 1.99358296684e-103 2.71808773112e-103 2.36754045869e-103 6.4005087844e-85
threw 1.39785820837e-103 1.99104396413e-103 0.00271808773112 1.06986293391e-93 1.72685980921e-103
thrice 1.43220892282e-103 2.00793527114e-103 2.73326696681e-103 2.36814146689e-103 0.00345371961842
thrive 1.7965015596e-102 1.99124786621e-103 2.71810650729e-103 2.36760963869e-103 0.00172685980921
thus 0.00838714925024 2.86953398244e-72 2.33879837731e-50 1.51227914289e-78 7.95557782619e-40
thy 0.00590573878151 0.0272307882565 2.24039228833e-11 0.0368503646652 0.02164391419
till 0.00559057176416 0.00199227043109 1.83065030352e-55 1.15775987e-36 1.73176731421e-103
time 0.00150306979469 2.33398935138e-06 0.00541204448556 0.00694266892416 1.72685981944e-103
times 2.83743180829e-12 0.00399812634179 1.49012816871e-82 5.80574695691e-27 0.00171294946911
tired 1.40176236586e-103 1.99104396413e-103 2.71808773112e-103 0.00236754045869 1.72685980921e-103
tis 0.00139785820837 0.00398208792826 2.71808773112e-103 1.08665755877e-38 1.72685982463e-103
to 0.0405016410311 0.0496571407707 1.78796994057e-32 0.0144080867658 5.71237162043e-26
told 0.00139785820837 1.99399426743e-103 0.00271808773112 5.84561474513e-15 1.72686306648e-103
tombed 1.39888381605e-103 3.44288173412e-83 2.71808773112e-103 8.47986412514e-61 0.00172685980921
tombs 1.39785820838e-103 7.39091024348e-59 2.71808773112e-103 0.00236754045869 1.7268598451e-103
tongue 1.39785820838e-103 1.99786803728e-103 0.00271304282468 0.0023719347319 1.72685980921e-103
tongues 1.39785820837e-103 1.99104396413e-103 2.71808814972e-103 2.36754048057e-103 0.00172685980921
too 1.39871550894e-103 3.53458557433e-36 0.00543617546225 2.61526423117e-103 1.02330693856e-34
toward 6.39665905591e-62 0.00198741406576 2.71808773112e-103 4.31629407366e-06 1.7268598188e-103
towards 0.00139785820837 1.99104396413e-103 2.71808773112e-103 2.36783546819e-103 1.72685980921e-103
transferred 1.39785820837e-103 1.99104396413e-103 0.00271808773112 2.37749383148e-103 1.72685980921e-103
treasure 1.39785820837e-103 1.99104396413e-103 0.00271808773112 2.37193190209e-103 1.72685980921e-103
trespass 1.39786312158e-103 1.99166628201e-103 2.72070659092e-103 2.37023391425e-103 0.00172685980921
triumph 0.00139785820837 1.99794617019e-103 2.71888015947e-103 4.41098066786e-100 1.86105384744e-48
true 3.30361862195e-77 0.0064460370308 0.00471466199318 0.00480121284532 6.80171759096e-38
truth 0.000967312898034 8.56387749669e-29 0.00352159065868 0.00239687487229 1.87427377546e-24
truths 7.9748330141e-53 6.0077965784e-87 1.04399817484e-93 2.36944786931e-103 0.00172685980921
turn 0.00139607539372 0.00199358332208 2.71808773112e-103 2.88448565089e-23 1.72685980925e-103
twain 1.39785820837e-103 1.99104396413e-103 0.00271808773112 2.38375113721e-103 1.72685980921e-103
twice 4.10555742349e-53 1.93079466194e-78 6.87338766373e-86 6.96091448124e-91 0.00172685980921
tyrants 1.39785820838e-103 1.99787803778e-103 2.71808773112e-103 0.00236754045869 1.72685981213e-103
unbred 1.39785820837e-103 1.99104396413e-103 0.00271808773112 2.37753970762e-103 1.72685980921e-103
universe 1.3987319196e-103 2.46308145532e-51 0.00271808773112 2.37821503245e-103 1.14100680077e-39
unkind 8.15365761835e-26 8.14681351222e-65 2.71808958427e-103 0.00236753916717 9.42016996693e-10
unless 0.00279433536152 0.00199301107472 2.75010899372e-103 1.17456889879e-43 1.72685982161e-103
unlooked 0.00139785820837 1.99104396413e-103 2.71808773112e-103 2.36999469122e-103 1.72685980921e-103
unthrifts 1.4080321028e-103 1.99813441314e-103 2.71810325231e-103 0.00236754045869 1.72735297596e-103
untrue 1.39785820837e-103 1.99104396413e-103 0.00271808773112 2.37750262871e-103 1.72685980921e-103
unused 1.16803068834e-35 1.99352973321e-103 2.71828294266e-103 2.37045560918e-103 0.00172685980921
unworthiness 1.39884549366e-103 1.99127254874e-103 2.71808773112e-103 2.36754045869e-103 0.00172685980921
up 1.39917518475e-103 2.01246250313e-103 2.71808773112e-103 2.36754045869e-103 0.00172685980921
upon 1.39934277944e-103 1.6124848446e-47 5.12895396372e-06 4.61304152362e-103 0.00172360127404
use 1.39889537186e-103 2.89505174991e-52 2.71846084672e-103 2.36755747742e-103 0.00172685980921
used 0.00139837665651 2.61487017263e-102 0.00271810145986 2.37212360778e-103 0.00172621061633
verse 1.39829937905e-103 2.02305949858e-103 2.71809092573e-103 2.39715236485e-103 0.00690743923683
view 1.3995106709e-103 2.0255308386e-103 2.71821207608e-103 3.66953891925e-84 0.00172685980921
virtue 1.39869428701e-103 2.60443388387e-71 2.71808815462e-103 0.00440548987596 0.00196726014569
vow 1.28806498515e-26 8.42154523029e-48 0.000125204026608 2.38568046684e-103 0.00337417479761
wait 0.00139785820837 1.99385631553e-103 2.71808773112e-103 2.36754045869e-103 1.67612674233e-70
waiting 0.00139785820837 7.359700245e-80 2.72572934338e-103 1.01617585382e-84 1.7411441163e-103
wake 1.39785820837e-103 0.00199104396413 7.00817689383e-64 2.36952995923e-103 1.7268598132e-103
waking 1.40659647492e-103 2.26714072458e-103 2.71812741992e-103 0.00236754045869 2.84200156492e-94
want 1.39785820838e-103 1.99787693946e-103 2.718205284e-103 0.00236754715527 0.00172685492479
war 1.40122473526e-103 4.45469318289e-76 2.71808773112e-103 1.83435377528e-51 0.00172685980921
warm 1.39785820837e-103 0.00199104396413 2.71821170487e-103 2.36765512211e-103 1.72685980924e-103
was 8.93837284417e-27 0.00132114282023 2.71916545605e-103 0.00789919748894 6.38835711074e-25
wastes 1.39785820837e-103 1.99256062095e-103 6.55361051355e-16 2.36884060887e-103 0.00172685980921
watch 1.40202896752e-103 1.99180975127e-103 2.71808773112e-103 2.36754045869e-103 0.00172685980921
water 1.39917532258e-103 0.00201246476774 2.71808773112e-103 5.82594348784e-18 0.00170828125168
we 0.00279206512842 0.0019962446887 2.71808773112e-103 5.85247516516e-14 1.72685980938e-103
wealth 1.39785820837e-103 0.00398208792827 4.4089628532e-47 1.61891366793e-82 2.07005863795e-95
weeds 1.39785820837e-103 1.99104396413e-103 0.00271808773112 2.37753970762e-103 1.72685980921e-103
weep 0.00139785820837 1.99400599154e-103 2.71808802365e-103 2.3678601091e-103 4.18942534056e-101
welcome 1.39785820838e-103 0.000541548372096 2.71808773112e-103 0.00409112844602 1.72685981603e-103
well 5.78042593124e-12 2.94941203157e-42 0.010327921974 2.37738367889e-103 0.00552646688497
went 1.3987896094e-103 1.99120054885e-103 2.71808773112e-103 2.36754045869e-103 0.00172685980921
were 0.0055914328335 1.99324156889e-103 2.71808773621e-103 2.36754246152e-103 6.29210813708e-103
what 0.00313445359911 1.56587790156e-29 6.41437176444e-82 1.82365055948e-85 0.00994269607941
whats 0.00139785820837 1.9939201587e-103 2.71808996898e-103 2.36781423722e-103 1.73306485896e-103
when 0.0111621727808 2.86279397877e-11 7.17963604018e-57 0.00713556632074 1.53345827967e-06
where 0.00838714925024 1.08928733754e-52 1.63918769577e-83 2.40976815851e-103 1.78867983771e-53
which 0.0079180732009 0.0198606910097 6.9079489407e-80 0.00558870684906 1.72289084938e-51
while 0.00139785820837 1.99377126895e-103 2.71808839056e-103 2.36754410425e-103 1.7273044112e-103
whilst 1.39785820837e-103 0.00199104396413 7.82833324915e-99 2.37038072386e-103 1.72685982162e-103
whit 1.39785820837e-103 5.45079975754e-41 0.00271808773112 2.37906160615e-103 2.99848593988e-38
who 0.00419357462512 4.33504961401e-69 2.71808773112e-103 1.14317727194e-18 1.72685981041e-103
whole 0.00139785820837 1.99383424932e-103 2.71808773112e-103 2.36754045869e-103 1.72745604384e-103
whom 1.87210790967e-57 7.03939112488e-90 2.69525889798e-97 2.37217337707e-103 0.00345371961842
whose 0.00139755191181 5.65711484027e-39 2.71822216335e-103 0.00236958048074 0.00172575022487
why 0.00279571641675 1.99900264896e-103 2.71809207831e-103 6.42027007735e-96 2.49740460103e-103
wide 1.39785820837e-103 0.00182551072272 0.00294406660486 2.37015866832e-103 1.72714092075e-103
wilful 1.39785820837e-103 0.00199104396413 1.02729389306e-62 2.36952955624e-103 1.7268598132e-103
will 3.0395194961e-44 1.67274338047e-24 0.0108341501159 0.0142385168657 1.72687030958e-103
willed 0.00139785820837 1.23933315998e-40 2.71808773112e-103 5.93349041573e-45 1.72685982097e-103
wilt 0.00140410492122 0.0020024516111 6.18654694725e-55 4.15448608383e-53 0.00343610866259
winter 2.84332112285e-59 0.0059731318924 4.4622606061e-80 2.27888428895e-38 1.29737894341e-39
winters 1.39785820837e-103 0.00199104396413 3.19374963222e-50 1.36388103373e-99 1.58609391181e-99
wise 0.00139785820837 1.99750649038e-103 2.71827148698e-103 7.78741530486e-96 1.72737915974e-103
wish 0.00137851991598 2.72992891503e-75 2.71815115328e-103 3.132547754e-07 0.00175052110069
wished 1.39968906394e-103 2.00891470444e-103 2.71841819094e-103 2.36755348422e-103 0.00172685980921
wit 1.39785820837e-103 1.99104396413e-103 0.00271808773112 2.37193101072e-103 1.72685980921e-103
with 9.14628031104e-30 0.023353647578 1.68244424898e-50 1.00560747007e-48 0.0194628359282
witness 0.00139785820837 9.69541823828e-81 2.7181921828e-103 2.36831036578e-103 1.73389595344e-103
wits 1.39785820838e-103 3.45090350826e-53 2.71808773112e-103 0.00236754045869 1.72685980923e-103
woe 1.39785820837e-103 0.00194517182828 0.00821688586364 2.37428348081e-103 1.73187114748e-103
womens 1.39785820837e-103 0.00199104396413 2.94990329669e-103 2.85109344692e-103 1.7268598132e-103
wonder 0.00139785820837 1.99384299585e-103 2.7180878925e-103 2.36754239292e-103 2.09882210745e-62
words 1.39785820837e-103 0.00199104396413 1.30746226106e-63 2.36952955894e-103 1.72688798108e-103
world 0.00257473904885 2.4928751286e-44 4.54233437866e-49 0.00747688884876 5.25112618605e-14
worlds 1.39785820838e-103 1.99807115791e-103 2.71808773112e-103 0.00236754045869 1.72685980923e-103
worms 1.39785820838e-103 1.99779266055e-103 2.71808773112e-103 0.00236754045869 1.72685980921e-103
worse 1.40173249314e-103 1.99786952863e-103 0.00270800654265 0.00474386195167 1.72685983941e-103
worst 0.00278894089208 9.65074097559e-06 3.6242109889e-75 1.72057679416e-96 1.23487448524e-55
worth 1.42807119014e-103 1.99919610414e-103 0.00270799488721 0.00474387210392 1.72685986361e-103
worthiness 1.39924261016e-103 0.00199104396413 7.61021107173e-63 2.37089730945e-103 3.90307064603e-64
worthy 1.39785820837e-103 1.99104396413e-103 2.71814002745e-103 2.36754344039e-103 0.00172685980921
would 0.00240827237673 0.0025429011634 2.02384425497e-29 1.21296294278e-12 2.36957602474e-14
wretchcd 1.39785820837e-103 0.00199104396413 1.24394168953e-59 2.36955629002e-103 4.03023875238e-45
wretched 0.00139785820837 1.99104396413e-103 2.71808773112e-103 2.36754046531e-103 1.72685980921e-103
writ 1.39785820838e-103 1.9978679156e-103 0.00271299491507 0.00237197646269 1.72685980921e-103
wrong 1.39785820837e-103 1.99104396413e-103 0.00543617546225 2.37191515087e-103 1.72685980921e-103
ye 1.39785820837e-103 1.99104396413e-103 0.00271808773112 2.36821636621e-103 1.72685980921e-103
yet 0.0195700149172 1.4543371672e-69 1.67280903443e-83 1.84259631264e-50 2.87912835743e-39
yore 1.39785820837e-103 1.99104396413e-103 0.00271808773112 2.37753965643e-103 1.72685980921e-103
you 0.00745996116637 0.0126904312063 0.0132873300566 0.0246249065039 3.84451737323e-62
young 1.39785820837e-103 1.99104396413e-103 0.00271808773112 2.37595098957e-103 1.72685980921e-103
your 2.85160059396e-48 0.0109332985536 1.72330458199e-11 0.0291046890973 0.00209907346812
yours 1.42052714292e-103 0.000848144750097 2.72788014371e-103 0.00368437585811 0.00175762573426
youth 1.39785820837e-103 1.99104396413e-103 0.00271808773112 2.36821636621e-103 1.72685980921e-103
