 0 1 2 3 4
abhor 2.04413604353e-103 0.00328947368421 1.50640275952e-103 1.92599357273e-103 2.53324795189e-103
absence 2.04413604353e-103 3.28947368421e-103 1.50640275952e-103 1.92599357273e-103 0.00253324795189
absent 0.00204413604353 3.28947368421e-103 1.50640276026e-103 1.92599357273e-103 7.56091932583e-54
abundance 1.23795946208e-36 3.28947368421e-103 0.00150640275952 6.56592000674e-15 3.70617296453e-57
abundant 2.04413604511e-103 3.28947368421e-103 0.00150640275952 1.92599357542e-103 2.61866596084e-23
abysm 2.04413604353e-103 3.28947368421e-103 0.00150640275952 1.92599357273e-103 2.53324795189e-103
account 2.044136044e-103 3.28947368421e-103 0.00150640275952 2.41551799822e-78 8.33515503122e-43
acknowledge 2.04413604353e-103 3.28947368421e-103 0.00150640275952 1.92599358104e-103 2.53324795189e-103
add 2.04413604353e-103 3.28947368421e-103 2.4216837178e-09 0.00192599047652 1.19791429616e-29
addition 0.00204413604353 3.28947368421e-103 7.84805824226e-30 2.04455758546e-26 4.60538208989e-33
affable 2.04413604418e-103 3.28947368421e-103 0.00150640275952 2.69387345191e-19 2.53324795189e-103
afford 2.04413604353e-103 0.00328947368421 1.50640275952e-103 1.92599357273e-103 2.53324795189e-103
afloat 2.04413604353e-103 0.00328947368421 1.50640275952e-103 1.92599357273e-103 2.53324795189e-103
after 2.74483546899e-30 3.28947368421e-103 0.00150640275952 1.362776764e-43 6.05533501061e-46
again 2.04413604353e-103 3.28947368421e-103 1.50640291816e-103 0.00192599357273 2.53324795189e-103
against 0.00166520756545 3.28947368421e-103 1.50640276084e-103 1.57768456779e-09 0.00553609065125
age 2.04413604474e-103 0.00328947368421 1.50640276136e-103 0.00192599357273 2.53324795189e-103
ah 0.00191179058461 3.28947368421e-103 3.97864192637e-39 5.93824111681e-35 0.00523050840373
alack 5.14992421216e-45 0.00328947368421 0.00150640275952 5.08085143499e-49 1.33970123031e-37
alas 2.04413604353e-103 3.28947368421e-103 1.50640275952e-103 1.92599357273e-103 0.00253324795189
all 6.02069754776e-71 3.28947368421e-103 0.0164273765406 0.00210889334835 4.57526535158e-36
allow 2.04413604353e-103 0.00328947368421 1.50640275952e-103 1.92599357273e-103 2.53324795189e-103
almost 2.04414791264e-103 3.28947368421e-103 3.61152217925e-79 0.00192599357273 2.53324795189e-103
alone 0.00204413604353 0.00328947368421 1.50640275952e-103 1.31338316468e-93 5.86330555107e-36
altered 0.00204413604353 3.28947368421e-103 8.44269649291e-23 8.59291835568e-27 3.94314193415e-36
alters 2.10899991738e-56 3.28947368421e-103 0.00150640275952 1.92599357274e-103 6.99170775058e-35
although 2.04413604464e-103 3.28947368421e-103 1.50640340504e-103 0.00192599357273 2.53324795257e-103
always 0.00204413604353 3.28947368421e-103 1.50640275976e-103 8.52912154048e-92 6.68819327971e-34
am 1.8031909638e-26 3.28947368421e-103 0.00898101812579 0.00199937966366 2.25472696011e-42
ambush 1.08254017899e-17 3.28947368421e-103 0.00150640275952 1.92603852865e-103 7.02954278629e-56
an 0.00204413166113 3.28947368421e-103 1.50640281287e-103 0.00577798484733 4.02357865426e-38
and 0.0141528378198 3.28947368421e-103 1.36649672195e-17 0.0195369112188 0.0960925868206
anew 2.04413604353e-103 0.00328947368421 1.50640275952e-103 1.92599357273e-103 2.53324795189e-103
angel 0.00204413604353 3.28947368421e-103 1.63004234741e-36 7.2317659823e-18 3.88589519925e-30
another 2.04413604353e-103 0.00328947368421 1.50640275952e-103 1.92599357273e-103 2.53324795189e-103
anothers 2.04413604629e-103 3.28947368421e-103 0.00166572595719 0.00172229276779 2.53324795189e-103
answers 3.40515284065e-12 3.28947368421e-103 1.5064028685e-103 0.00192599356953 4.3317936674e-46
anticipate 2.04413604353e-103 0.00328947368421 1.50640275952e-103 1.92599357273e-103 2.53324795189e-103
antique 0.00204413604353 3.28947368421e-103 1.50640275982e-103 2.44749242649e-31 3.30194328218e-37
any 0.00408827212567 3.28947368421e-103 6.61815366084e-33 0.00192599353636 7.7837257062e-55
apparel 2.04413604353e-103 3.28947368421e-103 0.00150640275952 1.92599357302e-103 2.53324795189e-103
appear 2.04413604353e-103 0.00328947368421 1.50640275952e-103 1.92599357273e-103 2.53324795189e-103
are 2.63952627422e-43 0.00986842105263 0.00226933613829 0.00479708581966 0.00254042337967
argument 2.04413604353e-103 0.00328947368421 1.50640275952e-103 1.92599357273e-103 2.53324795189e-103
arising 2.04413604353e-103 0.00328947368421 1.50640275952e-103 1.92599357273e-103 2.53324795189e-103
art 0.00204413600834 0.00657894736842 0.00602561106313 1.16017890592e-12 4.94981876291e-42
as 0.00731161183891 3.28947368421e-103 3.16850512074e-18 0.00213254888342 0.0185329442365
assured 2.04413604353e-103 0.00328947368421 1.50640275952e-103 1.92599357273e-103 2.53324795189e-103
at 0.00197055518221 3.28947368421e-103 0.00596656935409 1.9260078029e-103 0.00272372259236
authority 2.04413604353e-103 0.00328947368421 1.50640275952e-103 1.92599357273e-103 2.53324795189e-103
away 2.04413604353e-103 0.00328947368421 1.50640275952e-103 1.92599357273e-103 2.53324795189e-103
ay 2.04413604353e-103 3.28947368421e-103 1.50640275952e-103 1.92599357273e-103 0.00253324795189
back 2.04413604425e-103 0.00328947368421 6.6073513422e-28 0.00385198714547 2.53324795922e-103
bad 2.04413604353e-103 0.00328947368421 1.50640275952e-103 1.92599357273e-103 2.53324795189e-103
balmy 2.04413604353e-103 3.28947368421e-103 0.00150640275952 1.92599358104e-103 2.53324795189e-103
bankrupt 2.04413604884e-103 3.28947368421e-103 1.50640289858e-103 0.00192599357273 2.53324795189e-103
banks 0.00204413604353 3.28947368421e-103 1.63997035334e-68 5.55572001511e-27 3.67950424074e-35
base 2.04413604451e-103 3.28947368421e-103 7.56223676206e-102 0.00192599357273 2.53324795189e-103
bath 3.10389908888e-71 3.28947368421e-103 0.00150645993427 0.00192592047263 2.53324795204e-103
be 0.00194743008052 0.0131578947368 0.0178790147975 0.0184147168761 0.0142304583835
bear 2.04413604353e-103 0.00328947368421 1.50640275952e-103 1.92599357273e-103 2.53324795189e-103
bearing 2.04413604353e-103 3.28947368421e-103 1.50640275952e-103 1.92599357273e-103 0.00253324795189
beauties 9.41725311758e-16 3.28947368421e-103 0.00150640275947 6.57258297977e-14 3.40084495628e-44
beauty 0.0114706449416 3.28947368421e-103 5.04983546222e-21 0.00460025870113 2.86876003704e-25
beautys 7.09790914797e-95 3.28947368421e-103 0.00274767281926 0.00192599357205 0.00297910936965
because 2.04413604353e-103 3.28947368421e-103 1.50640275952e-103 1.92599357273e-103 0.00253324795189
become 2.04413604384e-103 3.28947368421e-103 0.00150640275952 3.57666517769e-18 2.90413923973e-54
bed 2.04413604441e-103 3.28947368421e-103 5.47176142115e-75 1.92599358175e-103 0.00253324795189
being 1.57391140362e-37 3.28947368421e-103 0.00752989299646 2.71152544617e-06 5.86866376214e-41
believe 2.04413604593e-103 3.28947368421e-103 0.00150640275952 1.92599357274e-103 2.16577050223e-35
belong 2.04413604353e-103 0.00328947368421 1.50640275952e-103 1.92599357273e-103 2.53324795189e-103
bemoaned 1.8509490673e-99 3.28947368421e-103 1.50640275963e-103 0.00192599357273 2.53324795189e-103
benefit 2.04413604353e-103 3.28947368421e-103 1.50640275952e-103 1.92599357273e-103 0.00253324795189
bereft 2.04413604353e-103 0.00328947368421 1.50640275952e-103 1.92599357273e-103 2.53324795189e-103
best 1.02741641516e-63 3.28947368421e-103 0.00602561044662 7.56228458074e-10 2.30986509458e-32
betray 2.04413604353e-103 0.00328947368421 1.50640275952e-103 1.92599357273e-103 2.53324795189e-103
better 3.07364840959e-21 3.28947368421e-103 7.75434058474e-47 0.00192600658928 0.00253323083129
bevel 2.04413604353e-103 0.00328947368421 1.50640275952e-103 1.92599357273e-103 2.53324795189e-103
birth 5.83649406255e-21 3.28947368421e-103 0.00301280551905 1.92599357298e-103 1.53345171224e-42
bitter 2.04413604353e-103 3.28947368421e-103 1.60540136834e-48 0.00192599357273 2.53324795189e-103
bitterness 0.00204413604353 3.28947368421e-103 1.79479787743e-30 1.92599357274e-103 8.90319058497e-53
black 2.04413604353e-103 0.00328947368421 1.50640275952e-103 1.92599357273e-103 2.53324795189e-103
blessed 3.5173395173e-100 3.28947368421e-103 7.13215626971e-74 0.00192599357273 2.53324795189e-103
blest 2.04413604353e-103 0.00328947368421 1.50640275952e-103 1.92599357273e-103 2.53324795189e-103
blindness 2.04413604353e-103 0.00328947368421 1.50640275952e-103 1.92599357273e-103 2.53324795189e-103
bliss 2.04413604353e-103 3.28947368421e-103 1.50640275952e-103 1.92599357273e-103 0.00253324795189
bloody 2.04413604601e-103 3.28947368421e-103 0.00150640275952 1.92599357273e-103 1.36390329391e-33
blot 2.04413604353e-103 0.00328947368421 1.50640275952e-103 1.92599357273e-103 2.53324795189e-103
boast 2.04413604353e-103 0.00328947368421 1.50640275952e-103 1.92599357273e-103 2.53324795189e-103
boat 2.04413604353e-103 0.00328947368421 1.50640275952e-103 1.92599357273e-103 2.53324795189e-103
body 2.05077377541e-103 3.28947368421e-103 1.02617007834e-29 0.00192599357273 2.53324795189e-103
bold 2.04413604353e-103 0.00328947368421 1.50640275952e-103 1.92599357273e-103 2.53324795189e-103
book 1.17559206534e-09 3.28947368421e-103 3.00082421942e-08 1.04466706213e-10 0.00506644384601
born 0.00204413604353 3.28947368421e-103 1.39753452024e-37 2.72741712595e-27 4.35069832045e-34
bosoms 2.61217153188e-97 3.28947368421e-103 1.50640275963e-103 0.00192599357273 2.53324795189e-103
both 0.00377845852835 3.28947368421e-103 5.69955356447e-07 0.00573522049637 0.00297247613951
bough 2.04413604353e-103 0.00328947368421 1.50640275952e-103 1.92599357273e-103 2.53324795189e-103
bounty 3.53880628446e-78 3.28947368421e-103 0.00150640275952 2.21157521607e-47 2.14001423682e-102
brag 8.95860969819e-44 3.28947368422e-103 1.22778550252e-88 0.00192599323627 4.42547622389e-10
brain 2.04413604353e-103 0.00328947368421 1.50640275952e-103 1.92599357273e-103 2.53324795189e-103
brand 0.00408827208706 3.28947368421e-103 1.5064027602e-103 1.35515642189e-100 7.02079534198e-33
break 0.0017235776241 3.28947368421e-103 1.50640276139e-103 0.00030203149025 6.01014005279e-35
breast 2.04425031298e-103 0.00328947368421 1.47507295072e-33 0.00192599357273 8.54587559247e-42
brief 2.04413605639e-103 3.28947368421e-103 0.00150640265024 5.32105162704e-14 1.83710697318e-10
bright 2.04413604353e-103 0.00657894736842 1.50640275952e-103 1.92599357273e-103 2.53324795189e-103
bring 2.95035055253e-15 3.28947368421e-103 4.86628270731e-88 0.00380628826317 0.00259335542141
brought 2.04413604589e-103 0.00328947368421 0.00150640275952 1.92599357274e-103 3.51854729007e-35
brow 2.04413604353e-103 0.00328947368421 1.50640275952e-103 1.92599357273e-103 2.53324795189e-103
bud 2.04413604353e-103 3.28947368421e-103 0.00150640275952 1.92599357323e-103 2.53324795189e-103
built 2.04413604448e-103 3.28947368421e-103 1.24984216011e-31 0.00192599357273 2.53324795189e-103
buried 0.00191726077238 3.28947368421e-103 2.48053895517e-38 0.00204553598654 3.97024850873e-23
buriest 1.77625789924e-23 3.28947368421e-103 1.50640276136e-103 0.00192599357273 9.81931908583e-48
burthens 2.04413604353e-103 3.28947368421e-103 0.00150640275952 1.92599357323e-103 2.53324795189e-103
but 0.00509098732727 3.28947368421e-103 0.00315432940284 0.00620620588391 0.0714203138524
buy 2.04413604353e-103 3.28947368421e-103 1.50640275952e-103 1.92599357273e-103 0.00253324795189
by 0.00175001457918 0.00328947368421 0.00774876325857 1.92599357281e-103 1.43820593255e-36
calls 1.15478495264e-14 3.28947368421e-103 2.40049380161e-34 0.00385198714546 5.82325223756e-36
came 2.04413604353e-103 3.28947368421e-103 4.65646983062e-75 1.92599358129e-103 0.00253324795189
can 0.00553246815721 0.00328947368421 0.00646772996375 1.40162667466e-62 3.78997340225e-33
cannot 0.000152277148981 3.28947368421e-103 0.00150640276018 0.0056345045475 6.08652250792e-37
canst 0.00204413608104 3.28947368421e-103 2.02110324163e-59 0.0019259935374 9.17783374199e-52
car 2.04413604353e-103 0.00328947368421 1.50640275952e-103 1.92599357273e-103 2.53324795189e-103
care 2.04413604353e-103 0.00657894736842 1.50640275952e-103 1.92599357273e-103 2.53324795189e-103
carve 2.04413604353e-103 3.28947368421e-103 1.50640275952e-103 1.92599357273e-103 0.00253324795189
case 2.04413604353e-103 0.00328947368421 1.50640275952e-103 1.92599357273e-103 2.53324795189e-103
catch 0.00204413604353 3.28947368421e-103 2.00025678821e-54 1.49023928848e-30 3.29216100025e-33
certain 2.04413604393e-103 3.28947368421e-103 0.00150640275952 3.89908462003e-20 2.53324795189e-103
change 9.04470816878e-30 3.28947368421e-103 0.00435593312512 5.00106546619e-07 0.00280716244988
charter 2.04414486081e-103 3.28947368421e-103 0.00150640275952 1.92599357322e-103 2.53324837095e-103
chary 2.04413604353e-103 0.00328947368421 1.50640275952e-103 1.92599357273e-103 2.53324795189e-103
cheek 6.8489906465e-79 3.28947368421e-103 0.00150640206471 6.31265420381e-19 1.16843099025e-09
cheeks 2.04413604353e-103 0.00328947368421 1.50640275952e-103 1.92599357273e-103 2.53324795189e-103
chest 2.04413604353e-103 0.00657894736842 1.50640275952e-103 1.92599357273e-103 2.53324795189e-103
child 3.23730638509e-93 3.28947368421e-103 1.70378727653e-08 0.00211966062865 0.00227849016718
children 0.00204413604353 3.28947368421e-103 1.5064027601e-103 1.92599357273e-103 1.02637719316e-54
churls 2.04413604594e-103 3.28947368421e-103 0.00150640275952 1.92599357274e-103 3.85237999007e-36
closure 2.04413604883e-103 3.28947368421e-103 0.00150640002905 3.49101289193e-09 2.73153726541e-25
come 2.04413604363e-103 3.28947368421e-103 1.37495269382e-30 0.00383902847501 0.00255029241448
commence 2.04413604353e-103 0.00328947368421 1.50640275952e-103 1.92599357273e-103 2.53324795189e-103
compile 2.04413604353e-103 0.00328947368421 1.50640275952e-103 1.92599357273e-103 2.53324795189e-103
complexioned 2.04413604353e-103 3.28947368421e-103 1.50640291816e-103 0.00192599357273 2.53324795189e-103
composition 2.04413604366e-103 3.28947368421e-103 0.00150640275952 1.92599357323e-103 2.53324795189e-103
conceit 3.55177102649e-29 3.28947368421e-103 0.00150638148282 4.26906841257e-27 3.57800567183e-08
conquest 2.04413604444e-103 3.28947368421e-103 0.00150640275952 1.92599357323e-103 2.53324795189e-103
contain 2.04413604353e-103 0.00328947368421 1.50640275952e-103 1.92599357273e-103 2.53324795189e-103
content 2.04413604353e-103 0.00328947368421 1.50640275952e-103 1.92599357273e-103 2.53324795189e-103
contented 4.81909370733e-62 3.28947368421e-103 0.00150640275952 1.92605404933e-103 1.036404194e-85
contrary 3.28216397802e-100 3.28947368421e-103 1.50640275963e-103 0.00192599357273 2.53324795189e-103
converted 2.04534465624e-103 3.28947368421e-103 1.92811240412e-53 0.00192599357273 2.53324795189e-103
cool 2.04413604474e-103 3.28947368421e-103 1.506402762e-103 0.00192599357273 2.53324795189e-103
copy 0.00204413604353 3.28947368421e-103 4.39241393284e-37 1.25287342073e-44 4.1118350437e-39
could 0.00156742443323 3.28947368421e-103 1.77927978941e-25 0.00622714040128 3.59923500378e-32
count 2.04413792206e-103 3.28947368421e-103 1.50640276296e-103 0.00192599357273 5.16007296234e-39
counterpart 0.00204413604353 3.28947368421e-103 3.30727654856e-26 6.01480027533e-20 2.84631907643e-37
course 0.00204413604353 3.28947368421e-103 1.5064027622e-103 7.50522278748e-89 7.47257962989e-29
cover 2.04413604473e-103 3.28947368421e-103 1.58073909201e-86 0.00192599357273 2.53324795189e-103
coward 0.00204413604353 3.28947368421e-103 1.5064027601e-103 1.92599357273e-103 5.34532007201e-55
created 2.04413604353e-103 0.00328947368421 1.50640275952e-103 1.92599357273e-103 2.53324795189e-103
creation 1.52730325828e-98 3.28947368421e-103 0.00150640275952 7.7064103401e-29 2.06921994288e-92
critic 2.41452659176e-96 3.28947368421e-103 0.00150640275952 1.92599357275e-103 4.69379426273e-48
cure 0.00204413604353 3.28947368421e-103 2.29858117991e-21 1.92599357274e-103 2.23718739975e-51
cut 0.00204413604353 3.28947368421e-103 1.22470256639e-72 1.92599357273e-103 3.28771668435e-48
daily 2.04413604585e-103 3.28947368421e-103 0.00150640275952 1.92599357274e-103 1.1880117781e-35
dare 2.04413604586e-103 3.28947368421e-103 0.00150640275952 1.92599357274e-103 1.0842831437e-39
day 2.044136056e-103 0.00328947368421 2.50961566702e-33 0.0057779807182 3.20495266701e-52
days 2.04413604353e-103 0.00328947368421 1.50640275952e-103 1.92599357273e-103 2.53324795189e-103
dead 0.00204413604353 3.28947368421e-103 1.50640276076e-103 7.85727362083e-93 3.35563558859e-36
dearer 2.04413604353e-103 3.28947368421e-103 1.50640275952e-103 1.92599357273e-103 0.00253324795189
death 2.04493033415e-103 3.28947368421e-103 0.00198910024406 0.00516083351311 2.65087557586e-28
debateth 1.35324297935e-45 3.28947368421e-103 0.00150640275952 6.1103540934e-22 5.70624805327e-52
debtor 0.00204413602089 3.28947368421e-103 1.66859008271e-11 1.92599357274e-103 1.44049581145e-49
decay 2.04413604353e-103 0.00986842105263 1.50640275952e-103 1.92599357273e-103 2.53324795189e-103
decree 2.04413604353e-103 0.00328947368421 1.50640275952e-103 1.92599357273e-103 2.53324795189e-103
deep 0.00204413449743 3.28947368421e-103 1.69107245999e-69 0.00192599502948 4.24058291691e-37
defeat 2.04413604353e-103 0.00328947368421 1.50640275952e-103 1.92599357273e-103 2.53324795189e-103
defeated 2.04413604353e-103 0.00328947368421 1.50640275952e-103 1.92599357273e-103 2.53324795189e-103
defect 2.04413604353e-103 0.00328947368421 1.50640275952e-103 1.92599357273e-103 2.53324795189e-103
defy 2.04413604353e-103 0.00328947368421 1.50640275952e-103 1.92599357273e-103 2.53324795189e-103
delight 0.00204413604353 0.00657894736842 1.50640276096e-103 9.74419529595e-94 2.18404819966e-36
delivered 0.00204413604353 3.28947368421e-103 1.50640275955e-103 2.44887206253e-94 3.18372294111e-34
depart 2.04413604353e-103 0.00328947368421 1.50640275952e-103 1.92599357273e-103 2.53324795189e-103
derive 2.04413604353e-103 0.00328947368421 1.50640275952e-103 1.92599357273e-103 2.53324795189e-103
deserved 0.00204413604353 3.28947368421e-103 1.50646039945e-103 6.26193641628e-16 1.21035566735e-27
desire 2.04413604355e-103 3.28947368421e-103 0.00150640275952 7.7537778943e-17 2.53324795189e-103
desired 2.04413604353e-103 0.00328947368421 1.50640275952e-103 1.92599357273e-103 2.53324795189e-103
despair 0.00204413604353 3.28947368421e-103 1.50640275954e-103 5.62682406471e-94 1.23935347412e-36
despised 2.04413604353e-103 0.00328947368421 1.50640275952e-103 1.92599357273e-103 2.53324795189e-103
despising 2.04413604353e-103 0.00328947368421 1.50640275952e-103 1.92599357273e-103 2.53324795189e-103
determined 2.04413604353e-103 0.00328947368421 1.50640275952e-103 1.92599357273e-103 2.53324795189e-103
devised 2.04413604353e-103 0.00328947368421 1.50640275952e-103 1.92599357273e-103 2.53324795189e-103
dial 1.59092837326e-93 3.28947368421e-103 3.7038326425e-66 0.00192599357273 2.53324795189e-103
did 2.6782725146e-102 3.28947368421e-103 0.00150696686282 0.00770325306329 1.14559171728e-46
die 2.04413604353e-103 3.28947368421e-103 1.50640275952e-103 1.92599357273e-103 0.00253324795189
discourse 2.04413604471e-103 3.28947368421e-103 0.00150640275952 3.11551104137e-20 6.50888131263e-24
distillation 7.21139892147e-99 3.28947368421e-103 1.50640275963e-103 0.00192599357273 2.53324795189e-103
divine 0.00204413604353 3.28947368421e-103 1.50640275958e-103 4.2063068378e-36 2.31484351238e-35
divining 1.66291264048e-100 3.28947368421e-103 1.50640278143e-103 0.00192599357273 2.53324795189e-103
do 4.43999746923e-06 0.00328947368421 0.00718044470337 0.0163511079994 0.00694492698267
done 2.04413604355e-103 0.00328947368421 0.00150640275952 2.20456083554e-38 1.82973900948e-20
dost 4.69719843392e-49 3.28947368421e-103 0.00150640275952 3.46750187287e-27 2.33142541204e-54
doth 2.00291121892e-24 3.28947368421e-103 0.00523530833865 0.0172611578412 0.00395799628051
down 2.04413604353e-103 0.00328947368421 1.50640275952e-103 1.92599357273e-103 2.53324795189e-103
dregs 3.4693895075e-36 3.28947368421e-103 1.50640276152e-103 0.00192599357273 7.86881009934e-57
dressing 2.04413604355e-103 3.28947368421e-103 0.0015063370842 8.39684101541e-08 2.53324795189e-103
drink 2.04413604353e-103 0.00328947368421 1.50640275952e-103 1.92599357273e-103 2.53324795189e-103
drops 4.6597818941e-59 3.28947368421e-103 0.00150640275952 1.92599357711e-103 1.40428581548e-42
dross 2.04413604353e-103 0.00328947368421 1.50640275952e-103 1.92599357273e-103 2.53324795189e-103
drudge 2.04413604397e-103 3.28947368421e-103 2.86125318383e-35 0.00192599357273 2.53894693177e-103
dull 2.04413604393e-103 3.28947368421e-103 0.0015064027595 1.92599357503e-103 4.11388736909e-14
dumb 2.04413604353e-103 0.00328947368421 1.50640275952e-103 1.92599357273e-103 2.53324795189e-103
duteous 2.04413604474e-103 3.28947368421e-103 1.50640276136e-103 0.00192599357273 2.53324795189e-103
each 2.04433370986e-103 3.28947368421e-103 0.00155611509443 0.00186243445025 2.53324795189e-103
early 2.0441360436e-103 3.28947368421e-103 0.00150640275952 1.92599357372e-103 2.53324795189e-103
earth 2.04413604363e-103 3.28947368421e-103 0.00150640076181 2.5541503917e-09 2.53331021048e-103
effect 0.00204413604353 3.28947368421e-103 1.61542483618e-40 1.92599357274e-103 1.14015093962e-53
either 0.00204413604353 3.28947368421e-103 1.5064027602e-103 1.92599357273e-103 5.49360666578e-53
eloquence 2.04413604353e-103 0.00328947368421 1.50640275952e-103 1.92599357273e-103 2.53324795189e-103
end 2.04413604353e-103 0.00986842105263 1.50640275952e-103 1.92599357273e-103 2.53324795189e-103
endowed 0.00204327574095 3.28947368421e-103 1.50640275952e-103 1.03915814221e-86 1.06615201443e-06
enlighten 8.20896445808e-67 3.28947368421e-103 0.00150640275952 1.92599357322e-103 1.25403080874e-96
enmity 2.04413604353e-103 0.00328947368421 1.50640275952e-103 1.92599357273e-103 2.53324795189e-103
ensconce 1.14257068468e-25 3.28947368421e-103 2.13489725705e-42 0.00192599357273 1.60474901598e-37
entertain 0.00204413604353 3.28947368421e-103 2.23174895571e-50 1.92599357274e-103 7.28337935873e-54
errors 5.09574567665e-83 3.28947368421e-103 5.81824972281e-31 0.00192599357273 2.53324795189e-103
eternal 2.36626152224e-23 3.28947368421e-103 0.00301280551905 3.80830340311e-37 4.45476423152e-35
even 0.00190217613871 3.28947368421e-103 8.5973909008e-13 0.00192599353539 0.00524242339975
evermore 0.00204413604353 3.28947368421e-103 1.50640276054e-103 1.085095794e-90 2.78645445921e-33
every 2.04664186712e-103 3.28947368421e-103 1.5064028389e-103 0.00385198714547 2.53324795189e-103
exchequer 2.04413604408e-103 3.28947368421e-103 1.40621338397e-06 0.00192419567511 1.47907495593e-82
excuse 6.67269678094e-15 0.00328947368421 3.4338745723e-11 0.00192599352883 1.64304893951e-45
expire 2.04413604353e-103 0.00328947368421 1.50640275952e-103 1.92599357273e-103 2.53324795189e-103
eye 2.37723306341e-19 3.28947368421e-103 0.00165936590602 0.00365641790932 1.03494776417e-37
eyes 0.00957294683181 0.00328947368421 1.02763959111e-22 0.0121662585553 5.58885203077e-28
face 3.45378250255e-97 0.00328947368421 0.00195884562126 0.00134752806062 6.57553288741e-27
fade 2.04413604353e-103 0.00328947368421 1.50640275952e-103 1.92599357273e-103 2.53324795189e-103
fair 8.83463924983e-100 0.00328947368421 0.00580834048029 0.00191087928167 0.00291850155257
fall 2.04413604353e-103 3.28947368421e-103 0.00150640275952 1.92599357323e-103 2.53324795189e-103
false 1.94303801456e-100 3.28947368421e-103 0.00150820650985 0.00192368740893 2.53324795189e-103
fame 2.04413604474e-103 3.28947368421e-103 1.50640276136e-103 0.00192599357273 2.53324802533e-103
familiar 3.64665894958e-96 3.28947368421e-103 1.50640275963e-103 0.00192599357273 2.53324795189e-103
famoused 7.50607751254e-32 3.28947368421e-103 1.50640276136e-103 0.00192599357273 1.27571733636e-57
farther 0.00204413604353 3.28947368421e-103 3.79235225469e-78 3.72956283096e-93 2.38383433857e-32
fault 2.04413604353e-103 3.28947368421e-103 0.00150640275952 1.92599357323e-103 2.53324795189e-103
fearful 2.04413604353e-103 3.28947368421e-103 1.50640275952e-103 1.92599357273e-103 0.00253324795189
fearing 0.00204413603419 3.28947368421e-103 6.17108014312e-27 8.80234855171e-12 8.82378775761e-39
fears 0.00204413604353 3.28947368421e-103 5.75458858888e-38 1.92599357274e-103 1.28735194063e-49
feasting 2.04413604474e-103 3.28947368421e-103 1.50640276136e-103 0.00192599357273 2.53324795308e-103
feeds 2.04413604353e-103 3.28947368421e-103 1.50640275952e-103 1.92599357273e-103 0.00253324795189
fiend 2.04413604353e-103 0.00657894736842 1.50640275952e-103 1.92599357273e-103 2.53324795189e-103
fiery 2.04413604353e-103 3.28947368421e-103 2.43182970653e-26 0.00192599357273 2.53324795189e-103
fight 2.04413604353e-103 0.00328947368421 1.50640275952e-103 1.92599357273e-103 2.53324795189e-103
figures 3.4616762353e-36 3.28947368421e-103 0.00150640275947 6.82224546932e-14 2.01497483506e-60
find 0.00204413605003 0.00328947368421 2.81371123952e-26 0.00192599356661 1.02439707218e-53
fingers 2.04413604408e-103 3.28947368421e-103 0.00150640275952 1.92599357432e-103 2.05239244248e-21
fire 2.04413604353e-103 0.00328947368421 1.50640275952e-103 1.92599357273e-103 2.53324795189e-103
fired 2.04413604353e-103 0.00328947368421 1.50640275952e-103 1.92599357273e-103 2.53324795189e-103
first 0.00186045400871 3.28947368421e-103 5.88076612403e-42 0.00209905955805 1.06195146382e-38
five 2.04413604382e-103 3.28947368421e-103 0.00301280551905 2.34284497298e-18 2.53324795189e-103
flatter 0.00204413604353 3.28947368421e-103 1.50640276895e-103 1.92599357273e-103 2.92513109426e-56
flatterer 2.04413604368e-103 3.28947368421e-103 0.00150640275952 2.79330888269e-30 2.53324795189e-103
flattery 0.00204413604353 3.28947368421e-103 7.41608710197e-71 8.41593122619e-31 2.53948679339e-34
flesh 0.00204413604353 3.28947368421e-103 1.50640275971e-103 2.05622368471e-31 6.59084967193e-36
flies 0.00204413604353 3.28947368421e-103 2.11266681437e-100 1.24500801152e-100 9.01814476869e-31
flourish 0.00204413604353 3.28947368421e-103 1.50640275952e-103 5.39334582369e-95 1.95231448274e-37
flower 0.00166554054034 3.28947368421e-103 7.00211313777e-56 0.00228270784726 2.22094931153e-31
foes 2.04413604353e-103 0.00328947368421 1.50640275952e-103 1.92599357273e-103 2.53324795189e-103
foison 3.20837851948e-88 3.28947368421e-103 0.00150640275952 3.12194309117e-62 9.18457271038e-19
follow 0.00204413604353 3.28947368421e-103 1.5064027601e-103 1.92599357273e-103 1.22564487505e-53
fool 2.04413604353e-103 3.28947368421e-103 0.00150640275952 3.40143555766e-74 4.26069638968e-43
foot 8.63871449265e-97 3.28947368421e-103 1.50640275963e-103 0.00192599357273 2.53324795189e-103
for 0.00831169284559 3.28947368421e-103 0.0032015512147 0.00683180493048 0.0361277391538
forbear 2.04413604353e-103 0.00328947368421 1.50640275952e-103 1.92599357273e-103 2.53324795189e-103
fore 2.04413604354e-103 3.28947368421e-103 0.00301280551905 6.53446636371e-26 2.53324795189e-103
foregone 2.04413604353e-103 0.00328947368421 1.50640275952e-103 1.92599357273e-103 2.53324795189e-103
forgive 2.04413604741e-103 3.28947368421e-103 0.00150640275952 1.92599357274e-103 2.4874914178e-34
forsake 2.04413604353e-103 0.00328947368421 1.50640275952e-103 1.92599357273e-103 2.53324795189e-103
forth 2.04413604353e-103 0.00328947368421 1.50640275952e-103 1.92599357273e-103 2.53324795189e-103
fortify 2.04413604353e-103 0.00328947368421 1.50640275952e-103 1.92599357273e-103 2.53324795189e-103
found 0.00204413604353 3.28947368421e-103 3.03711366352e-30 1.92599357274e-103 5.61511048393e-51
fresh 9.59636693084e-101 3.28947368421e-103 1.09576653189e-59 0.00385198714547 2.53324795189e-103
friend 2.04413604354e-103 0.00657894736842 1.50640276081e-103 0.00192599357273 3.99961413283e-47
from 0.00417784026069 3.28947368421e-103 0.0119852158315 2.11378063983e-34 8.26960490329e-39
frown 2.04413604353e-103 0.00328947368421 1.50640275952e-103 1.92599357273e-103 2.53324795189e-103
full 0.00204413604353 3.28947368421e-103 1.50640275982e-103 1.64892186846e-25 1.36744867632e-35
gain 2.04413604353e-103 0.00328947368421 1.50640275952e-103 1.92599357273e-103 2.53324795189e-103
gainer 1.52442253417e-98 3.28947368421e-103 2.79493362064e-63 0.00192599357273 2.53324795189e-103
gainst 0.00197151425764 3.28947368421e-103 3.06763516692e-53 1.92599357274e-103 0.00262324636024
gait 2.04413604353e-103 0.00328947368421 1.50640275952e-103 1.92599357273e-103 2.53324795189e-103
gave 3.53499247533e-57 3.28947368421e-103 1.18060871448e-08 0.00385197205094 5.41146433264e-71
gavst 0.00204413604353 3.28947368421e-103 4.58752654012e-41 3.40239451965e-31 7.9698384541e-34
gazers 0.00204413604353 3.28947368421e-103 1.50640276209e-103 1.60906570896e-94 6.2818395607e-37
gentle 0.00204412787213 3.28947368421e-103 1.12594183188e-63 0.00577798841734 9.31335503517e-38
gentlest 2.38257693702e-93 3.28947368421e-103 1.38795578191e-41 0.00192599357273 2.53324795189e-103
ghastly 4.229734851e-96 3.28947368421e-103 1.50640275967e-103 0.00192599357273 2.53324795189e-103
ghost 2.04413604353e-103 0.00328947368421 1.50640275952e-103 1.92599357273e-103 2.53324795189e-103
gift 0.00204413604353 3.28947368421e-103 1.50640275952e-103 5.67283951224e-93 3.0106986212e-35
gilded 6.9597196397e-98 3.28947368421e-103 1.50640275963e-103 0.00192599357273 2.53324795189e-103
give 0.00204413604358 0.00328947368421 0.00150640275949 1.82746864407e-92 1.89611466344e-35
gives 2.04413604589e-103 3.28947368421e-103 0.00150640275952 1.92599357274e-103 1.22625170231e-35
glass 2.04413604452e-103 3.28947368421e-103 2.65512989921e-49 0.00385198714547 2.81534061887e-36
glowing 6.44504307597e-26 3.28947368421e-103 0.00150640275952 1.92599362902e-103 1.76834121076e-47
go 2.04413604353e-103 0.00328947368421 1.50640275952e-103 1.92599357273e-103 2.53324795189e-103
goddess 1.53355239062e-94 3.28947368421e-103 1.50640275963e-103 0.00192599357273 2.53324795189e-103
gone 2.04413604353e-103 0.00328947368421 1.50640275952e-103 1.92599357273e-103 2.53324795189e-103
good 0.00204413604353 3.28947368421e-103 1.50640275965e-103 3.77636181e-95 9.50558549574e-38
got 2.04413604353e-103 0.00328947368421 1.50640275952e-103 1.92599357273e-103 2.53324795189e-103
grace 2.04413604353e-103 0.00328947368421 1.50640275952e-103 1.92599357273e-103 2.53324795189e-103
gracious 2.04413604357e-103 3.28947368421e-103 1.4090431599e-30 0.00192599357273 2.53324797089e-103
grant 2.04413604353e-103 3.28947368421e-103 1.50640275952e-103 1.92599357273e-103 0.00253324795189
grave 1.10613918589e-101 3.28947368421e-103 8.77553652007e-23 0.00192599357273 3.47384569298e-45
great 2.04413604378e-103 0.00328947368421 0.00150640275952 1.92599357314e-103 2.98623464097e-47
greater 2.04413604454e-103 3.28947368421e-103 4.92173540958e-35 0.00192599357273 2.53324795189e-103
greeing 2.04413604353e-103 0.00328947368421 1.50640275952e-103 1.92599357273e-103 2.53324795189e-103
green 2.04413604353e-103 0.00328947368421 1.50640275952e-103 1.92599357273e-103 2.53324795189e-103
grief 2.04413604353e-103 0.00657894736842 1.50640275952e-103 1.92599357273e-103 2.53324795189e-103
grievances 1.2828931827e-96 3.28947368421e-103 1.50640275965e-103 0.00192599357273 2.53324795189e-103
grieve 0.00204413604353 3.28947368421e-103 1.50640276134e-103 3.41667476678e-93 8.75985607008e-35
groan 2.04413604353e-103 0.00328947368421 1.50640275952e-103 1.92599357273e-103 2.53324795189e-103
grow 8.59165599962e-97 3.28947368421e-103 1.50640275964e-103 0.00192599357273 2.53324795189e-103
growing 2.04413604353e-103 0.00328947368421 1.50640275952e-103 1.92599357273e-103 0.00253324795189
grown 2.04413647758e-103 3.28947368421e-103 0.00150640250344 3.27415922342e-10 2.53325102689e-103
grows 2.04413604353e-103 0.00328947368421 1.50640275952e-103 1.92599357273e-103 2.53324795189e-103
guard 2.04413604353e-103 0.00328947368421 1.50640275952e-103 1.92599357273e-103 2.53324795189e-103
guides 1.10897822481e-62 3.28947368421e-103 0.00150640275952 2.12569136575e-25 6.74881107735e-68
gust 2.04413604353e-103 3.28947368421e-103 0.00150640275952 1.3236105795e-19 2.53324951901e-103
gusts 2.04413604444e-103 3.28947368421e-103 0.00150640275952 1.92599357323e-103 2.53324795189e-103
habit 1.10479035085e-90 3.28947368421e-103 1.50640276777e-103 3.23105809992e-08 0.00253320545397
had 4.10440558886e-97 3.28947368421e-103 4.39386135446e-85 0.00192599357273 2.53324795189e-103
hand 2.0441360438e-103 0.00328947368421 0.00301280551905 2.04541201268e-22 1.40302368102e-34
happier 0.00204413604353 3.28947368421e-103 1.61391557006e-77 6.38562228643e-93 1.02424783803e-31
happy 0.00204413610813 3.28947368421e-103 1.02711674044e-27 0.00192599351187 4.28769106646e-58
hast 1.34609470827e-27 3.28947368421e-103 0.00301280519049 4.20076616706e-10 1.29283230792e-35
hate 2.04413604353e-103 3.28947368421e-103 1.50640275952e-103 1.92599357273e-103 0.00253324795189
hath 0.00253368707278 3.28947368421e-103 0.00415843922716 1.18492353195e-16 8.0225922045e-28
have 0.010121957669 3.28947368421e-103 3.21290373528e-23 0.00779699109129 6.96448344309e-40
having 0.00204413604353 3.28947368421e-103 1.5064027601e-103 1.92599357273e-103 3.38951023645e-53
hawks 2.76461668259e-101 3.28947368421e-103 1.50640276169e-103 0.00192599357273 2.53324795215e-103
he 0.0137574619906 3.28947368421e-103 0.00159793295727 3.11959449981e-37 0.00812927024725
healthful 2.08291205865e-94 3.28947368421e-103 5.46080831321e-48 0.00385198714547 2.53324795189e-103
hear 2.04413604357e-103 3.28947368421e-103 0.00150640275952 1.92599357322e-103 2.53324795189e-103
hearing 2.04413604353e-103 3.28947368421e-103 1.50640275952e-103 1.92599357273e-103 0.00253324795189
heart 0.00147830852336 0.00328947368421 0.00644259118015 9.185396564e-21 8.79221025926e-23
hearts 2.04413604434e-103 3.28947368421e-103 0.00150634185341 7.7870803128e-08 2.53324795189e-103
heaven 0.00204413604353 3.28947368421e-103 2.74878410625e-50 1.92599357274e-103 1.05902347862e-54
heavily 0.00204413604353 3.28947368421e-103 1.50640480084e-103 1.92599357273e-103 6.07347004504e-51
help 0.00197056454188 3.28947368421e-103 0.00150640276147 6.93193756279e-05 1.47952076778e-31
her 2.04413604354e-103 3.28947368421e-103 1.50640276081e-103 0.00192599357273 3.64314433585e-47
here 2.04413604353e-103 0.00328947368421 1.50640275952e-103 1.92599357273e-103 2.53324795189e-103
heretic 2.04413604353e-103 0.00328947368421 1.50640275952e-103 1.92599357273e-103 2.53324795189e-103
high 0.00204413604353 3.28947368421e-103 1.50640276017e-103 1.38249355011e-95 6.75356514541e-37
highmost 0.00204413604353 3.28947368421e-103 1.50640275954e-103 1.55387977684e-95 1.86504400376e-33
him 6.19089994967e-30 3.28947368421e-103 0.0102702002138 2.38823152705e-50 0.0029950622147
his 0.0101379327865 0.00328947368421 1.10469082129e-63 0.00778193926837 6.44361209201e-33
hold 2.04413605729e-103 0.00657894736842 0.00451920805103 2.70004581376e-10 2.75129758321e-11
holy 2.04413604381e-103 3.28947368421e-103 0.00150640275952 1.92599357281e-103 6.46480908087e-48
honour 2.04413604372e-103 3.28947368421e-103 0.00123401301734 0.00227425428151 2.53324795189e-103
hope 0.00204413604353 3.28947368421e-103 1.50640275952e-103 2.59506944438e-94 6.542955101e-36
horse 0.00204413604353 3.28947368421e-103 1.66536999253e-75 1.04116418642e-58 4.0541956518e-25
horses 2.30947697005e-81 3.28947368421e-103 1.66928899307e-30 0.00192599357273 2.53324795189e-103
hour 1.70420926875e-93 3.28947368421e-103 4.60041360335e-23 0.00192599357273 2.53324795189e-103
hours 1.69453663468e-48 3.28947368421e-103 0.00438128910359 0.00210232851563 4.15395652258e-53
house 0.00204413604353 3.28947368421e-103 1.50640275961e-103 3.47506171829e-94 1.06068948409e-34
how 7.76785199059e-05 3.28947368421e-103 0.00126682636126 2.17738039013e-27 0.0205726030844
hue 2.61819629819e-33 3.28947368421e-103 6.39296576419e-51 0.00192599357273 1.65496497463e-41
hugely 8.73193404312e-98 3.28947368421e-103 1.50640275963e-103 0.00192599357273 2.53324795189e-103
hung 0.00204413604353 3.28947368421e-103 1.50640275971e-103 1.88594159723e-31 1.00820082428e-35
husband 2.04413604353e-103 3.28947368421e-103 0.00150640275952 1.9260061233e-103 2.53324795189e-103
if 0.00882417862524 3.28947368421e-103 4.19741510279e-37 4.4751219921e-29 0.0118636421769
ill 0.00204413604437 3.28947368421e-103 0.00301280551843 9.93439478426e-32 1.49097707688e-25
imaginary 9.21567194115e-97 3.28947368421e-103 1.5064027599e-103 0.00192599357273 2.53324795189e-103
impair 0.00204413604353 3.28947368421e-103 9.73249337608e-56 1.92599357274e-103 1.43875535963e-52
impanelled 2.04413604353e-103 0.00328947368421 1.50640275952e-103 1.92599357273e-103 2.53324795189e-103
imperfect 1.15785089229e-97 3.28947368421e-103 2.60863484902e-87 0.00192599357273 2.53324795189e-103
impute 2.04413604353e-103 0.00328947368421 1.50640275952e-103 1.92599357273e-103 2.53324795189e-103
in 0.0230855169534 3.28947368421e-103 0.0344187371403 0.0101633343878 0.0166719132601
incertainty 2.04413604353e-103 0.00328947368421 1.50640275952e-103 1.92599357273e-103 2.53324795189e-103
inconstant 2.23804716528e-103 3.28947368421e-103 5.02699518428e-84 0.00385198714547 2.53324795189e-103
indeed 2.04413604353e-103 0.00328947368421 1.50640275952e-103 1.92599357273e-103 2.53324795189e-103
infection 2.04413604353e-103 3.28947368421e-103 1.50640291816e-103 0.00192599357273 2.53324795189e-103
injuries 0.00204413604353 3.28947368421e-103 7.31481715893e-36 1.92599357274e-103 3.94917754129e-53
instant 2.04413604353e-103 3.28947368421e-103 0.00150640275952 5.92914464334e-21 2.53324796025e-103
interchange 2.0441360439e-103 3.28947368421e-103 0.00150640275952 8.05649695974e-27 2.50527754447e-71
interim 2.04413605371e-103 3.28947368421e-103 0.00150640275952 2.13315732498e-59 1.84992053903e-37
into 0.00204413604353 3.28947368421e-103 8.31261967525e-43 1.94773537141e-42 8.07862805273e-39
invention 8.22457455434e-103 3.28947368421e-103 1.05096620888e-74 0.00192599357273 2.53324795189e-103
inward 0.00204413604353 3.28947368421e-103 1.50640276076e-103 5.80055864186e-93 3.13574873233e-38
is 0.0235435088749 0.00657894736842 2.90762004957e-06 0.0309723272441 0.00354468577175
issue 0.00204413604353 3.28947368421e-103 1.50640275952e-103 6.02441719402e-94 2.65056463107e-35
it 2.6857645166e-14 3.28947368421e-103 0.0172263567677 0.00293315032517 0.00263874742905
jealous 2.0441360446e-103 3.28947368421e-103 9.53162416518e-33 0.00192599357273 2.53324795189e-103
jewel 2.04413604411e-103 3.28947368421e-103 0.00150640275952 1.92599357369e-103 2.48406622052e-41
keep 2.04605858978e-103 3.28947368421e-103 1.36140524444e-24 0.00385198714547 2.53325023172e-103
keeps 0.00408827208706 3.28947368421e-103 1.6227351423e-36 2.77924133138e-103 1.77230262061e-38
kills 0.00204413604353 3.28947368421e-103 1.50640275961e-103 4.45299162753e-43 8.98945765594e-36
kind 2.04413604525e-103 0.00657894736842 0.00150640275952 1.92599357274e-103 1.30562258102e-46
kindness 2.04413604384e-103 0.00328947368421 1.33107724078e-83 0.00192599357273 2.67214210455e-52
knife 2.04413604353e-103 0.00328947368421 1.50640275952e-103 1.92599357273e-103 2.53324795189e-103
know 2.04413604353e-103 0.00328947368421 1.50640275952e-103 1.92599357273e-103 0.00253324795189
knowing 2.04413604353e-103 0.00328947368421 1.50640275952e-103 1.92599357273e-103 2.53324795189e-103
knowledge 9.3393473308e-103 3.28947368421e-103 5.22883520509e-87 0.00192599357273 2.53324795189e-103
knows 0.0017822565208 0.00328947368421 2.93172346652e-30 0.00409869699443 4.49017211116e-08
lack 2.04413604353e-103 0.00328947368421 1.50640275952e-103 1.92599357273e-103 2.53324795189e-103
lambs 2.04413604408e-103 3.28947368421e-103 0.00150640275952 1.92599380745e-103 8.94499877642e-35
lame 1.15731853866e-45 3.28947368421e-103 0.00150640267894 1.03026076672e-10 5.24854888236e-34
lark 0.00204413604353 3.28947368421e-103 1.5067468435e-103 5.17745519777e-43 1.31212409872e-36
last 2.04413604353e-103 0.00328947368421 1.50640275952e-103 1.92599357273e-103 2.53324795189e-103
lawful 0.00203006234651 3.28947368421e-103 0.00151666205271 1.43397566249e-07 2.0568189834e-26
lead 2.92863714111e-27 3.28947368421e-103 0.00301280529921 2.81074539552e-10 4.18690878287e-54
leave 0.00156537839502 3.28947368421e-103 5.07692968256e-24 0.00237708104162 2.64065550962e-25
leaves 0.00204413604353 3.28947368421e-103 1.5064027601e-103 1.92599357273e-103 5.07971790291e-56
left 2.04413604353e-103 0.00328947368421 1.50640275952e-103 1.92599357273e-103 2.53324795189e-103
lends 0.00408825502569 3.28947368421e-103 1.25728202331e-08 4.65801013125e-13 6.20411376028e-44
less 2.04413604357e-103 3.28947368421e-103 8.47677309253e-21 0.00192599357273 2.53324795189e-103
lest 2.04413604353e-103 3.28947368421e-103 1.50640275952e-103 1.92599357273e-103 0.00506649590377
let 5.93554761049e-06 3.28947368421e-103 5.9338468675e-12 2.76178206687e-27 0.0253251237295
lets 5.58857488555e-89 3.28947368421e-103 0.00150640275952 1.92599357275e-103 2.84270194678e-46
level 0.00203404773305 0.00328947368421 1.60958562526e-35 9.50524854373e-06 5.63228598674e-34
lie 2.04413604353e-103 0.00328947368421 1.50640275952e-103 1.92599357273e-103 2.53324795189e-103
life 0.00182488321719 0.00328947368421 5.48953794248e-54 0.00213257450735 1.94302703861e-31
lifes 0.00204413604353 3.28947368421e-103 1.5064027601e-103 1.92599357273e-103 6.44496971616e-54
like 0.00602218804033 3.28947368421e-103 0.00443843230715 1.77060907021e-24 0.00280567824274
likeness 1.03248157965e-52 3.28947368421e-103 0.00150640275952 1.92599439569e-103 3.45682569536e-82
lilys 1.76299422372e-95 3.28947368421e-103 3.09860837744e-51 0.00192599357273 2.53324795189e-103
lines 0.00204413604353 3.28947368421e-103 2.21517858857e-24 5.02871985693e-22 3.95555866775e-31
lips 2.04413604474e-103 3.28947368421e-103 1.50640276136e-103 0.00192599357273 2.53324796093e-103
list 2.04413605038e-103 3.28947368421e-103 3.26360559266e-17 2.58298041069e-23 0.00253324795188
live 3.29770194568e-79 0.00328947368421 0.00451920827857 9.58581068802e-56 5.37252932045e-75
locked 2.04413604474e-103 3.28947368421e-103 1.50640276188e-103 0.00192599357273 2.53324807885e-103
look 0.00151088112886 3.28947368421e-103 0.0026226207585 5.11780385334e-21 0.00891674936011
looked 5.88369715131e-36 3.28947368421e-103 1.63355557567e-57 0.00192599357273 2.37071612643e-34
looks 0.00204413540243 3.28947368421e-103 4.72455183913e-10 6.3702627459e-22 3.64631324546e-35
lose 0.00196441732819 3.28947368421e-103 0.00156515055821 2.46453359281e-16 3.52119833781e-47
loss 2.04415117752e-103 0.00328947368421 0.00150640151034 1.59713067145e-09 3.37078141827e-19
lost 0.00204413604353 3.28947368421e-103 1.50640277925e-103 1.96269811688e-103 5.99200109726e-38
love 0.0128521714065 0.00657894736842 0.0194073015124 0.00294766047161 0.00582391720966
loves 7.34455906508e-15 3.28947368421e-103 9.76648093507e-05 0.00726701385876 0.0105434848794
loving 3.29984756988e-97 0.00328947368421 3.57431108727e-44 0.00192599357273 2.53324795189e-103
lovst 1.11704197691e-93 3.28947368421e-103 7.17984532794e-18 0.00192599357273 2.53324795189e-103
mad 2.04413604377e-103 0.00328947368421 0.00150640275952 3.33685603337e-38 0.00253324795189
made 3.21503855882e-41 0.00328947368421 1.6744721242e-15 0.00385198714547 3.94952985998e-65
make 0.00588193498927 0.00328947368421 0.00169098608629 1.50697339043e-38 4.45905603705e-43
making 2.04413604353e-103 3.28947368421e-103 1.50640275952e-103 1.92599357273e-103 0.00253324795189
man 2.04413604353e-103 0.00328947368421 1.50640275952e-103 1.92599357273e-103 2.53324795189e-103
mansion 2.04413604601e-103 3.28947368421e-103 0.00150640275952 1.92599357273e-103 7.1366211397e-34
many 0.00204413604523 3.28947368421e-103 0.00150640275827 1.92599357273e-103 1.96949966731e-31
mark 2.04413604353e-103 3.28947368421e-103 1.50640275952e-103 1.92599357273e-103 0.00253324795189
marvel 2.13391536118e-103 3.28947368421e-103 0.00150640275952 1.92599357275e-103 6.53682447762e-51
may 5.46020358779e-11 3.28947368421e-103 0.00133767980795 2.48700464302e-60 0.00788347738368
me 0.00629721975882 0.0131578947368 0.0233167658772 0.0124051949675 1.28336724112e-32
medicine 2.04413604361e-103 3.28947368421e-103 0.00150640275952 1.05225325946e-24 2.53324795189e-103
meditation 2.04413914794e-103 3.28947368421e-103 0.00150640275952 1.92599357275e-103 2.53324808485e-103
meet 2.04413604353e-103 0.00328947368421 1.50640275952e-103 1.92599357273e-103 2.53324795189e-103
memory 3.8079340326e-67 0.00328947368421 0.00150640275952 5.32650242663e-20 5.72460715353e-82
mend 0.00204413604353 0.00328947368421 1.49511257905e-88 3.51712124527e-103 2.22979446993e-39
mended 2.04413604854e-103 3.28947368421e-103 1.506402766e-103 0.0019259886916 6.42012396654e-09
mens 4.45401886484e-96 3.28947368421e-103 9.32338235245e-78 0.00192599357273 2.53324795189e-103
merit 0.00203950649655 3.28947368421e-103 3.4116918864e-06 1.92599357274e-103 1.89398713073e-49
methinks 0.00204413604353 3.28947368421e-103 1.5064027601e-103 3.79042552651e-99 5.84265551251e-32
might 0.00408827129291 3.28947368421e-103 1.50640278217e-103 0.00192599432099 1.80432802526e-37
mightst 6.40050018334e-25 3.28947368421e-103 0.00301280551905 7.33199928674e-32 4.43615921763e-53
mind 2.04413604353e-103 0.00986842105263 1.50640275952e-103 1.92599357273e-103 2.53324795189e-103
mine 2.04413604437e-103 0.00328947368421 0.00301280551217 1.92599357282e-103 0.00759974386723
miscalled 7.40553692773e-97 3.28947368421e-103 1.50640275963e-103 0.00192599357273 2.53324795189e-103
misprision 1.68484063658e-96 3.28947368421e-103 1.50640275963e-103 0.00192599357273 2.53324795189e-103
mistake 3.19885245883e-76 3.28947368421e-103 0.00150640275952 1.92599357322e-103 2.53341897454e-103
mistress 2.8658013511e-30 3.28947368421e-103 0.00301280551905 1.24574609336e-15 1.18468683682e-38
mixed 0.00204413604353 3.28947368421e-103 8.67122367905e-89 3.25798308039e-25 8.24375662843e-35
moan 2.04413604353e-103 0.00328947368421 1.50640275952e-103 1.92599357273e-103 2.53324795189e-103
monument 0.00204413604353 3.28947368421e-103 7.21113340569e-26 1.92599357274e-103 1.33558829836e-53
more 0.00204413604363 0.00657894736842 0.00301280551898 4.22775348086e-90 1.36652174597e-29
morn 1.51977674793e-52 3.28947368421e-103 1.50640276136e-103 0.00192599357273 1.22632023058e-75
most 0.00408827208706 3.28947368421e-103 1.50640275965e-103 3.36912427146e-94 4.37870098977e-37
mother 2.04413604353e-103 0.00328947368421 1.50640275952e-103 1.92599357273e-103 2.53324795189e-103
mothers 2.04413604363e-103 3.28947368421e-103 0.00301280551905 1.99627768233e-29 2.53324795189e-103
mountain 2.04413604548e-103 3.28947368421e-103 0.00150640275952 1.92599357274e-103 1.27060401964e-37
mourn 5.82377778205e-31 3.28947368421e-103 0.00150640275952 1.92599357274e-103 1.20922069357e-37
mourning 2.78405641372e-21 3.28947368421e-103 0.00301280551905 1.92599357293e-103 7.69948889978e-69
move 2.04413604353e-103 0.00328947368421 1.50640275952e-103 1.92599357273e-103 2.53324795189e-103
moving 2.04413604353e-103 0.00328947368421 1.50640275952e-103 1.92599357273e-103 2.53324795189e-103
much 0.00204413539377 3.28947368421e-103 0.00766682308137 0.001753635357 5.81801133024e-21
muse 2.81397991888e-12 3.28947368421e-103 9.37293182816e-99 0.00385198714282 5.38349482176e-34
music 0.00204413604353 3.28947368421e-103 1.50640275952e-103 9.95830158255e-95 1.18801659518e-37
must 8.8380906631e-97 3.28947368421e-103 1.50640275963e-103 0.00192599357273 2.53324795189e-103
mute 2.04413604353e-103 0.00328947368421 1.50640275952e-103 1.92599357273e-103 2.53324795189e-103
my 0.0421267512842 3.28947368421e-103 0.0233422762516 0.047460116915 0.00571032639766
name 0.00323552403897 3.28947368421e-103 4.57031568133e-05 0.00267102313329 5.49238061739e-19
nature 6.40693770729e-25 3.28947368421e-103 0.00339098114081 0.00336847514161 2.14069717842e-37
natures 2.08583698551e-98 3.28947368421e-103 3.51608996957e-99 0.00192599357273 2.53324795189e-103
necessary 2.04413604361e-103 3.28947368421e-103 0.00150640275952 1.39515021522e-23 2.53324795189e-103
neck 4.61476947298e-14 3.28947368421e-103 1.50640276136e-103 0.00192599357269 4.46298417126e-43
needs 2.04413604378e-103 3.28947368421e-103 0.00150640275952 3.18617804297e-49 1.97423620621e-62
neigh 2.04413604845e-103 3.28947368421e-103 0.00150640275952 1.92599357274e-103 1.75169083583e-41
neither 2.04413604353e-103 3.28947368421e-103 1.50640275952e-103 1.92599357273e-103 0.00253324795189
never 0.00190217609531 3.28947368421e-103 2.6582333198e-57 1.92599357854e-103 0.00524242340587
new 2.04413604353e-103 0.00328947368421 0.00150640275952 1.92599358104e-103 2.53324795189e-103
newer 0.00204413604353 3.28947368421e-103 1.5064027601e-103 1.92599357273e-103 1.016575183e-55
night 2.04413604356e-103 0.00986842105263 0.00451920827857 1.92599357282e-103 2.53324795189e-103
no 0.00483441238398 3.28947368421e-103 0.00339526111547 0.00916091603979 0.0142485974113
nor 2.0441360507e-103 3.28947368421e-103 5.74457964655e-05 0.00386671370257 0.0201500099187
not 0.0120477700005 0.00328947368421 0.0225114886968 0.00967893874398 0.00288000534513
nothing 0.00204413604353 3.28947368421e-103 1.50640441001e-103 1.92599357273e-103 3.07207890174e-54
nought 2.04413604353e-103 0.00328947368421 1.50640275952e-103 1.92599357273e-103 2.53324795189e-103
now 5.65180064975e-11 0.00328947368421 1.33884626944e-26 0.014465361318 0.0113727711893
number 2.04413604839e-103 3.28947368421e-103 1.95579263857e-26 0.00192599357273 1.81269502536e-36
nursed 2.04413604353e-103 3.28947368421e-103 0.00150640275952 1.92599357273e-103 2.53324795189e-103
oaths 2.0441360444e-103 3.28947368421e-103 0.00150640275952 8.11149613409e-36 2.77785549252e-28
oblivious 7.01393711495e-96 3.28947368421e-103 1.50640276648e-103 0.00192599357273 2.53324795189e-103
obsequious 0.00204413604353 3.28947368421e-103 1.41017831763e-36 3.65209884879e-24 2.76463711157e-24
ocean 3.21265372001e-96 3.28947368421e-103 1.29029032017e-93 0.00192599357273 2.53324795189e-103
oer 1.47209843944e-97 3.28947368421e-103 1.50640275963e-103 0.00192599357273 0.00253324795189
of 0.0341798354853 3.28947368421e-103 0.0124772863133 0.0306406402744 0.00275424830113
offenders 0.00204413604353 3.28947368421e-103 1.5064027601e-103 1.92599357273e-103 1.07929882026e-55
old 1.63814005048e-16 3.28947368421e-103 5.81392578047e-40 0.0057779807182 1.71965131996e-45
older 2.04413604353e-103 3.28947368421e-103 2.56188167866e-34 0.00192599357273 2.53324795189e-103
on 0.00489402306181 0.00328947368421 6.34226760635e-27 0.00875692309367 0.00268301103835
one 0.00394383221586 3.28947368421e-103 0.00150640275853 9.93070261933e-17 0.00271224876373
only 1.91170975725e-97 3.28947368421e-103 8.77037634331e-99 0.00192599357273 2.53331728194e-103
onset 2.04413604479e-103 3.28947368421e-103 1.65137757372e-22 0.00192599357273 7.57478785303e-89
or 0.00344451605831 3.28947368421e-103 1.32351354907e-94 0.00589691981042 0.0133075910233
ornament 2.04413604353e-103 0.00328947368421 1.50640275952e-103 1.92599357273e-103 2.53324795189e-103
other 2.04413604561e-103 3.28947368421e-103 0.00156411735118 0.00377819683151 3.16688807292e-30
others 0.00222667432131 3.28947368421e-103 6.81195867394e-13 0.00175400523924 1.54631405509e-49
our 0.00204413604353 3.28947368421e-103 1.5064027601e-103 1.92599357273e-103 1.83523338711e-52
out 0.00204413604323 3.28947368421e-103 0.00150640275975 1.92599358112e-103 4.34068554903e-52
outlive 2.04413604354e-103 3.28947368421e-103 0.00150640275952 6.30363168486e-29 2.53324795189e-103
outward 1.19399705288e-88 3.28947368421e-103 3.48027745764e-37 0.00192599357273 2.53324795189e-103
own 0.00817654417413 3.28947368421e-103 2.54395098713e-48 6.06958451415e-103 1.78323916189e-41
pace 2.04413604353e-103 0.00328947368421 1.50640275952e-103 1.92599357273e-103 2.53324795189e-103
painful 0.00204413604353 3.28947368421e-103 1.5064027601e-103 1.92599357273e-103 5.97814346291e-53
papers 2.0441360438e-103 3.28947368421e-103 0.00150640275952 1.92599357478e-103 1.15768229227e-20
parts 2.04413604373e-103 3.28947368421e-103 0.00150640275952 5.36908153649e-51 3.82483210614e-29
pass 3.90262156575e-48 3.28947368421e-103 9.82203900052e-47 0.00385198714547 3.0658335883e-29
passed 0.00204413604353 3.28947368421e-103 1.50640275952e-103 5.05853135868e-92 1.40084952664e-34
past 2.04413604488e-103 3.28947368421e-103 6.24338424157e-58 0.00192599357273 0.00253324795189
patient 2.04413604353e-103 3.28947368421e-103 0.00150640275952 1.92599357323e-103 2.53324795189e-103
physic 2.04413604353e-103 3.28947368421e-103 0.00150640275952 1.92599357413e-103 2.53324795191e-103
picture 2.04413604356e-103 3.28947368421e-103 0.00150640275952 6.77512887708e-25 5.90926692226e-70
pitch 2.0441360484e-103 3.28947368421e-103 0.00150640275952 1.92599357323e-103 2.53324795189e-103
pity 0.00204413604353 3.28947368421e-103 1.54156859591e-23 1.92599357274e-103 5.89162121199e-46
place 2.04413604353e-103 0.00328947368421 1.50640275952e-103 1.92599357273e-103 2.53324795189e-103
plea 2.04328065708e-96 3.28947368421e-103 7.37900341082e-76 0.00192599357273 2.53324795189e-103
plead 1.44469412665e-30 3.28947368421e-103 0.00150640275952 1.92599357274e-103 4.7344195187e-39
pleasant 2.04413604353e-103 3.28947368421e-103 1.50640291816e-103 0.00192599357273 2.53324795189e-103
please 0.00188403585823 3.28947368421e-103 2.30936259955e-33 0.0020768406403 3.35192835034e-15
pleasures 2.04413604353e-103 3.28947368421e-103 0.00150640275952 1.11751510488e-23 2.53324795189e-103
plot 2.04413604353e-103 0.00328947368421 1.50640275952e-103 1.92599357273e-103 2.53324795189e-103
poets 2.04413604353e-103 3.28947368421e-103 0.00150640275952 1.92599358104e-103 2.53324795189e-103
point 0.00204317472423 3.28947368421e-103 8.67395818077e-90 2.7894327976e-69 1.19133956803e-06
policy 0.00404320075026 3.28947368421e-103 1.11837738331e-24 4.24664029965e-05 6.2497875794e-35
politic 2.04413604353e-103 0.00328947368421 1.50640275952e-103 1.92599357273e-103 2.53324795189e-103
poor 0.00204711170226 3.28947368421e-103 0.000663779559204 0.00685250304585 1.16496407412e-43
possessing 2.04413604353e-103 3.28947368421e-103 1.50640275952e-103 1.92599357273e-103 0.00253324795189
possession 2.36515157296e-97 3.28947368421e-103 4.00334435361e-40 0.00192599357273 2.53324795189e-103
posterity 2.04413604353e-103 0.00328947368421 1.50640275952e-103 1.92599357273e-103 2.53324795189e-103
praise 4.97062419207e-19 0.00328947368421 0.00451920827857 7.38691717627e-21 6.85952015024e-19
praised 2.04413604597e-103 3.28947368421e-103 0.00150640275952 1.92599357702e-103 4.211597716e-15
praises 2.04413604608e-103 3.28947368421e-103 0.00150640275952 4.85657911165e-19 5.58723149511e-41
preposterously 2.68538634084e-11 3.28947368421e-103 0.00140791524822 0.000125920026671 2.40148940907e-36
presence 9.68273403059e-94 3.28947368421e-103 1.49227158714e-09 0.00192599166481 5.72563089782e-97
prison 2.04413604353e-103 3.28947368421e-103 1.50640275952e-103 1.92599357273e-103 0.00253324795189
profane 0.00204413604353 3.28947368421e-103 1.50640275968e-103 1.79838447069e-95 4.30235086718e-36
profound 0.00204413604353 3.28947368421e-103 1.50640276113e-103 1.92599357326e-103 1.93602010953e-47
proof 2.04413604393e-103 3.28947368421e-103 0.00301280551905 2.74227591879e-17 1.84354817901e-42
prophecies 2.04413604353e-103 0.00328947368421 1.50640275952e-103 1.92599357273e-103 2.53324795189e-103
proud 2.04413604362e-103 3.28947368421e-103 0.00150640275952 1.92599357278e-103 2.53324795189e-103
prove 2.04413604353e-103 0.00328947368421 1.50640275952e-103 1.92599357273e-103 2.53324795189e-103
proved 2.04413604405e-103 3.28947368421e-103 0.00150640275952 3.90954460737e-16 2.53324795189e-103
provoke 0.00204413604353 3.28947368421e-103 1.50640275952e-103 4.40361435299e-93 4.08128602842e-34
public 2.04413604466e-103 3.28947368421e-103 1.50640292424e-103 0.00192599357273 2.53324795189e-103
pursuing 2.56988670095e-65 3.28947368421e-103 0.00150640275952 1.92599357319e-103 2.54699927633e-103
pursuit 2.04413604433e-103 3.28947368421e-103 0.00149917636963 9.23921600966e-06 8.43679967087e-36
puts 0.00204413604353 3.28947368421e-103 1.5064027601e-103 1.92599357273e-103 2.15967098623e-53
quenched 0.00204413604353 3.28947368421e-103 1.50640275978e-103 7.89695741275e-33 4.97389792928e-35
question 0.00165929058314 3.28947368421e-103 6.0248696326e-76 0.00228859658321 3.77766919142e-36
quite 2.04413604358e-103 0.00328947368421 0.00150640275952 7.71775530028e-24 2.53324795189e-103
race 2.04413604353e-103 0.00328947368421 1.50640275952e-103 1.92599357273e-103 2.53324795189e-103
rage 2.04413604353e-103 0.00328947368421 1.50640275952e-103 1.92599357273e-103 2.53324795189e-103
rain 2.04413604353e-103 3.28947368421e-103 1.50640291816e-103 0.00192599357273 2.53324795189e-103
rarities 0.00196649502035 3.28947368421e-103 2.68916742207e-64 7.31536984009e-05 3.81301912616e-34
raven 3.74104486098e-101 3.28947368421e-103 1.14724925796e-70 0.00192599357273 2.53324795189e-103
razed 5.05957424862e-100 3.28947368421e-103 1.5064027883e-103 0.00192599357273 2.53324795189e-103
read 2.04413604353e-103 0.00328947368421 1.50640275952e-103 1.92599357273e-103 2.53324795189e-103
reason 2.04796860269e-103 3.28947368421e-103 3.71050164543e-16 0.00192599357273 2.59813283695e-103
receives 2.04413604499e-103 3.28947368421e-103 4.13806208007e-21 0.00192599357273 2.53324795189e-103
recompense 2.04413604353e-103 0.00328947368421 1.50640275952e-103 1.92599357273e-103 2.53324795189e-103
records 2.0441360437e-103 3.28947368421e-103 0.00150640275952 4.5131919753e-27 1.46752994494e-56
recured 2.04413604353e-103 0.00328947368421 1.50640275952e-103 1.92599357273e-103 2.53324795189e-103
registers 1.1705438804e-90 3.28947368421e-103 0.00150640275952 1.92599357275e-103 1.7807903196e-52
rehearse 2.04413604353e-103 0.00657894736842 1.50640275952e-103 1.92599357273e-103 2.53324795189e-103
reigned 2.04413604353e-103 0.00328947368421 1.50640275952e-103 1.92599357273e-103 2.53324795189e-103
relief 2.04413604353e-103 0.00328947368421 1.50640275952e-103 1.92599357273e-103 2.53324795189e-103
remedy 2.04413604353e-103 0.00328947368421 1.50640275952e-103 1.92599357273e-103 2.53324795189e-103
remembered 2.04413604353e-103 0.00328947368421 1.50640275952e-103 1.92599357273e-103 2.53324795189e-103
repair 2.04413604353e-103 0.00328947368421 1.50640275952e-103 1.92599357273e-103 2.53324795189e-103
resembling 2.04413604353e-103 3.28947368421e-103 1.50640275952e-103 1.92599357273e-103 0.00253324795189
respect 2.04413604353e-103 0.00328947368421 1.50640275952e-103 1.92599357273e-103 2.53324795189e-103
rest 2.04413604575e-103 3.28947368421e-103 3.92970555216e-56 0.00192599357273 2.53324795189e-103
resty 2.04413604522e-103 3.28947368421e-103 0.00150640275952 1.92599357275e-103 2.53324795241e-103
retention 2.04413604374e-103 3.28947368421e-103 0.00150640275952 6.82187108388e-26 3.41793994559e-84
rhyme 2.04413604353e-103 0.00328947368421 1.50640275952e-103 1.92599357273e-103 2.53324795189e-103
rich 0.00204413604353 3.28947368421e-103 1.50640275973e-103 1.02996211756e-31 7.61001510456e-36
rights 0.00204413604353 3.28947368421e-103 1.50640276064e-103 7.06289631465e-29 2.84385666306e-33
riot 2.04413604353e-103 3.28947368421e-103 0.00150640275952 4.96642595571e-20 2.53324796136e-103
rise 2.04413604353e-103 3.28947368421e-103 1.50640275952e-103 1.92599357273e-103 0.00253324795189
rising 0.00204396953238 3.28947368421e-103 1.22708498348e-07 1.92599357274e-103 3.44110134845e-35
robbery 2.04413604356e-103 3.28947368421e-103 0.00150640275952 1.68649583805e-26 2.53324795332e-103
root 2.04413604353e-103 3.28947368421e-103 1.50640275952e-103 1.92599357273e-103 0.00253324795189
roses 2.04413604564e-103 3.28947368421e-103 0.00150640275952 1.92603643725e-103 2.53325034948e-103
rosy 2.04413604356e-103 3.28947368421e-103 0.00150640275952 1.92599357322e-103 2.53324795189e-103
rudst 2.04413604474e-103 3.28947368421e-103 1.55462641065e-102 0.00192599357273 2.5332479521e-103
ruin 2.04413604353e-103 3.28947368421e-103 1.50640275952e-103 1.92599357273e-103 0.00253324795189
ruined 0.00204413604353 3.28947368421e-103 1.25451869656e-51 1.92599357274e-103 2.10802538209e-54
ruminate 2.04413604353e-103 0.00328947368421 1.50640275952e-103 1.92599357273e-103 2.53324795189e-103
runst 2.04413604784e-103 3.28947368421e-103 0.00150640275952 1.92599357274e-103 2.33305096593e-35
sad 0.00408827208722 3.28947368421e-103 0.00150640275941 2.25885261508e-102 2.91126853788e-32
sake 2.04413604353e-103 0.00328947368421 1.50640275952e-103 1.92599357273e-103 2.53324795189e-103
satire 2.04413604474e-103 3.28947368421e-103 1.50640276147e-103 0.00192599357273 2.53326060586e-103
save 2.04413604353e-103 3.28947368421e-103 1.50640275952e-103 1.92599357273e-103 0.00253324795189
saw 2.04413604365e-103 3.28947368421e-103 0.00150640275952 1.9259935732e-103 2.53324795189e-103
say 0.00817654417413 0.00328947368421 1.50749819577e-31 1.31517192549e-27 1.03564278163e-38
says 0.00204413604353 3.28947368421e-103 1.50640275952e-103 1.25057572394e-93 7.23352159993e-36
sea 0.00408827208706 3.28947368421e-103 1.50640277889e-103 4.75554321234e-103 7.77763699116e-44
seat 2.04413604452e-103 3.28947368421e-103 5.79298533157e-29 0.00192599357273 2.53324795189e-103
seconds 2.04413604478e-103 3.28947368421e-103 1.50640276141e-103 0.00192599357273 3.85394033221e-55
see 0.00400699200811 0.00657894736842 0.00307270394686 1.36804007332e-94 3.77632297291e-40
seeing 2.04413609258e-103 0.00328947368421 3.72830955302e-11 4.82733343022e-15 0.00253324788918
seem 0.00204413604353 3.28947368421e-103 2.21428857187e-35 1.62609273613e-34 2.73249400382e-46
seemed 2.04413604353e-103 3.28947368421e-103 0.00150640275952 1.92599357323e-103 2.53324795189e-103
seeming 1.40507753095e-95 3.28947368421e-103 5.98957227266e-82 0.00192599357273 2.53324795189e-103
seen 2.04413604353e-103 0.00328947368421 0.00150640275952 1.92599357273e-103 2.53324795189e-103
seest 2.04413604749e-103 3.28947368421e-103 0.00150640275952 5.99032408683e-37 1.25684274792e-38
self 0.00583167053503 3.28947368421e-103 0.00210047143979 0.0110797781225 1.4524219482e-38
selling 0.00204413604353 3.28947368421e-103 1.50640275993e-103 9.53920654319e-30 3.94919664662e-38
sense 2.04413604353e-103 0.00328947368421 1.50640275952e-103 1.92599357273e-103 2.53324795189e-103
senses 2.20120654904e-97 3.28947368421e-103 1.50640275963e-103 0.00192599357273 2.53324795189e-103
sensual 0.00204413604353 3.28947368421e-103 1.50640275965e-103 2.33401194283e-96 3.70265709159e-37
servants 2.04413604748e-103 3.28947368421e-103 3.87661949039e-17 0.00192599357273 2.53324795189e-103
set 2.04413604353e-103 3.28947368421e-103 0.00150640275952 1.92599357323e-103 2.53324795189e-103
several 7.62773563635e-98 3.28947368421e-103 7.63951647235e-60 0.00192599357273 2.53324795189e-103
shade 2.04413604353e-103 0.00657894736842 1.50640275952e-103 1.92599357273e-103 2.53324795189e-103
shall 2.10869006208e-20 3.28947368421e-103 0.00774813744395 0.00732906211993 0.0051961705093
shallowest 0.00204413604353 3.28947368421e-103 1.50641490999e-103 1.92599357273e-103 7.69264087734e-55
shalt 2.04413604353e-103 3.28947368421e-103 1.50640291816e-103 0.00192599357273 2.53324795189e-103
shame 2.04413604518e-103 3.28947368421e-103 0.00150640275952 1.92599357455e-103 3.12004035411e-27
she 0.00627936882499 3.28947368421e-103 0.00893011554837 5.69862652128e-25 3.34880470445e-32
shine 2.04413604353e-103 0.00328947368421 1.50640275952e-103 1.92599357273e-103 2.53324795189e-103
should 0.00171325627966 3.28947368421e-103 0.00928225462798 1.9259935729e-103 9.03435830991e-38
shouldst 1.24155861458e-95 3.28947368421e-103 5.77955003191e-21 0.00192599357273 2.53324795189e-103
show 2.04413604353e-103 0.00328947368421 1.50640275952e-103 1.92599357273e-103 2.53324795189e-103
shows 2.04413606452e-103 3.28947368421e-103 4.9204796845e-81 9.77735859128e-07 0.00253196194169
sick 2.04413604353e-103 3.28947368421e-103 1.50640275952e-103 1.92599357273e-103 0.00253324795189
side 2.04413605533e-103 3.28947368421e-103 0.00150640275952 1.92599357274e-103 3.95449797702e-34
sight 2.04413604353e-103 0.00986842105263 1.50640275952e-103 1.92599357273e-103 2.53324795189e-103
silence 3.41366339898e-53 3.28947368421e-103 0.00301280551905 8.62727327762e-19 1.65462060887e-41
simple 0.00204413604353 3.28947368421e-103 1.5064027601e-103 1.92599357273e-103 6.96012831008e-54
simplicity 2.04413604353e-103 0.00328947368421 1.50640275952e-103 1.92599357273e-103 2.53324795189e-103
sin 0.00204413604353 3.28947368421e-103 3.81939005804e-70 2.3083800759e-90 6.50636050169e-29
since 0.0016199913413 3.28947368421e-103 1.50640275964e-103 1.29771052986e-92 0.00559212809035
sinful 2.04413604357e-103 3.28947368421e-103 0.00150640274841 1.42106235628e-11 2.19308794787e-25
sire 1.19986314535e-84 3.28947368421e-103 0.00150640275952 1.92599357275e-103 2.53325150835e-103
slave 0.00204413604353 3.28947368421e-103 1.50640276072e-103 2.61089782712e-92 1.14763410644e-36
so 0.00288081426477 0.00657894736842 1.29514906026e-06 0.0197077152187 0.0566366882682
some 2.04413604375e-103 3.28947368421e-103 0.00150640275952 1.92599375412e-103 5.3548578219e-52
sometime 2.04413604353e-103 3.28947368421e-103 1.50640275952e-103 1.92599357273e-103 0.00253324795189
soon 2.04413604589e-103 3.28947368421e-103 0.00150640275952 1.92599357274e-103 4.706017595e-35
sorrow 2.04413604353e-103 3.28947368421e-103 0.00150640275952 1.92599357273e-103 2.53324795189e-103
soul 0.00204413604353 3.28947368421e-103 1.5064027601e-103 1.92599357273e-103 1.82072979374e-55
souls 2.04413604425e-103 3.28947368421e-103 0.00150389153484 3.21069684893e-06 2.53324795189e-103
speak 2.04413605811e-103 3.28947368421e-103 1.50640275952e-103 3.6604434412e-80 0.00506649590377
special 0.00204413450971 3.28947368421e-103 1.50640275963e-103 0.00192599501791 1.81406479163e-37
spend 2.04413604353e-103 0.00328947368421 1.50640275952e-103 1.92599357273e-103 2.53324795189e-103
spent 2.04413604353e-103 0.00328947368421 1.50640275952e-103 1.92599357273e-103 2.53324795189e-103
spite 3.75554636461e-45 3.28947368421e-103 0.00150640275952 1.92599357274e-103 1.11278678579e-35
spring 2.04413604638e-103 3.28947368421e-103 5.35416106612e-42 0.00192599357273 3.48860781032e-32
spur 0.00204413604353 3.28947368421e-103 1.50640275952e-103 1.21151211302e-93 8.45556477604e-35
stained 2.04413604353e-103 0.00328947368421 1.50640275952e-103 1.92599357273e-103 2.53324795189e-103
stand 2.04413604353e-103 0.00328947368421 1.50640275952e-103 1.92599357273e-103 2.53324795189e-103
stands 2.04413604353e-103 3.28947368421e-103 0.00150640275952 1.92599357323e-103 2.53324795189e-103
star 2.04413604353e-103 3.28947368421e-103 0.00150640275952 1.92599357278e-103 2.53324795189e-103
state 2.04413604353e-103 0.00986842105263 1.50640275952e-103 1.92599357273e-103 2.53324795189e-103
statute 1.18887680594e-28 3.28947368421e-103 0.00150640275952 1.92599357274e-103 1.32943868134e-34
stay 2.04413604353e-103 0.00328947368421 0.00150640275952 1.92599357297e-103 2.53324795189e-103
steel 2.04413604512e-103 3.28947368421e-103 0.00150639939561 4.30088949884e-09 2.53324795189e-103
stern 2.04413604477e-103 3.28947368421e-103 6.63027709812e-48 0.00192599357273 2.53324795189e-103
still 2.04413604357e-103 0.00328947368421 0.00150640275952 1.92599357323e-103 2.53324795189e-103
stole 2.00634655848e-44 3.28947368421e-103 0.00150640275952 8.19361079381e-44 3.61843291282e-78
stopped 1.40821555818e-96 3.28947368421e-103 1.50640275963e-103 0.00192599357273 2.53324795189e-103
store 2.04413604353e-103 0.00328947368421 1.50640275952e-103 1.92599357273e-103 2.53324795189e-103
stormy 0.00204413604353 3.28947368421e-103 1.50640275985e-103 3.02475274756e-94 1.28092922524e-36
straight 2.04413604957e-103 3.28947368421e-103 0.00150555269298 3.0653013443e-27 1.4295176507e-06
string 2.04413604407e-103 3.28947368421e-103 0.00150640275952 1.92599357305e-103 3.49151166536e-47
striving 2.04413604404e-103 3.28947368421e-103 0.00150640275952 1.32679093755e-28 2.53324795827e-103
strong 0.00204413604353 0.00328947368421 1.50640276e-103 3.40850157146e-94 3.90972163046e-38
style 2.04413604353e-103 0.00328947368421 1.50640275952e-103 1.92599357273e-103 2.53324795189e-103
such 0.00204415740193 3.28947368421e-103 0.00527337571723 0.000961741519137 2.05108933959e-28
sue 2.04413604522e-103 3.28947368421e-103 0.00150640275952 1.92599357275e-103 2.53324795189e-103
sufficed 2.04413604353e-103 0.00328947368421 1.50640275952e-103 1.92599357273e-103 2.53324795189e-103
sum 0.00204413604353 3.28947368421e-103 4.39199054106e-15 1.92599357274e-103 8.83538833216e-54
summer 0.000548351869345 3.28947368421e-103 0.00275812961368 0.00558693417247 6.43959120339e-31
summers 2.04413604441e-103 3.28947368421e-103 0.00301280551905 1.39609339973e-19 2.55100880825e-103
sun 2.04413604546e-103 0.00328947368421 0.00150640275952 4.29864669508e-34 4.94412064748e-24
sure 0.00204413604353 3.28947368421e-103 2.33792502037e-92 3.78636168604e-27 1.14843057021e-35
survey 2.04413604353e-103 0.00328947368421 1.50640275952e-103 1.92599357273e-103 2.53324795189e-103
swart 2.04413604474e-103 3.28947368421e-103 1.50640276152e-103 0.00192599357273 2.53324795189e-103
swear 2.04413604353e-103 0.00328947368421 1.50640275952e-103 1.92599357273e-103 2.53324795189e-103
sweet 0.00672269406883 0.00328947368421 0.00408413257544 9.10429833245e-08 2.91255084869e-31
sweets 2.04413604525e-103 3.28947368421e-103 0.00150640275952 1.92599357274e-103 2.96586221152e-44
swift 2.04413604353e-103 3.28947368421e-103 0.00150640275952 6.52087465349e-21 2.53324795189e-103
sworn 2.04413604353e-103 3.28947368421e-103 0.00150640275952 1.92599357273e-103 2.53324795189e-103
sympathized 2.04413604353e-103 0.00328947368421 1.50640275952e-103 1.92599357273e-103 2.53324795189e-103
take 2.04413604353e-103 0.00328947368421 1.50640275952e-103 1.92599357273e-103 2.53324795189e-103
taste 2.04413604353e-103 0.00328947368421 1.50640275952e-103 1.92599357273e-103 2.53324795189e-103
tattered 2.14159609237e-103 3.28947368421e-103 6.60751454157e-67 0.00192599357273 2.53324795189e-103
taught 0.00394210184759 3.28947368421e-103 0.000107718492027 1.05344211337e-29 4.27950058826e-40
tell 2.04413604353e-103 3.28947368421e-103 1.50640275952e-103 1.92599357273e-103 0.00253324795189
ten 2.04413604353e-103 3.28947368421e-103 4.66773341566e-85 1.92599425722e-103 0.00506649590377
tend 2.04413604353e-103 0.00328947368421 1.50640275952e-103 1.92599357273e-103 2.53324795189e-103
tendered 2.04413604353e-103 0.00328947368421 1.50640275952e-103 1.92599357273e-103 2.53324795189e-103
tenth 2.04413604476e-103 3.28947368421e-103 9.51318978129e-37 0.00192599357273 2.53324795189e-103
termed 0.00204413604353 3.28947368421e-103 1.50640275952e-103 6.47682159506e-96 6.24329497804e-38
terms 2.04413604601e-103 3.28947368421e-103 0.00150640275952 1.92599357273e-103 1.6791288727e-36
th 2.04413604353e-103 3.28947368421e-103 1.50640275952e-103 1.92599357273e-103 0.00253324795189
than 0.00204413604364 3.28947368421e-103 0.00602561103648 7.47810113235e-39 2.58339284524e-12
that 0.0187689234042 3.28947368421e-103 0.0235557411256 0.0066782393077 0.0195406065285
the 0.00967390739366 3.28947368421e-103 0.0575738665434 7.60608470248e-10 0.0330539342879
thee 0.000768861707216 0.0164473684211 0.00582310797756 0.0221403091042 0.00319891427366
their 0.0117079105798 3.28947368421e-103 6.61142522843e-16 0.00822869316494 1.91357920634e-29
them 0.00204413604353 3.28947368421e-103 9.49615186328e-41 4.62074399907e-94 2.8032249591e-17
themselves 6.5622144362e-26 3.28947368421e-103 0.00150951997589 0.00384800166507 1.08521578794e-53
then 0.00529246962635 3.28947368421e-103 1.19906718233e-10 0.00292593382295 0.0351911709355
there 2.04413604353e-103 0.00328947368421 1.50640275952e-103 1.92599357273e-103 2.53324795189e-103
therefore 0.0018312611753 3.28947368421e-103 1.50640276039e-103 1.92599357273e-103 0.00786355448884
these 0.00204413604353 3.28947368421e-103 1.31524264911e-34 2.58688105144e-33 1.16184568388e-35
they 5.73144480896e-38 0.00328947368421 0.00901754382872 5.04352332151e-34 0.00510159660723
thief 2.04413604353e-103 0.00328947368421 1.50640275952e-103 1.92599357273e-103 2.53324795189e-103
thine 2.04413604496e-103 3.28947368421e-103 0.00451920827857 2.89383179327e-23 4.80161503551e-34
think 0.00209621909368 0.00328947368421 0.00146801358268 9.16283428984e-09 1.51211718639e-29
this 0.00772843605428 0.00328947368421 0.0160867313647 0.00233974766488 0.00589103131318
those 0.00184946839779 0.00328947368421 0.00433912089235 4.43298601945e-30 0.00307733945883
thou 0.025441348758 3.28947368421e-103 0.0109845591121 0.00506748480244 0.0193311368854
though 0.0118499634433 3.28947368421e-103 8.69230350288e-51 2.32020545493e-18 0.00304736493281
thought 9.78657166275e-32 0.00986842105263 0.00451920827857 1.64901631795e-45 3.46680358664e-35
thoughts 2.49504991675e-36 3.28947368421e-103 0.00716589599188 0.00239408919741 6.62392792654e-47
thrive 2.04413604353e-103 0.00328947368421 1.50640275952e-103 1.92599357273e-103 2.53324795189e-103
through 0.00408827208706 3.28947368421e-103 2.39074824169e-100 2.96392695947e-94 8.88564446786e-33
throw 0.00204409881737 3.28947368421e-103 1.50640276088e-103 3.5074642812e-08 1.55238070205e-36
thus 2.04413604472e-103 3.28947368421e-103 1.59159222557e-32 0.00192599356152 0.00253324796663
thy 0.0464586969586 3.28947368421e-103 0.0144148626911 0.0222079838429 0.0105699328151
thyself 2.04413754044e-103 3.28947368421e-103 0.00150640275952 2.41657762535e-15 2.53325071072e-103
tickled 0.00204413604353 3.28947368421e-103 1.03967598236e-41 7.83199881733e-35 7.60973790716e-23
tied 2.04413607268e-103 3.28947368421e-103 1.50640275953e-103 3.79617567396e-74 0.00253324795189
till 2.04413604353e-103 3.28947368421e-103 1.50640275952e-103 1.92599357273e-103 0.00253324795189
time 0.0100392843351 0.00328947368421 4.84171082589e-08 2.98245842238e-06 0.00275404321504
times 0.00613240773884 3.28947368421e-103 3.26703422451e-38 0.00192599394185 1.95101112578e-43
tis 3.37189926449e-100 3.28947368421e-103 0.00300381605573 0.00176442246665 0.00276087863716
title 2.04413706455e-103 3.28947368421e-103 0.00301280551905 2.5148200262e-32 2.53324828941e-103
to 0.0369174395082 3.28947368421e-103 2.11433780533e-22 0.0318742272428 0.0288545407249
together 3.46839826638e-96 3.28947368421e-103 2.25157637644e-87 0.00192599357273 2.53324795189e-103
tomb 2.04413604353e-103 0.00328947368421 1.50640275952e-103 1.92599357273e-103 2.53324795189e-103
tongue 2.04413604353e-103 0.00328947368422 8.84378557179e-88 0.00192599357273 4.18975074589e-30
tongues 2.04413604583e-103 3.28947368421e-103 0.00150640275952 1.92599357274e-103 1.00276553335e-36
too 0.00204413604353 0.00328947368421 1.50640276031e-103 1.92599357273e-103 4.42029414551e-55
torment 0.00204413604353 3.28947368421e-103 1.50640276e-103 2.621941153e-95 3.81908969097e-37
traffic 2.04413604871e-103 3.28947368421e-103 0.00150640275952 1.92599357323e-103 2.53324795189e-103
transfix 0.00204413604353 3.28947368421e-103 1.8002191814e-83 4.01052497521e-33 6.42372954112e-35
true 1.7040466051e-09 0.00986842105263 0.00753201254185 7.0726211088e-33 3.98063845152e-26
truly 0.00204413609056 3.28947368421e-103 2.33965399579e-25 0.00385198710116 6.66126768949e-52
trust 2.04413604353e-103 0.00328947368421 1.50640275952e-103 1.92599357273e-103 2.53324795189e-103
truth 2.1021252812e-103 0.00328947368421 0.00301280551905 1.92599357299e-103 3.12389245589e-57
try 2.04413604361e-103 3.28947368421e-103 0.00150640275952 9.94959984895e-31 2.53324795196e-103
turn 2.04413604353e-103 3.28947368421e-103 0.00150640275952 1.92599357323e-103 2.53324795189e-103
turned 8.83050873779e-97 3.28947368421e-103 1.50640275964e-103 0.00192599357273 2.53324795189e-103
turns 2.04413608193e-103 3.28947368421e-103 0.00301280551905 1.92599399585e-103 2.53324795566e-103
twain 2.04413604353e-103 0.00328947368421 1.50640275952e-103 1.92599357273e-103 2.53324795189e-103
two 0.00204413604353 3.28947368421e-103 1.50640276032e-103 5.43151978413e-95 1.0391056233e-37
tyranny 2.04413604353e-103 0.00328947368421 1.50640275952e-103 1.92599357273e-103 2.53324795189e-103
unjust 2.04413604353e-103 0.00328947368421 1.50640275952e-103 1.92599357273e-103 2.53324795189e-103
unswayed 2.04413604353e-103 3.28947368421e-103 0.00150640275952 1.92599357286e-103 2.53324795189e-103
untainted 2.04413604359e-103 3.28947368421e-103 0.00150640275952 1.92599357323e-103 2.53324795189e-103
unthrift 2.04413604462e-103 3.28947368421e-103 0.00150640275952 8.36423489929e-34 7.83218559035e-16
until 2.04413604353e-103 3.28947368421e-103 1.50640275952e-103 1.92599357273e-103 0.00253324795189
untold 2.04413604353e-103 0.00328947368421 1.50640275952e-103 1.92599357273e-103 2.53324795189e-103
up 2.04413605993e-103 3.28947368421e-103 5.40665312014e-46 0.00385198586806 1.68017370156e-09
upon 1.44565029675e-19 3.28947368421e-103 0.00451920827857 8.44268143308e-48 2.80369306478e-52
uprear 2.04413604353e-103 0.00328947368421 1.50640275952e-103 1.92599357273e-103 2.53324795189e-103
use 2.04413604353e-103 0.00328947368421 1.50640275952e-103 1.92599357273e-103 2.53324795189e-103
veil 0.00202905969613 3.28947368421e-103 1.81493369167e-37 1.42049978925e-05 9.87508544755e-37
verdict 2.04413604353e-103 3.28947368421e-103 0.00150640275952 8.28339962504e-22 2.53324938808e-103
verse 2.04413604353e-103 0.00657894736842 1.50640275952e-103 1.92599357273e-103 2.53324795189e-103
verses 2.04413604495e-103 3.28947368421e-103 5.10676634378e-76 0.00192599357273 2.53324795189e-103
very 4.16370365155e-98 3.28947368421e-103 1.50640275963e-103 0.00192599357273 2.53324795189e-103
vex 0.00204413604353 3.28947368421e-103 1.50640276124e-103 4.9502662777e-24 7.49228380195e-21
vices 1.28980406007e-96 3.28947368421e-103 4.34801367211e-78 0.00192599357273 2.53324795189e-103
victors 0.00204413604353 3.28947368421e-103 1.66418650371e-41 1.92599357274e-103 1.97102956471e-49
view 2.04413604353e-103 0.00328947368421 1.50640275952e-103 1.92599357273e-103 2.53324795189e-103
virtue 2.04413604703e-103 3.28947368421e-103 0.00121400988221 0.00229982905522 2.95541333987e-41
vouchsafe 0.00204413604353 3.28947368421e-103 1.37612399226e-32 1.92599357274e-103 8.78565499221e-55
wait 2.04413604474e-103 3.28947368421e-103 1.50640276136e-103 0.00192599357273 2.53324795897e-103
walk 0.00204413604353 3.28947368421e-103 1.50640275982e-103 1.93394504086e-25 5.662769292e-35
walks 2.04413604356e-103 3.28947368421e-103 0.00150640275952 3.02508221971e-25 1.66526376427e-48
wandrest 0.00204413604353 3.28947368421e-103 1.55087606892e-38 3.10237893846e-36 2.03480443251e-30
ward 2.04413604353e-103 0.00328947368421 1.50640275952e-103 1.92599357273e-103 2.53324795189e-103
warrior 2.04413604353e-103 3.28947368421e-103 0.00150640275952 1.92599357323e-103 2.53324795189e-103
wary 2.04413604353e-103 0.00328947368421 1.50640275952e-103 1.92599357273e-103 2.53324795189e-103
was 0.00204413604285 3.28947368421e-103 0.00161131956222 0.00179185342634 3.07714239623e-51
waste 0.00204413604353 3.28947368421e-103 7.42233587958e-69 2.94941072238e-95 9.63340993173e-34
wasteful 1.73445110308e-91 3.28947368421e-103 0.00150640275952 1.92599357274e-103 3.61735921886e-53
water 0.0020441345078 3.28947368421e-103 5.36768533586e-32 0.00192599501971 2.89644866823e-37
we 0.00408827208706 3.28947368421e-103 5.93210374369e-17 2.03323933464e-99 2.63564954666e-39
weak 6.07454739514e-89 3.28947368421e-103 1.50640275977e-103 0.00192599357273 2.53324795189e-103
weary 2.04413604353e-103 3.28947368421e-103 1.50640291816e-103 0.00192599357273 2.53324795189e-103
weeks 2.04413604353e-103 0.00328947368421 1.50640275952e-103 1.92599357273e-103 2.53324795189e-103
well 9.64556673342e-96 3.28947368421e-103 2.02815723203e-44 0.00770397429094 2.53325237661e-103
were 2.04424782869e-103 3.28947368421e-103 0.00478948315726 0.00311903967561 0.00304278064118
wert 0.00166067275432 3.28947368421e-103 1.50640276136e-103 0.00228729429572 2.54996032925e-31
what 0.00355012026682 3.28947368421e-103 0.0143148314698 8.56857871182e-30 0.0120597987601
whateer 2.04413604353e-103 3.28947368421e-103 1.50640275952e-103 1.92599357273e-103 0.00253324795189
whatsoever 0.00204413604353 3.28947368421e-103 1.5064027601e-103 1.92599357273e-103 1.54399735447e-55
when 0.0136035226169 3.28947368421e-103 2.63370896334e-06 1.1947175583e-22 0.0110027846308
where 0.0017446895539 3.28947368421e-103 1.72538228814e-08 0.00342065635242 0.0110713863654
wherefore 2.04413604601e-103 3.28947368421e-103 0.00150640275952 1.92599357273e-103 1.11196171178e-34
whereon 0.00204413604353 3.28947368421e-103 3.49497281001e-46 1.92599357274e-103 8.61184406285e-50
whether 8.80722596714e-41 3.28947368421e-103 0.00289867569787 3.28998168709e-12 0.00272517479709
which 4.4870553059e-103 3.28947368421e-103 0.00112674546464 0.00381127907222 0.0108249870349
whilst 2.04413604353e-103 3.28947368421e-103 1.50640275952e-103 1.92599357273e-103 0.00253324795189
white 2.04413604353e-103 0.00328947368421 1.50640275952e-103 1.92599357273e-103 2.53324795189e-103
who 0.0028332997526 3.28947368421e-103 3.92642912371e-63 1.39154934068e-52 0.0192879922744
whoeer 2.04413604353e-103 3.28947368421e-103 1.50640275952e-103 1.92599357273e-103 0.00253324795189
whom 0.00204413524899 3.28947368421e-103 0.00301280610458 1.80641992612e-96 3.27893635859e-25
whose 0.00204413604353 3.28947368421e-103 1.50640275962e-103 5.42376727722e-35 5.5856481681e-36
why 2.04413604598e-103 3.28947368421e-103 0.00097805136328 1.92599357273e-103 0.00595500004647
wild 2.04413604451e-103 3.28947368421e-103 0.00150640275952 1.92599357434e-103 2.01580887291e-28
wilfulness 1.22183576114e-99 3.28947368421e-103 2.07587138449e-35 0.00192599357273 2.53324795215e-103
will 0.00284551497141 0.00328947368421 7.73368525002e-11 0.0108008987431 4.53873856732e-26
willing 0.00204413604353 3.28947368421e-103 1.50640276198e-103 7.24602042456e-95 3.59269400175e-39
wilt 0.00161393125901 3.28947368421e-103 0.00143002551603 0.00242898555757 1.25585908748e-23
windows 2.04413604458e-103 3.28947368421e-103 0.00301280551905 1.92599357274e-103 7.78281220328e-42
winters 2.04413604427e-103 3.28947368421e-103 7.90009687934e-25 0.00192599357273 2.53324795189e-103
wit 2.04413604353e-103 0.00328947368421 1.50640275952e-103 1.92599357273e-103 2.53324795189e-103
with 5.61218863087e-15 3.28947368421e-103 0.0231995109038 0.010784402574 1.10138487084e-26
withal 0.00204413604353 3.28947368421e-103 1.54326330095e-30 1.92599357274e-103 1.74944016665e-51
within 0.00166954827743 3.28947368421e-103 6.3797338681e-52 7.69975634994e-34 0.00553071338787
witness 2.04413604853e-103 3.28947368421e-103 1.42963398844e-66 0.00192599357273 2.53324795189e-103
wits 1.97542888552e-34 3.28947368421e-103 1.50640276082e-103 0.00192599357273 2.17084621693e-44
woe 2.04413604354e-103 0.00328947368421 0.00150640275952 9.12447269841e-18 2.53324795234e-103
wolf 2.04413604353e-103 3.28947368421e-103 1.50640291816e-103 0.00192599357273 2.53324795189e-103
woman 2.04413604402e-103 3.28947368421e-103 0.00150640275952 2.17069239627e-39 1.21604987022e-58
wonder 1.25524401833e-94 3.28947368421e-103 1.50640276708e-103 7.3232663107e-12 0.00253324794225
word 2.04413604353e-103 0.00328947368421 1.50640275952e-103 1.92599357273e-103 2.53324795189e-103
words 2.04413604353e-103 3.28947368421e-103 1.5064029182e-103 0.00192599357273 2.53324795189e-103
workings 1.00556514016e-96 3.28947368421e-103 1.50640275964e-103 0.00192599357273 2.53324795189e-103
works 2.04413604353e-103 3.28947368421e-103 0.00150640275952 1.92599357282e-103 2.53324795214e-103
world 5.18176741227e-49 3.28947368421e-103 0.00154393398613 0.00572999560881 1.28437538305e-70
worlds 2.04413604566e-103 3.28947368421e-103 0.00147783904735 3.65197990428e-05 2.53324795189e-103
worship 1.73270952109e-59 3.28947368421e-103 1.13889349839e-35 0.00192599357273 1.34880510458e-39
worth 2.04413604355e-103 0.00328947368421 0.00301280551905 1.92599357316e-103 2.53324795189e-103
worthless 2.0441360861e-103 3.28947368421e-103 1.50640275963e-103 0.00192599357273 2.53324795189e-103
would 0.00204413604601 3.28947368421e-103 0.0015064027577 6.18691483066e-86 1.47031399724e-24
wouldst 2.04413604382e-103 3.28947368421e-103 0.00150640275952 1.92599357323e-103 2.53324795189e-103
wrecked 0.00204413604353 3.28947368421e-103 1.50665604098e-103 1.13484512115e-21 1.67274952817e-34
wresting 0.00204413604353 3.28947368421e-103 8.87992774106e-46 4.65289226338e-42 2.45040291045e-31
wretchs 2.04413604427e-103 3.28947368421e-103 1.86276489852e-25 0.00192599357273 2.53324795189e-103
wrinkles 1.5361867521e-98 3.28947368421e-103 1.50640275963e-103 0.00192599357273 2.53324795189e-103
writ 2.04413604353e-103 0.00328947368421 1.50640275952e-103 1.92599357273e-103 2.53324795189e-103
write 2.04413604359e-103 0.00328947368421 0.00150640275952 1.92599357323e-103 2.53324795189e-103
wronk 2.04413604353e-103 0.00328947368421 1.50640275952e-103 1.92599357273e-103 2.53324795189e-103
wrought 2.04413604353e-103 0.00328947368421 1.50640275952e-103 1.92599357273e-103 2.53324795189e-103
year 2.04413604353e-103 0.00328947368421 1.50640275952e-103 1.92599357273e-103 2.53324795189e-103
yellowed 0.00204413604353 3.28947368421e-103 1.50640275982e-103 2.62659679275e-26 2.81481601474e-35
yet 0.00356251663638 3.28947368421e-103 0.00538799967828 5.46780369616e-28 0.0118567892945
you 0.00377118220783 0.00657894736842 0.0122848978487 1.8402205638e-19 3.6387613656e-24
young 2.04413604427e-103 3.28947368421e-103 1.30181014039e-25 0.00192599357273 2.53324795189e-103
your 0.0120175822532 3.28947368421e-103 9.73262370779e-68 0.00385212926532 0.00537270005157
youth 2.04413604353e-103 0.00328947368421 1.50640275952e-103 1.92599357273e-103 2.53324795189e-103
