1.082382880435146246e-61 2.449336096943136961e-95 6.210536087076522216e-02 9.080631714767031237e-01 1.197519162909309331e-04 6.210650975722350376e-78 2.247784899686040707e-72 2.952643232347594174e-33 2.971171573624054041e-02 5.675757907366514524e-42 5.671656977703999989e-103 1.777706736869441705e-27
3.389995687415595686e-103 1.350554205050031321e-95 6.602529159865594410e-01 3.297166324886047145e-103 2.358598990329901797e-64 3.397470840134405590e-01 8.211830123538984044e-23 1.202409026538433351e-36 2.109872817684693718e-46 1.865288468208557609e-32 3.289473684210525625e-103 3.289473684210525625e-103
1.227574739120422064e-61 4.060911229699620531e-75 2.302434802538112256e-07 4.558655532745490217e-103 1.388209366413705314e-82 6.759548145575318134e-01 5.285963161104070829e-02 3.927233332199139932e-51 2.649639803259868365e-01 6.221343261960380309e-03 4.349880023969759840e-103 3.183709094573366199e-99
3.418011715503763148e-02 3.572140811103932816e-103 1.135322688894102231e-90 6.370997229652945737e-02 9.305013210350368792e-25 5.944601505588848884e-62 3.511254028234540524e-103 3.637591278751830349e-103 2.678654989706549952e-06 4.347029342548925957e-78 3.429011372396145412e-103 9.021072318934431067e-01
5.935234702574285759e-01 5.074108913149376774e-101 4.353919488426846151e-24 4.064765297420011581e-01 5.418842837998168374e-38 4.000156281824600035e-49 1.647299787050318116e-38 2.164395213236002062e-23 1.165074012015427063e-36 4.094291172204124598e-20 3.598917517644098095e-103 5.700658220378924055e-13
4.178044708333925918e-03 1.832243145569136164e-73 7.998904250531924518e-35 9.808013224020957075e-55 7.232639943734875745e-03 4.814402800796835683e-41 8.391055592752291210e-14 4.935715457422660268e-01 1.141108868520801368e-42 4.950177696055813037e-01 2.921349893912189702e-103 4.124824296830950160e-30
2.208208268714570096e-17 4.297141924692997926e-82 5.724049124553120942e-44 1.181489312315278724e-51 6.161488057728269352e-01 9.688085785392619789e-03 1.781849277036848465e-42 5.752292493568965621e-32 3.741631084417804676e-01 3.635306682589587492e-49 5.613319801221522549e-103 1.048904063735273577e-67
5.757453227310145377e-73 1.249647090479820402e-70 9.139473678792241207e-02 6.831860954026727685e-41 2.230794335687984742e-01 1.622462818348273661e-01 4.173437834333298402e-01 3.870587530189777468e-49 5.310882084549450950e-23 1.059357643751219213e-01 5.014984122195412075e-103 3.480130788644876478e-75
3.972244248892576324e-59 4.199038384112773077e-103 1.842014308388582322e-55 2.527570640457442666e-62 4.778845687443621371e-01 1.955076397393534782e-01 3.266077915162842737e-01 1.439291933139831983e-45 1.545086539698346091e-76 1.729887271671494486e-30 3.945665042079412570e-103 4.112383330425889761e-103
8.566704514182427693e-66 5.852940859331627439e-96 1.208254380820848588e-24 2.753660519337457510e-54 5.108078101838286131e-17 2.579279964103488985e-28 3.199446293347400801e-26 1.585875153630895429e-01 6.282945621942866987e-01 1.255857209722109970e-21 5.208268759757023355e-103 2.131179224426236751e-01
3.346135929147604965e-103 1.000000000000000000e+00 1.770185630700820653e-68 3.289486593283215823e-103 3.360066083595604668e-103 3.509565531982704678e-35 3.327178182538858618e-103 2.511183801783577062e-87 5.743959118514484953e-85 3.331011906949554993e-103 3.289473684210526616e-103 3.289473684210526616e-103
0.000000000000000000e+00 0.000000000000000000e+00 0.000000000000000000e+00 0.000000000000000000e+00 0.000000000000000000e+00 0.000000000000000000e+00 0.000000000000000000e+00 0.000000000000000000e+00 0.000000000000000000e+00 0.000000000000000000e+00 0.000000000000000000e+00 0.000000000000000000e+00
