5.707618913495234926e-37 5.729817402581613858e-42 2.074621065949925033e-17 5.387183496925745542e-103 7.595450595629471557e-01 5.784268905105034719e-02 1.057145011184774642e-28 5.985817868895208559e-75 1.179758331951906685e-33 3.174745305363080743e-64 5.383745528378563846e-103 1.826122513860026497e-01
5.924820797204171750e-26 1.304425410973199771e-02 1.199455608093703868e-14 1.818185202844944070e-70 3.785920668787202421e-28 1.943619903387668046e-01 7.925937555513924426e-01 2.083717304295584608e-25 9.658057314366528568e-14 1.271364810255218134e-16 4.850836755599685856e-103 7.247901439137051437e-91
7.175113481967093152e-43 1.849590615519572297e-22 2.326145824536763815e-02 4.179385263654014618e-37 5.686657123591568955e-40 1.161807960412206825e-01 6.219494665904143792e-21 3.962240901488656708e-01 1.278862640181502079e-42 4.643336555645460328e-01 2.969710819293642124e-103 8.565483200870720589e-25
5.178080342354760852e-68 8.570537367194006051e-02 8.887080723017203310e-01 1.833375642964397019e-56 4.775236416596306695e-39 3.874725521352214493e-49 5.860157201394659299e-36 2.897956288744789748e-14 3.289473684210792803e-103 2.558655402631051373e-02 3.289473684210527112e-103 3.289473684210527112e-103
1.478461788417066756e-11 2.176698684892836573e-56 5.263741369184497450e-36 3.522859579061126481e-68 2.426014410796602586e-02 3.875659218691524660e-02 1.006256265023258711e-02 9.168494375471434449e-03 9.120613056250890249e-01 5.690901039541045731e-03 4.606646213285516528e-103 3.988797989091662307e-34
9.733682036467727894e-01 2.963109817062280347e-30 5.004886234894240467e-47 3.480174966443419705e-67 1.552914725691478408e-22 2.596579584777228371e-18 1.675584348331685560e-16 2.771256348966552166e-38 2.663179635322706143e-02 5.188701011817780430e-34 5.240366713940305013e-103 1.234580868229566125e-22
1.211677688254339138e-22 1.093372010529454486e-02 1.194582968459242701e-47 4.481146157964465557e-92 3.677387230424274400e-01 2.618356350193132287e-01 3.059979047927306340e-23 3.176199188261422081e-54 3.372407559538096455e-01 2.225116587915519639e-02 5.199177727942616186e-103 6.647088941774927535e-18
5.669480926209538687e-28 6.938799827541552822e-29 4.337351487513712578e-01 1.892494373447485795e-45 1.156553311067608018e-17 1.693729836268940955e-07 1.976230745910876607e-01 2.360749581006333221e-16 2.783017334869990285e-26 3.686416072845571379e-01 7.384867107164053600e-103 2.607521502398173371e-88
5.487215774055047683e-14 1.802049278513779026e-29 2.710748380654427945e-103 4.658674119020624022e-54 1.457704359398628094e-12 1.374094545652201915e-27 1.356295608399903985e-31 1.665608029081159224e-96 2.741853839107279978e-01 3.235301166102442441e-81 2.708926223938446410e-103 7.258146160877594344e-01
8.152671159765711766e-19 7.984002746116100058e-01 1.178182702482829099e-21 1.616760104803025202e-50 5.577272847018437861e-43 1.918242681432461294e-01 4.572838853867064389e-12 1.027771724322591381e-11 1.462172069913362963e-30 1.477576018810435075e-14 4.554388075458911260e-103 9.775457230278570067e-03
3.289494130496496151e-103 4.021076696315736721e-77 1.267426263445446194e-59 1.000000000000000000e+00 3.294189780476634125e-103 3.291681040301279845e-103 7.114957048636338597e-74 1.098992728845116134e-33 3.289473684210534052e-103 2.256627676592129641e-48 3.289473684210526616e-103 3.289473684210526616e-103
0.000000000000000000e+00 0.000000000000000000e+00 0.000000000000000000e+00 0.000000000000000000e+00 0.000000000000000000e+00 0.000000000000000000e+00 0.000000000000000000e+00 0.000000000000000000e+00 0.000000000000000000e+00 0.000000000000000000e+00 0.000000000000000000e+00 0.000000000000000000e+00
