4.307383951973165018e-28 4.306907580101114176e-24 2.700173030926672387e-20 2.434269830627986980e-52 2.023480458095233253e-29 2.503289138378366752e-01 7.496710861621633804e-01 6.391068249768134555e-28 1.490809435123290248e-34 1.954504665980366446e-37 4.737865938832620455e-103 1.206294306622322867e-45
1.587129941065847927e-01 9.932335790633275247e-14 7.729448703909728050e-27 4.683854665072056250e-45 3.414285996424002989e-01 6.996246150367170513e-02 1.175746722307687691e-32 8.653714769977222540e-11 5.957108613876170904e-39 4.298959446607067414e-01 4.098512807670402358e-103 1.240520128639977493e-69
8.188528994735286716e-09 5.080348113833562662e-01 1.660530519173692224e-02 5.052993413849190695e-35 1.272497917053376781e-01 3.479028855698614864e-01 2.071979611787054770e-04 4.418365618305222824e-32 1.055694844070558527e-30 1.075548615421704384e-39 5.595509637961266299e-103 5.381952172168223529e-42
2.019733989445339371e-14 1.066767731400087371e-45 3.444794643521408850e-01 1.856300804504501179e-32 1.609128652385690417e-01 4.946076704092695620e-01 1.994170539805855781e-16 6.946131522968001659e-37 1.038862843026925980e-26 1.916731500085350549e-88 3.289473684210524634e-103 3.289473684210524634e-103
1.152372538596828080e-12 1.652707683139263186e-37 3.437579425632271289e-30 1.841434858562941302e-79 3.296227329940826459e-22 6.460911982906737072e-42 1.320524969828130055e-33 4.422973801320476128e-01 5.577026198668000312e-01 1.359315615851306831e-20 3.379925701502388741e-103 3.624231341166207219e-41
6.051225068852164046e-01 6.277447772854119534e-28 1.957820305679136977e-09 2.728095206755081816e-39 4.497469877297446961e-02 2.082172295737939714e-30 3.397155987881211314e-01 3.330606520869990845e-16 1.203787829700834224e-21 1.018719359586744283e-02 3.540548609787216849e-103 3.578867773715797344e-58
9.749654642175327357e-38 2.675774302844913244e-01 2.781174325820933713e-01 1.165815515440448948e-20 4.468946420065226452e-37 7.895981205057522339e-32 2.683575587350406921e-27 3.674710047773140920e-01 6.877860460681746446e-02 1.805552774928383467e-02 3.915748261378718021e-103 1.329311392057270723e-72
4.710519579322418847e-03 2.797665145684577470e-01 9.810853279472153710e-21 3.139990921069308945e-21 7.632217657106983577e-02 2.984692999402248561e-39 3.831751995528109595e-03 5.684388470585429689e-18 4.602341402662945993e-41 1.329654240578849704e-21 3.296646478090490786e-103 6.353690372856218849e-01
3.519970199902075880e-21 1.712533132644791879e-24 3.741253366995142713e-22 1.399377380566924459e-40 5.173151130205784209e-01 2.282068296876754770e-54 3.524614383874450833e-28 3.543583373666194247e-01 1.009098557529505696e-01 2.681870021399604745e-02 4.924658989894974507e-103 5.979936458553733111e-04
1.040697975286789414e-46 4.635893185943667565e-42 2.694952541294291572e-49 2.105827144798393224e-98 2.575708503251065010e-24 8.699909045516695722e-40 2.583497908582264275e-25 2.160206608279897564e-02 8.851471440832254668e-28 6.188686605033066890e-01 3.234729069749207539e-103 3.595292734138942903e-01
2.595440377407212355e-56 3.346579053965194648e-49 7.374856724453081986e-51 1.000000000000000000e+00 3.530834078815017342e-59 8.101540485110616123e-72 1.462752709831254164e-65 6.367692637057386998e-103 1.714586233858086538e-82 3.291505745286887576e-103 3.289473684210526616e-103 3.289473684210526616e-103
0.000000000000000000e+00 0.000000000000000000e+00 0.000000000000000000e+00 0.000000000000000000e+00 0.000000000000000000e+00 0.000000000000000000e+00 0.000000000000000000e+00 0.000000000000000000e+00 0.000000000000000000e+00 0.000000000000000000e+00 0.000000000000000000e+00 0.000000000000000000e+00
