9.295060835314987323e-13 1.387998867757019885e-16 9.782497873682032274e-01 1.587829532199788192e-27 3.103372825684484129e-13 3.180718963993831552e-06 2.420005479314353751e-22 2.174703191159264165e-02 1.789882456108598933e-25 6.272341580196396616e-47 4.243204180838785265e-103 1.323953720565792108e-20
1.586650504655337524e-01 5.421774721223925451e-07 3.644241329435044997e-17 1.373098897745614333e-01 5.305846984109057617e-79 1.593829210774697636e-01 4.462999574837224759e-01 8.731328048193177926e-02 1.850509207961310618e-21 6.396440914749672771e-27 3.420247402783357902e-103 1.102835853930849222e-02
3.319614989636638369e-01 1.757251216939619653e-19 4.466433881490349823e-23 3.745275753965846555e-01 1.311433925437322404e-50 5.022538800131273740e-02 2.101126846609880638e-01 5.474340359299991834e-31 3.317285297745065087e-02 2.593643905136853703e-41 3.707046506920399675e-103 1.089251273646220207e-51
2.872554795038312978e-23 1.436627955489796988e-52 1.440324583080143635e-06 4.878780556847761339e-23 1.284487717521298828e-68 3.485077669138992857e-18 6.387864067071246169e-03 1.171016535451857993e-01 2.181782404700121961e-61 1.835579208899219366e-57 2.914163044423143793e-103 8.765090420631598267e-01
1.905122497330800514e-45 4.331181098798498469e-02 1.771340376434654357e-38 3.135979899702076030e-70 1.462329731268482512e-78 4.948805388689177529e-15 1.366143871261166521e-40 3.826788928555522171e-93 9.566881890120100262e-01 9.710481116227699828e-44 4.542620288730899681e-103 4.542620288731002785e-103
2.437385948505363664e-01 5.966266499092758906e-26 1.527912244305715799e-09 3.816687893622898273e-26 1.095705539883403593e-58 1.462506034117091458e-01 8.621619698128980824e-02 5.237946032285524245e-01 1.573931430391248308e-30 4.486255017282736693e-43 4.711975609339303160e-103 1.084831495076304448e-29
1.309860774937062627e-02 1.024585365922819637e-35 3.160601802670294502e-02 9.552953742215238853e-01 1.336719774242678987e-67 2.402341654895131054e-12 7.681067086746532541e-20 9.044237963862011840e-24 4.791924495047920963e-36 1.367966708701120765e-18 4.729787864058909146e-103 4.344713279578719389e-31
3.281558466052455999e-29 1.000000000000000000e+00 1.047202032221108953e-26 3.860694652207406644e-32 2.466681260099860622e-78 5.885983514366451379e-22 3.066059478538038522e-30 6.215368415752931332e-43 4.896909735340836535e-23 2.954532995382178659e-62 3.535545209092762924e-103 5.443841107531826701e-65
8.703611416607959228e-02 2.569377432594742953e-11 1.267583359404692722e-20 5.017632248026502534e-44 4.136810520451418596e-50 5.512968348630250537e-01 4.092268837202946405e-23 3.616670509452016291e-01 5.760324010918315222e-22 1.437499626373922491e-40 4.554743867926527176e-103 2.440450031265872401e-82
3.115387354352557869e-01 3.423113747226796522e-45 3.878794950469605096e-01 2.109209462649510007e-26 1.360856140407777889e-33 9.975515192156295593e-36 4.495230552777539773e-02 2.556294639900083543e-01 8.421506050077654872e-34 1.585508241259377428e-55 1.192424720557516853e-102 1.192424720557516853e-102
4.821739912254862267e-47 2.653731098734240169e-33 2.540206284227067966e-84 3.303125816111688473e-103 7.241357355730987377e-01 4.769618416525008624e-42 1.134272818227600989e-94 3.489853342180015872e-33 2.996493931148859925e-62 2.758642644269012068e-01 3.289473684210526616e-103 3.289473684210526616e-103
0.000000000000000000e+00 0.000000000000000000e+00 0.000000000000000000e+00 0.000000000000000000e+00 0.000000000000000000e+00 0.000000000000000000e+00 0.000000000000000000e+00 0.000000000000000000e+00 0.000000000000000000e+00 0.000000000000000000e+00 0.000000000000000000e+00 0.000000000000000000e+00
