1.168215578682263806e-30 3.862348728112693926e-07 1.728369634396570244e-39 2.554541035513268646e-50 2.407227280700010852e-01 2.927616669036411481e-54 1.501655611547812741e-01 6.007324578577764029e-01 1.057927808792183146e-25 8.378866682568521240e-03 3.544975040198998998e-103 3.590215670339374918e-103
3.978595812283122757e-01 2.503110513672752691e-19 1.423892317001135868e-35 1.097406293541138686e-54 5.520210805892437900e-02 1.170884460665132990e-48 5.469383085392680588e-01 2.185911241635076518e-12 3.997618324063370503e-45 2.171309430732091823e-09 3.592332144245602230e-103 3.622420454919699040e-103
8.283621766881475723e-02 6.676269335423967073e-21 2.724846055664032653e-16 6.839830100071064274e-15 9.462944700084302831e-27 1.632888708607387743e-80 1.171802690003295912e-31 1.818571272720277687e-01 4.017593806398097045e-01 7.487059886713957088e-32 5.694174148691204979e-103 3.335472744193405670e-01
3.408200948855456571e-65 3.181115265165544509e-103 3.550090049419879124e-79 1.332442930009169739e-25 5.182456563731310112e-02 3.164522587659752595e-103 3.147410456584318381e-103 1.798551268646701173e-01 7.001738873683500095e-26 1.549461482588500999e-02 3.126235373332368454e-103 7.528256926721318409e-01
1.799265408258474925e-41 1.088955400790189980e-41 6.019346719822983815e-26 2.661447218987012100e-28 4.373207832185818262e-48 6.996273144812921721e-103 3.668385133836806360e-59 1.754273078082679497e-41 1.000000000000000000e+00 4.884717977616997874e-44 6.928050919539705888e-103 7.310934146661221197e-103
1.276059033730780612e-01 7.543688393816854187e-01 7.559190201733777265e-40 1.845892411060289864e-57 1.044853789437568195e-02 5.570622671666616680e-70 4.992638644601947104e-03 1.025840807062589066e-01 2.760217232377967821e-45 1.582563642897868730e-33 3.436898322702141661e-103 3.436898322702141661e-103
6.103160287043456478e-01 3.003065497920334170e-01 2.468333034960646413e-30 2.407753989255723281e-38 6.899861670584102324e-02 7.879092228230284830e-66 1.772361161211725780e-22 2.037880479777973500e-02 5.448785448069659124e-51 4.098372268654583033e-36 5.100365658365616999e-103 5.131947239391222736e-103
4.144014820505695679e-33 1.010387834528363683e-30 5.919488239549872688e-01 3.899279744591201886e-28 1.399341075046596296e-48 2.962052646524962998e-95 1.470318771919011934e-53 4.928171634527386651e-03 8.997452009390248582e-37 4.031230044104852084e-01 3.398794363629287985e-103 2.591696688744072576e-89
2.049026067984399564e-17 1.392344932794487405e-78 5.516330855791824403e-03 7.359441742675633114e-01 5.647548979346458942e-02 1.590606103118039912e-85 5.291170740044722881e-55 1.427579617241535720e-29 1.845556369013599540e-01 1.411472218450925809e-08 3.794583118853804764e-103 1.750835406709829595e-02
9.306624349625235859e-23 7.683317579971076634e-46 7.204490880957271158e-15 9.999999999999927836e-01 7.931020538618290322e-39 3.380938254408414741e-91 2.065621067772192461e-48 7.135348277488397143e-31 3.070671477320797187e-22 2.155038712664643173e-51 7.941073475744844002e-103 1.072402962920057113e-31
2.904853864370914517e-37 1.548609274216072925e-74 1.353568335204946380e-69 4.451562683794946615e-89 4.289467556191983721e-02 9.571053244380801628e-01 4.179763211197861735e-34 3.365000879003654487e-103 3.341821593096797938e-103 3.289476143859063088e-103 3.289473684210526616e-103 3.289473684210526616e-103
0.000000000000000000e+00 0.000000000000000000e+00 0.000000000000000000e+00 0.000000000000000000e+00 0.000000000000000000e+00 0.000000000000000000e+00 0.000000000000000000e+00 0.000000000000000000e+00 0.000000000000000000e+00 0.000000000000000000e+00 0.000000000000000000e+00 0.000000000000000000e+00
