 0 1 2 3 4
above 0.00142542362594 1.54062790836e-103 3.28947368421e-103 1.55801807456e-97 2.53325440511e-17
absence 1.42542362594e-103 1.55810703641e-66 3.28947368421e-103 3.19522912956e-103 0.00209467260877
absent 1.42542362632e-103 0.00154062790834 3.28947368421e-103 4.47862808865e-42 1.18692531724e-27
account 0.00142542362594 1.54062790834e-103 3.28947368421e-103 3.19532770112e-103 2.82813755675e-17
accuse 1.42542362594e-103 1.54062790835e-103 3.28947368421e-103 0.00319522912956 2.09467260877e-103
achieve 1.42542362594e-103 1.54062790834e-103 0.00328947368421 3.19522912956e-103 2.09467260877e-103
acquainted 1.42542362594e-103 1.54062790834e-103 0.00328947368421 3.19522912956e-103 2.09467260877e-103
act 0.00142542362594 2.78791095582e-28 3.28947368421e-103 6.40405059385e-46 2.09467260877e-103
actor 0.00142542362594 1.54062791108e-103 3.28947368421e-103 3.19522912956e-103 6.09140612147e-27
admitted 1.42542362594e-103 1.10896935989e-33 3.28947368421e-103 3.19522912956e-103 0.00209467260877
advantage 0.00142542362594 1.54062790929e-103 3.28947368421e-103 3.19522912956e-103 2.09467273457e-103
after 1.42542362594e-103 1.54062790834e-103 3.28947368421e-103 0.00319522912956 2.09467260877e-103
against 0.00285084725187 1.54062790873e-103 3.28947368421e-103 0.00958568738868 2.46839373085e-20
age 1.42542362594e-103 0.00154062790834 3.28947368421e-103 3.19522926015e-103 2.09467260877e-103
ah 1.42542362594e-103 1.54062790834e-103 3.28947368421e-103 0.00639045825912 2.09467260877e-103
aid 1.42542362594e-103 1.54062790834e-103 0.00328947368421 3.19522912956e-103 2.09467260877e-103
air 1.42542362789e-103 1.54062791056e-103 3.28947368421e-103 5.75310562508e-63 0.00209467260877
alack 1.42542362594e-103 1.54062790834e-103 3.28947368421e-103 0.00319522912956 2.09467260877e-103
alas 1.42542362594e-103 1.54062790834e-103 3.28947368421e-103 0.00319522912956 2.09467260877e-103
alien 1.42542362594e-103 0.00154062790834 3.28947368421e-103 7.48896175704e-41 2.09467262689e-103
alike 3.41351986938e-26 1.54062791201e-103 3.28947368421e-103 2.88702073201e-64 0.00209467260877
all 0.00785743611063 0.00730815867176 0.00657894736842 0.00321671950468 0.00154440053903
allayed 1.42542362594e-103 1.54062790834e-103 0.00328947368421 3.19522912956e-103 2.09467260877e-103
alone 0.00142542362594 8.18559850089e-34 0.00328947368421 3.97637939331e-52 2.09467260877e-103
alteration 1.42542362594e-103 8.64616444586e-35 3.28947368421e-103 3.19522912956e-103 0.00209467260877
altered 1.42542362594e-103 1.24907354238e-90 3.28947368421e-103 3.19522912956e-103 0.00209467260877
alters 0.00142542362594 1.76247825129e-103 3.28947368421e-103 2.46545364596e-56 2.09467260884e-103
am 0.00142542362599 3.51127406527e-42 3.28947368421e-103 5.84003471348e-48 0.0125680356526
amends 1.42542362594e-103 1.54062790834e-103 0.00328947368421 3.19522912956e-103 2.09467260877e-103
amis 1.42542362594e-103 1.54062790834e-103 0.00328947368421 3.19522912956e-103 2.09467260877e-103
amiss 1.42542362594e-103 1.54062790834e-103 0.00328947368421 3.19522912956e-103 2.09467260877e-103
an 0.00142542362594 1.54062790873e-103 3.28947368421e-103 1.01046210825e-70 2.09467260885e-103
and 1.19465888362e-30 0.0489946827996 3.28947368421e-103 0.0453665888675 2.18095754914e-08
angel 1.42542362789e-103 1.54062791674e-103 3.28947368421e-103 2.33222748932e-63 0.00209467260877
any 1.42542362594e-103 1.54062790834e-103 0.00328947368421 3.19522912956e-103 2.09467260877e-103
appearing 1.42542362594e-103 5.03786782538e-37 3.28947368421e-103 3.19522912956e-103 0.00209467260877
appetite 5.61325324577e-59 0.00154062790834 3.28947368421e-103 3.19522912956e-103 2.09467300293e-103
applying 1.42542362594e-103 1.54062790834e-103 3.28947368421e-103 0.00319522912956 2.09467260877e-103
are 0.00789159824643 0.00267237619484 0.00328947368421 4.3178559162e-27 0.0078112021485
argument 0.00285084725187 1.62297736011e-43 3.28947368421e-103 8.81557145746e-70 6.95643865061e-33
arrest 1.42542362594e-103 1.54062790834e-103 0.00328947368421 3.19522912956e-103 2.09467260877e-103
art 0.00296388568499 0.00158002991164 0.00328947368421 2.22558611657e-33 0.0102536802116
as 0.00419735339126 0.0209938911711 3.28947368421e-103 0.0237353077651 3.45376654894e-07
aside 1.42542362594e-103 1.54062790834e-103 0.00328947368421 3.19522912956e-103 2.09467260877e-103
asleep 1.42542362594e-103 1.54062790834e-103 0.00657894736842 3.19522912956e-103 2.09467260877e-103
at 0.00193949616361 0.00406626328766 3.28947368421e-103 5.51836071568e-39 1.072963152e-20
aught 0.00142542362594 7.62275498139e-63 3.28947368421e-103 3.7527460165e-61 2.09467260884e-103
away 1.42542362594e-103 1.54062790834e-103 0.00328947368421 3.19522912956e-103 2.09467260877e-103
babe 0.00142542362594 1.5406279096e-103 3.28947368421e-103 3.19522915622e-103 2.3086045931e-16
bar 1.42542362594e-103 1.54062790834e-103 0.00328947368421 3.19522912956e-103 2.09467260877e-103
bare 0.00142542362594 1.47989130033e-44 3.28947368421e-103 3.20491631129e-103 1.64062129705e-23
barren 7.73511436618e-31 0.00154062790834 3.28947368421e-103 7.07997583812e-61 2.09467296048e-103
bars 1.42542362594e-103 1.54062790834e-103 0.00328947368421 3.19522912956e-103 2.09467260877e-103
base 4.18159972349e-61 0.00154062790834 3.28947368421e-103 4.36162329206e-43 2.09467264027e-103
bases 0.00142542362594 4.7739331517e-26 3.28947368421e-103 3.19522913387e-103 2.73910683035e-36
bastard 1.42542362602e-103 0.00154062790834 3.28947368421e-103 4.97092487344e-40 2.09467262666e-103
be 0.00384549768553 0.0130559884459 0.00657894736842 0.00320291882824 0.00801283754901
bear 1.42542362594e-103 1.56844239728e-36 0.00328947368421 3.19522912956e-103 0.00209467260877
bearst 1.42542362647e-103 0.00154062790834 3.28947368421e-103 2.4389616059e-42 1.89196967529e-45
beauteous 1.42542362594e-103 8.8194956585e-48 3.28947368421e-103 3.19522912956e-103 0.00418934521755
beauties 1.42542362594e-103 3.39409322522e-35 3.28947368421e-103 3.19522912956e-103 0.00209467260877
beautiful 1.42542365485e-103 0.00154062790834 3.28947368421e-103 3.19522912956e-103 2.09467260877e-103
beauty 0.0128288126334 9.53734963344e-49 3.28947368421e-103 7.01151550545e-85 1.0632549672e-31
beautys 1.42542362857e-103 0.00154062790834 3.28947368421e-103 3.19522912956e-103 2.09467300277e-103
bed 1.42542362677e-103 0.00154062790834 0.00328947368421 1.08482611232e-72 2.09467261451e-103
been 0.00142542362594 1.54062790854e-103 0.00328947368421 3.19529665914e-103 3.95283112488e-20
befits 1.42542362594e-103 1.54062790834e-103 0.00328947368421 3.19522912956e-103 2.09467260877e-103
before 0.00142535150736 1.54062790835e-103 0.00328947368421 0.00319539079053 5.76309214261e-17
befriends 1.42542362862e-103 0.00154062790834 3.28947368421e-103 8.28036830493e-101 3.46207765631e-53
begins 2.87708293464e-33 1.54062791053e-103 3.28947368421e-103 2.83746650732e-62 0.00209467260877
behold 0.00142542362594 1.54062790945e-103 0.00657894736842 2.09905886952e-61 2.09467260884e-103
being 1.42542362594e-103 0.00153186013641 3.28947368421e-103 0.00321341329987 2.09467262692e-103
believe 7.11460451922e-51 1.54062791243e-103 3.28947368421e-103 1.10859012118e-62 0.00209467260877
beloved 2.34576977452e-12 0.0015406279058 3.28947368421e-103 3.19522913742e-103 4.42094512279e-51
bequest 0.00142542362594 3.88882225643e-35 3.28947368421e-103 2.97201109016e-42 2.09467260884e-103
beshrew 1.42542362594e-103 1.54062790834e-103 3.28947368421e-103 0.00319522912956 2.09467260877e-103
besiege 0.00142542362594 1.54062791003e-103 3.28947368421e-103 3.19522912957e-103 1.83483282289e-64
best 1.42542362594e-103 1.06086660263e-39 3.28947368421e-103 3.19522912956e-103 0.00209467260877
bestowst 1.42542362594e-103 1.54062790834e-103 0.00328947368421 3.19522912956e-103 2.09467260877e-103
better 0.00427627087781 1.673207571e-36 3.28947368421e-103 7.03002195622e-73 1.82676868328e-62
betwixt 1.42542362594e-103 1.54062790834e-103 3.28947368421e-103 0.00319522912956 2.09467260877e-103
birth 8.40630962407e-12 2.63544418793e-32 3.28947368421e-103 2.02079514516e-59 0.00209467259642
black 0.00427627087781 1.54062790968e-103 3.28947368421e-103 3.08678286279e-102 4.29737633831e-20
blame 1.42542362594e-103 1.54062790834e-103 0.00328947368421 3.19522912956e-103 2.09467260877e-103
blamed 0.00142542362528 1.54062802859e-103 3.28947368421e-103 5.38951635751e-92 9.68876702004e-13
blessed 1.42542362594e-103 2.59365658797e-38 3.28947368421e-103 3.19522912956e-103 0.00209467260877
blind 0.00142542362594 1.54062790873e-103 0.00328947368421 1.78199947462e-65 2.09467260884e-103
blood 0.000399462777292 1.54062790982e-103 3.28947368421e-103 5.4249419548e-62 0.00360233113795
bloody 1.42542362594e-103 0.00154062790834 3.28947368421e-103 8.68053926183e-41 2.09467262753e-103
blots 9.54211020819e-96 0.00154062790834 3.28947368421e-103 6.72155262138e-41 1.17554304893e-51
blunt 1.42542362632e-103 0.00154062790834 3.28947368421e-103 1.43013457686e-43 9.3375975515e-61
boast 2.12287933419e-08 5.4083942925e-16 3.28947368421e-103 5.42103128078e-52 0.00209464141287
body 0.00142542362594 1.65115074918e-54 3.28947368421e-103 3.42192437796e-57 2.09467260887e-103
bootless 1.42542362594e-103 1.54063303607e-103 3.28947368421e-103 3.19522912956e-103 0.00209467260877
bore 1.48198333574e-20 0.00154062790834 3.28947368421e-103 7.21180076347e-78 2.22101967221e-20
born 1.42542362594e-103 1.54062790834e-103 0.00328947368421 3.19522912956e-103 2.09467260877e-103
bosom 0.00142542362594 9.69384385461e-26 3.28947368421e-103 1.54373270148e-44 2.09467260877e-103
both 1.42542362594e-103 0.00154062778242 3.28947368421e-103 0.00639045852028 2.09467260877e-103
boughs 1.93175834094e-52 0.00154062790834 3.28947368421e-103 3.74522348475e-38 2.09467266287e-103
boundless 1.42542362594e-103 6.10808243724e-26 3.28947368421e-103 3.19522912956e-103 0.00209467260877
bow 1.42542362594e-103 1.54062790834e-103 0.00657894736842 3.19522912956e-103 2.09467260877e-103
brain 0.000256755295315 1.26528479707e-67 0.00328947368421 8.91022871285e-99 0.00381204104322
brand 1.42546228233e-103 1.54062791088e-103 3.28947368421e-103 1.00831497683e-62 0.00209467260877
brass 0.00142542362594 2.50071788839e-29 3.28947368421e-103 1.98961199036e-50 2.09467260877e-103
breasts 0.00142542362594 6.21763179159e-16 3.28947368421e-103 3.19522913043e-103 1.28910963364e-52
bright 3.02891834016e-74 0.00154062790834 3.28947368421e-103 3.59602777141e-82 2.09467266663e-103
bring 1.42542362594e-103 1.54062790834e-103 0.00328947368421 3.19522912956e-103 2.09467260877e-103
brings 1.42542362594e-103 3.71613348946e-39 3.28947368421e-103 3.19522912956e-103 0.00209467260877
broke 1.42542362789e-103 1.54062797976e-103 3.28947368421e-103 1.85557734146e-61 0.00209467260877
broken 1.42542362594e-103 1.54062790834e-103 0.00328947368421 3.19522912956e-103 2.09467260877e-103
brought 1.42542362594e-103 1.54062790834e-103 0.00328947368421 3.19522912956e-103 2.09467260877e-103
brow 1.42542362594e-103 1.54062790834e-103 0.00657894736842 3.19522912956e-103 2.09467260877e-103
budding 1.42542362594e-103 2.38762345184e-30 3.28947368421e-103 3.19522912956e-103 0.00209467260877
buds 1.42542365909e-103 0.00154062790834 3.28947368421e-103 3.19522913742e-103 2.09467266645e-103
but 1.07019105241e-07 0.0119488845817 3.28947368421e-103 0.0429730955322 0.00585445835467
by 1.68614570382e-09 0.00627914096163 3.28947368421e-103 9.34585265345e-47 0.00822011608019
call 1.42542362594e-103 0.00154062784533 0.00657894736842 0.00319522926024 2.09467260877e-103
called 1.42542362594e-103 1.69700498228e-47 3.28947368421e-103 3.19522912956e-103 0.00209467260877
calls 0.00142542362594 2.11378759268e-60 3.28947368421e-103 3.39940796689e-70 5.10570724245e-47
can 0.00851596929401 3.19550540852e-49 3.28947368421e-103 0.00327720994744 1.60625158952e-69
cannot 1.42542362594e-103 1.03780675944e-21 3.28947368421e-103 3.19522912956e-103 0.00209467260877
canopy 1.42542362594e-103 1.54062790834e-103 0.00328947368421 3.19522912956e-103 2.09467260877e-103
canst 1.42542362594e-103 1.54062790835e-103 3.28947368421e-103 0.00319522912956 2.09467260877e-103
care 0.00142542362594 1.5406279084e-103 3.28947368421e-103 5.19933815612e-65 2.53991267726e-28
careful 0.00285084725128 1.98250043724e-48 3.28947368421e-103 1.84680274499e-70 8.67910089029e-13
case 0.00142542362594 1.54062790834e-103 3.28947368421e-103 1.67792781009e-102 8.37528616159e-17
cast 4.67674811644e-103 0.00154062790834 3.28947368421e-103 7.94317279035e-53 2.0947215538e-103
catch 1.42542362594e-103 1.54062790834e-103 0.00328947368421 3.19522912956e-103 2.09467260877e-103
centre 0.00142542362593 3.15155234327e-15 3.28947368421e-103 2.93203773602e-76 1.69524150448e-54
change 1.42542362594e-103 1.54062790834e-103 0.00328947368421 3.19522912956e-103 2.09467260877e-103
changing 0.00142542362594 1.54062790873e-103 3.28947368421e-103 3.17166923507e-65 2.09467260884e-103
character 1.03540513463e-88 0.00154062790834 0.00328947368421 1.12080045435e-40 2.0946726319e-103
charter 0.00142542362594 2.32172709028e-49 3.28947368421e-103 3.24583141733e-50 2.09467260885e-103
chaste 1.42542362596e-103 0.00154062790834 3.28947368421e-103 9.13314473802e-42 2.09467262992e-103
cheap 1.42542373745e-103 0.00154062790834 3.28947368421e-103 3.1952293247e-103 2.0946737309e-103
cheater 3.29911533391e-15 1.5406279099e-103 3.28947368421e-103 1.09195996534e-60 0.00209467260877
check 0.00142542362594 1.92335037311e-29 3.28947368421e-103 4.24238176324e-78 2.09467280863e-103
cheek 1.42544857199e-103 0.00154062790834 3.28947368421e-103 9.44801034792e-53 2.0946755164e-103
chide 1.42542362594e-103 1.54062790834e-103 0.00328947368421 3.19522912956e-103 2.09467260877e-103
chief 1.42542362594e-103 1.54062790834e-103 0.00328947368421 3.19522912956e-103 2.09467260877e-103
child 1.22835019502e-101 0.00154062790834 3.28947368421e-103 3.56104583572e-82 8.63536687443e-28
chronicle 0.00142542362594 1.8483300254e-24 3.28947368421e-103 8.55461288233e-76 4.67493306242e-16
clock 0.00142542362594 1.54062790834e-103 3.28947368421e-103 3.19522913055e-103 7.8266603992e-18
clouds 0.00142542361096 1.54062790834e-103 3.28947368421e-103 0.00319522912956 2.20115514484e-11
cold 1.42542362594e-103 1.54062790834e-103 0.00657894736842 3.19522912956e-103 2.09467260877e-103
come 0.00142542362594 2.44850672201e-51 0.00657894736842 3.19522912956e-103 2.09467275418e-103
comfort 3.9706473777e-17 8.0459822874e-99 3.28947368421e-103 1.50979604493e-66 0.00209467260877
coming 2.70645979148e-35 1.54062791036e-103 3.28947368421e-103 6.93263071363e-66 0.00209467260877
commits 1.42542362594e-103 1.54062790834e-103 0.00328947368421 3.19522912956e-103 2.09467260877e-103
compare 0.0018701189168 0.00105999186208 3.28947368421e-103 3.99411692049e-39 4.36093055582e-84
confess 5.59386172908e-44 1.54062791123e-103 3.28947368421e-103 4.32879630845e-60 0.00209467260877
confessed 0.00142542362594 6.09907061525e-62 3.28947368421e-103 3.19537726325e-103 3.91968418486e-18
confine 1.42542362598e-103 0.00154062790834 3.28947368421e-103 2.89241571383e-40 2.09467262676e-103
conscience 1.42542362594e-103 1.24282289836e-50 3.28947368421e-103 3.19522912956e-103 0.00209467260877
consider 1.42542377989e-103 0.00154062790806 3.28947368421e-103 5.70950575305e-13 2.09467260877e-103
contented 7.43346907338e-15 3.01922617999e-31 3.28947368421e-103 1.87296413476e-61 0.00418934521754
contents 1.42542362594e-103 1.54062790834e-103 0.00328947368421 3.19522912956e-103 2.09467260877e-103
control 1.42542362594e-103 1.54062790834e-103 0.00328947368421 3.19522912956e-103 2.09467260877e-103
count 6.84859500242e-27 1.54062791408e-103 3.28947368421e-103 5.84757004743e-62 0.00209467260877
counted 1.42542362594e-103 3.49557438525e-89 3.28947368421e-103 3.19522912956e-103 0.00209467260877
crave 1.42542362594e-103 1.54062790834e-103 0.00328947368421 3.19522912956e-103 2.09467260877e-103
creatures 1.42542362635e-103 0.00154062790834 3.28947368421e-103 1.98783310075e-40 8.75253331569e-24
cries 1.42542362594e-103 1.54062790834e-103 0.00328947368421 3.19522912956e-103 2.09467260877e-103
crowned 0.00142542362594 7.33590789203e-66 3.28947368421e-103 3.19522912956e-103 2.09467273253e-103
cruel 8.41413620007e-34 0.00308125581667 3.28947368421e-103 4.44233888342e-48 8.21619806276e-59
cry 1.42542362594e-103 1.54062790834e-103 0.00328947368421 3.19522912956e-103 2.09467260877e-103
cupid 1.42542362594e-103 1.54062790834e-103 3.28947368421e-103 0.00319522912956 2.09467260877e-103
dark 0.00142542362594 3.77954769161e-38 3.28947368421e-103 3.19523808911e-103 4.71436503505e-59
darling 1.42542364545e-103 1.54062791168e-103 3.28947368421e-103 2.31211310298e-65 0.00209467260877
day 1.42542362594e-103 1.54062790834e-103 0.00986842105263 3.19522912956e-103 2.09467260877e-103
days 1.42542363164e-103 0.00172738952822 3.28947368421e-103 4.98931433199e-14 0.00393541988784
dead 1.42542362594e-103 1.54062790834e-103 0.00328947368421 3.19522912956e-103 2.09467260877e-103
deaf 1.42542362594e-103 0.00154062790834 3.28947368421e-103 1.23295618212e-40 2.09467262689e-103
dear 0.00385405060269 0.00353760039206 0.00328947368421 3.79066545278e-49 1.64043790643e-26
dearest 0.000581555622293 1.09446449012e-12 3.28947368421e-103 3.60430202191e-71 0.00333474409234
dearth 1.42542362594e-103 1.54062790834e-103 0.00328947368421 3.19522912956e-103 2.09467260877e-103
death 1.84487812831e-05 0.00163716093471 3.28947368421e-103 1.04970451556e-67 0.00403098608078
decay 1.42542362594e-103 1.54062790834e-103 0.00328947368421 3.19522912956e-103 2.09467260877e-103
decayed 1.42542362594e-103 1.54062790834e-103 0.00328947368421 3.19522912956e-103 2.09467260877e-103
decease 1.42542362594e-103 1.54062790834e-103 0.00328947368421 3.19522912956e-103 2.09467260877e-103
decrepit 0.00142542362594 1.54062790873e-103 3.28947368421e-103 2.26532731308e-61 2.09467260885e-103
dedicated 0.00142542362594 1.93463460781e-51 3.28947368421e-103 2.25046219209e-81 2.09467260879e-103
deem 1.42542362594e-103 1.54062790834e-103 0.00328947368421 3.19522912956e-103 2.09467260877e-103
deemed 1.42542362594e-103 1.54062790834e-103 0.00328947368421 3.19522912956e-103 2.09467260877e-103
deface 1.42542362594e-103 1.54062790834e-103 0.00328947368421 3.19522912956e-103 2.09467260877e-103
defaced 1.42542362594e-103 1.54062790834e-103 0.00328947368421 3.19522912956e-103 2.09467260877e-103
defect 1.42542362594e-103 1.54062790834e-103 0.00328947368421 3.19522912956e-103 2.09467260877e-103
delight 1.42542362594e-103 1.54062790834e-103 0.00328947368421 3.19522912956e-103 2.09467260877e-103
deny 1.42542362789e-103 1.96801492786e-44 3.28947368421e-103 1.75244177274e-60 0.00209467260877
depart 1.42542362594e-103 1.54062790834e-103 0.00328947368421 3.19522912956e-103 2.09467260877e-103
depends 1.42542362594e-103 1.54062790834e-103 0.00328947368421 3.19522912956e-103 2.09467260877e-103
desire 3.74430580735e-68 8.07900959204e-48 0.00328947368421 1.61030459288e-72 0.00418934521755
despair 1.42542362594e-103 1.54062790834e-103 0.00328947368421 3.19522912956e-103 2.09467260877e-103
despise 1.42542362594e-103 1.54062790834e-103 0.00328947368421 3.19522912956e-103 2.09467260877e-103
despite 2.51450201636e-42 0.00154062790834 3.28947368421e-103 9.50534656507e-48 2.09467279391e-103
devouring 1.42542362594e-103 1.54062790835e-103 3.28947368421e-103 0.00319522912956 2.09467260877e-103
did 0.00285090341676 4.11854092638e-41 3.28947368421e-103 7.63235136997e-51 0.0125679531178
didst 3.02574527779e-45 0.00308125581667 3.28947368421e-103 4.59370383612e-20 2.0946726156e-103
die 1.42542362594e-103 1.54062790834e-103 0.00328947368421 3.19522912956e-103 2.09467260877e-103
disgrace 1.42542366559e-103 0.00154062790834 3.28947368421e-103 2.58188744558e-40 2.09467262785e-103
dispatch 1.42542362594e-103 1.54062790834e-103 0.00328947368421 3.19522912956e-103 2.09467260877e-103
disposed 0.00142449663146 1.54062791879e-103 3.28947368421e-103 3.51775885204e-77 1.3622265685e-06
do 0.003218484524 0.00317073770316 3.28947368421e-103 0.00331498380255 0.0264903294145
done 1.42542362594e-103 1.54062790834e-103 0.00328947368421 3.19522912956e-103 2.09467260877e-103
dost 3.14219442596e-06 0.00601705940461 3.28947368421e-103 0.00348985038002 7.95232934215e-58
doth 1.42542362778e-103 0.00317614732169 3.28947368421e-103 0.012823111308 0.0103166850791
doting 1.42542362594e-103 2.11491280162e-39 3.28947368421e-103 3.19522912956e-103 0.00209467260877
down 0.00142542362589 3.62245289516e-38 3.28947368421e-103 1.82100776975e-59 0.00209467260884
drained 6.28710794814e-81 0.00154062790834 3.28947368421e-103 3.65889016127e-62 6.83652514657e-95
dreams 0.00142542362594 1.75949728088e-19 3.28947368421e-103 3.19524584246e-103 2.09467273826e-103
drunk 0.00142542362594 6.18332529662e-40 3.28947368421e-103 1.5101946401e-95 9.0152918993e-18
due 1.42542362594e-103 1.54062790834e-103 0.00328947368421 3.19522912956e-103 2.09467260877e-103
dull 1.42542362718e-103 0.00154062790834 3.28947368421e-103 3.10922267185e-38 2.09467263416e-103
dun 1.42542362594e-103 1.54062790834e-103 0.00328947368421 3.19522912956e-103 2.09467260877e-103
each 1.42542362594e-103 1.54062790834e-103 3.28947368421e-103 0.00319522912956 2.09467260877e-103
earth 1.42542362594e-103 0.00154062790834 0.00328947368421 2.83429376364e-50 2.09467261786e-103
eased 0.00142542362231 3.91987099072e-12 3.28947368421e-103 3.3557389465e-95 1.79305138044e-34
easy 0.00142542362594 1.54062790873e-103 3.28947368421e-103 1.67996000527e-67 2.09467260885e-103
eclipses 0.00142542362594 1.34324472135e-56 3.28947368421e-103 3.19522912956e-103 2.09467271404e-103
embassage 1.42542362594e-103 1.54062790834e-103 0.00328947368421 3.19522912956e-103 2.09467260877e-103
end 1.42542362757e-103 0.00154062790834 3.28947368421e-103 3.19522926317e-103 2.09467263099e-103
endeared 7.84887469408e-31 0.00154062790834 3.28947368421e-103 1.24849281991e-76 2.09467264907e-103
enough 0.00284987023234 1.54062791789e-103 3.28947368421e-103 5.16937175934e-66 1.43573882817e-06
epitaph 0.00142542362594 4.5658136084e-54 3.28947368421e-103 3.19523154905e-103 1.48377117379e-53
esteemed 1.42542362594e-103 1.54062790834e-103 0.00328947368421 3.19522912956e-103 2.09467260877e-103
esteeming 1.42542362594e-103 1.54062790834e-103 0.00328947368421 3.19522912956e-103 2.09467260877e-103
eternity 1.42542362594e-103 1.54062790834e-103 0.00328947368421 3.19522912956e-103 2.09467260877e-103
ever 0.000421083369503 7.28954137191e-46 3.28947368421e-103 6.2481321593e-79 0.00357055948672
every 0.00697463332642 2.14087020451e-29 3.28947368421e-103 1.77051172679e-78 0.00231875037404
evil 1.42542362594e-103 3.65401003223e-29 3.28947368421e-103 3.19522912956e-103 0.00209467260877
exceed 1.42542362594e-103 1.54062790834e-103 0.00328947368421 3.19522912956e-103 2.09467260877e-103
excellent 1.42542362594e-103 1.54062790834e-103 0.00328947368421 3.19522912956e-103 2.09467260877e-103
excuse 1.93470096767e-54 1.52994890488e-05 3.28947368421e-103 1.3812298145e-40 0.00207387107684
expense 0.00142542362594 1.67036614751e-43 3.28947368421e-103 5.86206400877e-47 2.09467260885e-103
express 1.42542362594e-103 1.54062790834e-103 0.00328947368421 3.19522912956e-103 2.09467260877e-103
eye 0.0128288126334 1.21243436081e-47 0.00657894736842 1.80923718346e-65 4.54382196935e-23
eyes 0.00375971491415 0.00209893248485 0.00986842105263 6.03572484275e-31 1.16085478151e-33
face 0.00427627076043 1.26869809298e-10 3.28947368421e-103 6.6014096196e-26 2.35035770172e-31
faint 0.00142542362594 2.10259969217e-50 3.28947368421e-103 1.51851328418e-61 2.09467260879e-103
fair 0.00281098692147 4.57967064917e-35 0.00657894736842 6.26967273543e-65 0.00215324771638
fairer 0.0014253700039 5.79558268343e-08 3.28947368421e-103 2.94062196135e-50 6.26641328334e-21
fairest 0.00142542362594 1.54062790873e-103 3.28947368421e-103 1.75491557637e-63 2.09467260884e-103
faith 0.00142542362594 1.79052910871e-24 3.28947368421e-103 3.45984266749e-56 0.00209467260877
false 1.81201847449e-69 0.00154062790834 3.28947368421e-103 3.195233841e-103 1.37674560044e-96
famished 0.00142542362594 2.26130376199e-30 3.28947368421e-103 3.19524500318e-103 1.9392736317e-37
fangled 1.42542362594e-103 2.25513927288e-36 3.28947368421e-103 3.19522912956e-103 0.00209467260877
farewell 1.42542362594e-103 1.54062790834e-103 3.28947368421e-103 0.00319522912956 2.09467260877e-103
fast 0.00142857194535 0.00153722513834 3.28947368421e-103 5.47810048247e-55 2.09467261409e-103
father 1.42542362857e-103 0.00154062790834 3.28947368421e-103 3.19522912956e-103 2.09467300277e-103
fault 0.00142542362594 1.54062791982e-103 0.00328947368421 2.32127610581e-82 1.29725309357e-16
faults 0.00142542362594 1.54062790835e-103 3.28947368421e-103 3.19540401853e-103 4.04886451282e-17
favour 3.73508371735e-58 0.00154062790834 3.28947368421e-103 3.06322667646e-62 2.09467263243e-103
fear 0.00142542362594 1.54062791082e-103 3.28947368421e-103 3.30892341079e-103 9.22613345976e-19
fears 0.00285084725187 1.5689582901e-25 0.00328947368421 7.40420871319e-59 2.09467274568e-103
feeding 0.00142542362469 1.76753183462e-18 3.28947368421e-103 0.00319522913235 5.67638000198e-41
fell 0.00142542345654 1.34868597505e-37 3.28947368421e-103 3.19522912956e-103 0.00418934546647
felt 0.00142542362594 1.54062790881e-103 3.28947368421e-103 3.1953104619e-103 2.63214364199e-17
fever 0.00142542362594 2.26417279841e-24 3.28947368421e-103 3.19522912956e-103 2.09467284093e-103
fierce 0.00285084725187 1.6068091502e-38 3.28947368421e-103 3.19522912956e-103 2.09467272042e-103
fight 1.42542362594e-103 1.54062790834e-103 0.00328947368421 3.19522912956e-103 2.09467260877e-103
fill 1.42542362594e-103 1.54062790834e-103 0.00328947368421 3.19522912956e-103 2.09467260877e-103
filled 0.00142542362594 1.54062791294e-103 3.28947368421e-103 3.19522912956e-103 2.0946787513e-103
finds 1.42542362594e-103 1.54062790834e-103 0.00328947368421 3.19522912956e-103 2.09467260877e-103
fingers 0.00142542362594 1.54131460485e-103 3.28947368421e-103 3.75153457696e-80 1.41416286733e-15
fire 0.00142542362594 1.54062791003e-103 0.00328947368421 3.19522912956e-103 2.09467273771e-103
first 0.00285084725164 2.49323888893e-13 3.28947368421e-103 2.91371560066e-62 7.59093689379e-33
fled 1.42542362594e-103 1.54062790834e-103 0.00657894736842 3.19522912956e-103 2.09467260877e-103
flesh 0.00142542362594 2.92508245372e-39 3.28947368421e-103 3.19522912956e-103 2.0946727391e-103
food 0.00142542362594 3.56147978657e-67 3.28947368421e-103 3.19524523698e-103 3.34156773753e-55
fool 1.42542362612e-103 0.00154062790834 3.28947368421e-103 4.49275849153e-41 7.45023855769e-40
for 0.00149388683387 0.0154101898759 3.28947368421e-103 0.0169437765715 0.00554375072365
forbid 7.82395281432e-26 1.54062791066e-103 3.28947368421e-103 1.90724435366e-63 0.00209467260877
force 1.42542364024e-103 5.70956520506e-28 3.28947368421e-103 5.41487510448e-55 0.00209467260877
forfeit 0.00142542362594 7.14217702538e-25 3.28947368421e-103 3.19522913604e-103 2.09467276539e-103
forget 1.40535758352e-55 0.00154062790834 3.28947368421e-103 6.3933002361e-103 3.17515263633e-56
forgetst 3.94127765484e-99 0.00154062790834 3.28947368421e-103 3.19522912956e-103 2.09467295191e-103
forgot 1.42542362594e-103 1.54062790834e-103 0.00328947368421 0.00319522912956 2.09467260877e-103
forsake 0.00142542362594 1.54062791104e-103 3.28947368421e-103 3.19522912956e-103 1.03972521212e-56
forsworn 1.42542362594e-103 1.54062790834e-103 0.00328947368421 3.19522912956e-103 2.09467260877e-103
forth 1.42542362594e-103 1.54062790834e-103 0.00328947368421 3.19522912956e-103 2.09467260877e-103
fortify 0.00142542362594 1.16819078318e-97 3.28947368421e-103 3.13626349551e-71 2.09467260885e-103
fortune 3.45569909256e-06 2.20723117064e-13 3.28947368421e-103 4.73171192149e-57 0.0104682848632
fortunes 1.42542366162e-103 0.00154062790834 3.28947368421e-103 3.19522912956e-103 2.09467260877e-103
forty 0.00142542362594 2.0894454237e-38 3.28947368421e-103 3.19522912967e-103 2.09467260877e-103
found 1.42542362609e-103 0.00153165492725 3.28947368421e-103 0.00321383889925 2.93853028579e-38
frame 1.42542362729e-103 0.00154062790834 0.00328947368421 3.25743647837e-44 2.09467263014e-103
freezings 0.00142542362594 1.54062790899e-103 3.28947368421e-103 1.86188849599e-67 2.09467260885e-103
fresh 8.01721278253e-19 0.00308125581667 3.28947368421e-103 2.32305040984e-19 2.094672824e-103
friend 1.42542362742e-103 0.00154062790834 3.28947368421e-103 4.05466404726e-65 2.09467261499e-103
from 0.00421946749012 1.54062790871e-103 3.28947368421e-103 0.0161034761029 3.96103754352e-18
full 0.00427627087781 1.54062790925e-103 3.28947368421e-103 0.00319522912956 1.45626835561e-52
function 1.42542363091e-103 1.54062856708e-103 3.28947368421e-103 5.16586320226e-58 0.00209467260877
furrows 1.42542362594e-103 2.18315132052e-75 3.28947368421e-103 3.19522912956e-103 0.00209467260877
fury 9.37792104249e-19 0.00154062790834 3.28947368421e-103 1.30110580578e-79 2.09467268958e-103
garments 0.00142542362343 1.54062791058e-103 3.28947368421e-103 2.91063603437e-82 3.68682089818e-12
gazed 1.90975849015e-27 0.00154062790834 3.28947368421e-103 3.19527511654e-103 2.09467262851e-103
gentle 0.00100076998635 0.00354023042368 3.28947368421e-103 1.72139384824e-21 2.094672616e-103
gently 1.42542362594e-103 3.13169918902e-37 3.28947368421e-103 3.19522912956e-103 0.00209467260877
gift 0.00142542362594 1.91300516291e-23 3.28947368421e-103 2.38615501264e-41 2.09467260877e-103
gilded 1.42542362594e-103 1.54062791802e-103 3.28947368421e-103 3.19522912956e-103 0.00209467260877
give 2.38819713176e-56 0.0030770129758 3.28947368421e-103 0.00320402869023 2.09467277224e-103
gives 0.00142542362642 0.00154062790782 3.28947368421e-103 5.43627625104e-50 4.48241205305e-41
gladly 1.42542362594e-103 1.54062790834e-103 0.00328947368421 3.19522912956e-103 2.09467260877e-103
glance 1.42542362594e-103 2.40896048779e-63 3.28947368421e-103 3.19522912956e-103 0.00209467260877
glass 0.00427627087781 1.79151386461e-35 3.28947368421e-103 4.14290013235e-47 7.17373122675e-28
glorious 1.42542362594e-103 0.00154062790834 3.28947368421e-103 5.5755572307e-41 2.09467262689e-103
glory 0.00142542362594 4.24280022795e-33 3.28947368421e-103 6.07392530754e-43 2.09467260883e-103
god 0.00121292016745 0.00177030612667 3.28947368421e-103 1.40279114488e-80 2.0946726155e-103
goes 1.42542362594e-103 9.14152440616e-37 3.28947368421e-103 3.19522912956e-103 0.00209467260877
golden 1.42542362607e-103 0.00168574508286 3.28947368421e-103 1.08849733281e-42 0.0018973680105
gone 0.00142542362594 2.66694476961e-74 3.28947368421e-103 3.19522912956e-103 2.09467273323e-103
good 0.00142542362594 1.54062793647e-103 3.28947368421e-103 3.19522914189e-103 1.35417249226e-21
gored 1.42542362594e-103 1.54062790835e-103 3.28947368421e-103 0.00319522912956 2.09467260877e-103
got 0.00142542362594 1.12728378077e-39 3.28947368421e-103 3.19524808834e-103 2.45544443251e-29
grace 0.00142542362594 1.54062790873e-103 3.28947368421e-103 1.4934889057e-65 2.09467260884e-103
gracious 0.00035713514689 3.63585229787e-44 3.28947368421e-103 3.19529381507e-103 0.00366453196469
grant 1.42542362594e-103 1.54062790834e-103 3.28947368421e-103 0.00639045825912 2.09467260877e-103
great 1.42542362594e-103 0.00169299749854 3.28947368421e-103 9.18744949131e-43 0.00188750746184
green 1.42542362594e-103 1.54062790834e-103 0.00328947368421 3.19522912956e-103 2.09467260877e-103
grief 1.42542362594e-103 1.54062790834e-103 0.00328947368421 3.19522912956e-103 2.09467260877e-103
grieved 0.00142542362594 1.13670324517e-36 3.28947368421e-103 3.2979552159e-93 3.08895345131e-16
groan 1.42542362594e-103 1.54062790834e-103 0.00328947368421 3.19522912956e-103 2.09467260877e-103
grows 1.42542362594e-103 1.54062790834e-103 0.00328947368421 3.19522912956e-103 2.09467260877e-103
growst 1.42542362594e-103 1.54062790834e-103 0.00328947368421 3.19522912956e-103 2.09467260877e-103
halt 1.42542362594e-103 1.54062790834e-103 0.00328947368421 3.19522912956e-103 2.09467260877e-103
hand 0.00214230293797 2.90658384797e-37 3.28947368421e-103 3.19524628947e-103 0.00732522995402
hap 1.42542363602e-103 0.00154062790834 3.28947368421e-103 7.7213062851e-90 1.21262442103e-34
happy 1.42542362594e-103 1.93918283314e-36 3.28947368421e-103 3.19522912956e-103 0.00209467260877
hast 3.69440290124e-65 0.00316528561394 3.28947368421e-103 6.17561959794e-50 0.0040750964014
haste 1.4254236428e-103 0.00308125581667 3.28947368421e-103 3.19575083515e-103 2.19351531436e-71
hate 0.00142542362594 2.81419590354e-23 0.00657894736842 5.79137910249e-36 2.09467260877e-103
hath 0.00272600591761 0.00958223807093 3.28947368421e-103 0.00320859925538 0.00390384338235
have 3.432793609e-43 0.0186199568059 3.28947368421e-103 0.00664096784831 0.0038450766849
he 0.00151013147303 0.0015865189201 3.28947368421e-103 4.02094553768e-48 0.00190779921996
head 1.42542362594e-103 1.54062790834e-103 0.00657894736842 3.19522912956e-103 2.09467260877e-103
hear 0.00142542362406 2.03323933164e-12 3.28947368421e-103 2.63287399458e-72 2.09467303191e-103
hearst 7.2587007125e-61 0.00154062790834 3.28947368421e-103 6.24564733478e-55 1.10831697371e-72
heart 0.00997796538149 1.38936826635e-40 0.00657894736842 2.1761723241e-74 1.07399364109e-13
hearts 1.42542362594e-103 1.54062790834e-103 0.00328947368421 3.19522912956e-103 2.09467260877e-103
heaven 0.00375640032938 6.59815798915e-18 3.28947368421e-103 2.79957180424e-33 0.000763954362828
heavy 0.00142542362594 3.98530964755e-35 3.28947368421e-103 5.60322959529e-61 2.09467260877e-103
heir 1.42542362594e-103 1.54062790834e-103 0.00328947368421 3.19522912956e-103 2.09467260877e-103
held 1.42542362594e-103 1.54062790834e-103 0.00328947368421 3.19522912956e-103 2.09467260877e-103
hence 0.00142542362594 1.54062790896e-103 3.28947368421e-103 1.19906208749e-65 2.09467260884e-103
her 5.14968447838e-17 0.00464873777804 3.28947368421e-103 6.00371216038e-46 0.00624750644741
here 1.42542362789e-103 1.54098226127e-103 3.28947368421e-103 2.16532606359e-67 0.00209467260877
him 1.42542362785e-103 0.00154062790834 3.28947368421e-103 3.19522926175e-103 2.09467262194e-103
his 0.0107189515834 2.89862055504e-07 3.28947368421e-103 8.8155761328e-44 0.00519473795478
hold 4.57585906266e-50 4.65366669297e-44 3.28947368421e-103 2.12299903859e-71 0.00418934521755
holds 0.00142542362594 1.54062790922e-103 3.28947368421e-103 3.19522912956e-103 5.10970070257e-44
homage 0.00142542362594 1.49910826002e-68 3.28947368421e-103 2.01322142881e-58 2.09467260884e-103
hopes 0.00285084725187 1.00314373115e-93 3.28947368421e-103 3.19531060619e-103 1.10408652938e-25
hour 1.42542362594e-103 3.28928167123e-39 3.28947368421e-103 3.19522912956e-103 0.00209467260877
hours 0.00427627087781 4.03065869112e-36 3.28947368421e-103 9.96312287962e-71 6.39935053712e-66
how 1.42542362868e-103 0.00148843520513 3.28947368421e-103 0.0352557669685 3.74868391831e-37
huge 1.42542362619e-103 0.00154062790834 3.28947368421e-103 6.03153626633e-41 2.09467262866e-103
hurt 0.00142542362594 1.54062791002e-103 3.28947368421e-103 3.19563524423e-103 6.05828165166e-18
huswife 1.42542362594e-103 0.00154062790834 3.28947368421e-103 1.93195645889e-39 2.09467262689e-103
idle 0.00142542362594 5.20478770097e-87 3.28947368421e-103 3.19522912956e-103 2.09467273297e-103
idolatry 1.42542362594e-103 1.54062790834e-103 0.00328947368421 3.19522912956e-103 2.09467260877e-103
if 0.00359878628544 0.00438217177457 3.28947368421e-103 0.021187181443 2.09467273641e-103
ill 1.42542362595e-103 0.00171589753897 0.00986842105263 1.66579003549e-43 0.00185637204804
image 1.42542385901e-103 0.00154062790834 3.28947368421e-103 1.69914160647e-72 2.09467263034e-103
immured 0.00142542362594 1.54062790971e-103 3.28947368421e-103 3.19522912956e-103 2.21946521126e-20
impression 1.42542362594e-103 1.54064219251e-103 3.28947368421e-103 3.19522912956e-103 0.00209467260877
imprint 1.42542362857e-103 0.00154062790834 3.28947368421e-103 3.19522914893e-103 1.38203630924e-98
in 0.0232860888916 0.0116778063875 3.28947368421e-103 0.016252247659 0.0125626526751
increase 1.42542362594e-103 1.54062790834e-103 0.00328947368421 3.19522912956e-103 2.09467260877e-103
infection 2.50323528817e-83 0.00154062790834 3.28947368421e-103 3.9369050434e-83 2.09467260877e-103
inhearse 1.42542362594e-103 1.54062790834e-103 0.00328947368421 3.19522912956e-103 2.09467260877e-103
ink 0.00142542362594 1.69210404401e-103 3.28947368421e-103 3.19522912956e-103 2.09467273319e-103
interest 1.42542362594e-103 1.54062790834e-103 0.00328947368421 3.19522912956e-103 2.09467260877e-103
invent 1.42542362594e-103 1.54062790834e-103 0.00328947368421 3.19522912956e-103 2.09467260877e-103
invention 0.00142542362594 2.10246288569e-38 3.28947368421e-103 3.19522912956e-103 2.09467273287e-103
invoked 0.00142542362594 9.23644078968e-31 3.28947368421e-103 1.44175336874e-96 5.30265370717e-43
is 0.0100786070826 0.0277096096359 0.00657894736842 0.0101232231543 0.0204759377987
issueless 2.75037288091e-65 0.00154062790834 3.28947368421e-103 4.34150409822e-49 2.09467267083e-103
ist 1.42542362594e-103 1.54062790834e-103 3.28947368421e-103 0.00319522912956 2.09467260877e-103
it 0.0108332009801 0.00177117949291 3.28947368421e-103 1.1329235535e-38 0.00890312361991
jaws 1.42542362594e-103 1.54062790834e-103 0.00328947368421 3.19522912956e-103 2.09467260877e-103
join 1.42542362594e-103 1.54062790834e-103 3.28947368421e-103 0.00319522912956 2.09467260877e-103
jollity 1.42542362594e-103 1.54062790834e-103 0.00328947368421 3.19522912956e-103 2.09467260877e-103
journey 3.06763634087e-46 0.00308125581667 3.28947368421e-103 1.56457513997e-94 9.30021788506e-64
judgement 1.42542362594e-103 7.73664205161e-87 3.28947368421e-103 3.19522912956e-103 0.00209467260877
judgment 0.000362661919623 1.64779232714e-48 3.28947368421e-103 3.2706902075e-103 0.00365641032335
just 1.42542362718e-103 0.00154062790834 3.28947368421e-103 1.21411812784e-38 2.09467263416e-103
justify 0.00142542362594 3.58897925346e-33 3.28947368421e-103 3.19526981424e-103 1.01102194523e-37
keen 1.78900811238e-08 1.54062790992e-103 0.00328947368421 2.31677055021e-56 0.00209464631914
keep 1.42542362594e-103 2.82189785857e-26 0.00328947368421 3.19522912956e-103 0.00209467260877
key 1.42542362594e-103 1.54062790834e-103 0.00328947368421 3.19522912956e-103 2.09467260877e-103
kindling 1.42542362706e-103 0.00154062790834 3.28947368421e-103 6.33065383865e-78 2.0946726165e-103
kissing 1.42542362594e-103 1.54062790834e-103 3.28947368421e-103 0.00319522912956 2.09467260877e-103
knew 1.42542362963e-103 0.00154062790834 3.28947368421e-103 6.1774430568e-56 1.08415237907e-35
know 0.00285084725187 2.64263597414e-83 3.28947368421e-103 1.98663161596e-62 8.16910978956e-25
knows 5.36012649262e-05 0.00302281578742 3.28947368421e-103 6.24899181136e-44 6.88855537024e-07
knowst 1.14600797413e-26 0.00308125581667 3.28947368421e-103 3.87156154796e-87 1.09611018975e-68
labouring 0.00142542362594 1.54062790922e-103 3.28947368421e-103 3.45005472725e-62 2.09467260884e-103
lack 2.17890783212e-09 1.54062791418e-103 3.28947368421e-103 1.78076289858e-63 0.00209466940685
laid 0.00285084725187 1.54062906641e-103 3.28947368421e-103 5.60703138513e-64 2.09467260884e-103
lame 1.42542362857e-103 0.00154062790834 3.28947368421e-103 3.19522914701e-103 2.09467300701e-103
lameness 0.00142542362594 1.54062790869e-103 3.28947368421e-103 3.19534524711e-103 1.88786629232e-18
languished 0.00142542362594 3.69395233585e-79 3.28947368421e-103 3.71219715018e-99 2.08875494703e-17
league 1.42542362895e-103 0.00154062790834 3.28947368421e-103 3.67010839805e-77 1.14324040221e-20
lease 0.00142542362594 1.22958906581e-17 3.28947368421e-103 3.39558312535e-76 1.14988691661e-91
leaves 0.00142542362594 1.54062790834e-103 3.28947368421e-103 3.19522912956e-103 5.67451984171e-22
left 1.31053447398e-13 0.00154062790816 3.28947368421e-103 7.8820639198e-14 2.09467260877e-103
lend 0.00142542362594 1.54062791893e-103 0.00328947368421 3.19522912956e-103 1.52617296501e-20
less 1.42542362594e-103 1.54062790834e-103 0.00328947368421 3.19522912956e-103 2.09467260877e-103
lest 1.42542362594e-103 1.54062790834e-103 3.28947368421e-103 0.00639045825912 2.09467260877e-103
let 0.00254650174482 8.43129931945e-42 3.28947368421e-103 0.0134631373064 2.09467260885e-103
liberty 1.42542362594e-103 1.54062790996e-103 3.28947368421e-103 3.19522912956e-103 0.00209467260877
lie 1.07525950443e-64 0.00154062790834 0.00328947368421 7.51429148547e-62 1.09610744312e-54
lies 1.42542362594e-103 1.54062790834e-103 0.00328947368421 3.19522912956e-103 2.09467260877e-103
life 0.00426476278381 1.69023785065e-43 0.00328947368421 1.57775275048e-55 0.00211158385455
light 1.42542362594e-103 1.54062790834e-103 0.00657894736842 3.19522912956e-103 2.09467260877e-103
like 0.00281982441189 2.73409200181e-50 3.28947368421e-103 0.00645999904699 3.90686105287e-42
line 0.00142542362594 2.91531984683e-32 3.28947368421e-103 3.19527947057e-103 4.1709595412e-37
lines 0.00142542362594 1.54139506998e-103 3.28947368421e-103 1.63717582162e-61 2.09467260884e-103
lions 1.42542362594e-103 1.42278107393e-48 3.28947368421e-103 3.19522912956e-103 0.00209467260877
lips 0.00142542362594 1.54062791253e-103 3.28947368421e-103 9.99304325129e-62 2.09467260884e-103
little 0.00142542361529 1.15122425005e-11 3.28947368421e-103 5.57721959582e-24 2.09467260877e-103
live 0.00285084725187 1.54062790836e-103 0.00328947368421 1.04831115017e-98 7.38836482881e-16
livery 0.00142542362594 1.54062790928e-103 3.28947368421e-103 3.19522912956e-103 2.09467274422e-103
lo 1.42542362594e-103 1.54062790834e-103 3.28947368421e-103 0.00639045825912 2.09467260877e-103
lofty 1.42542362789e-103 1.54062791056e-103 3.28947368421e-103 1.04192509208e-66 0.00209467260877
long 1.42542362594e-103 1.54062790834e-103 0.00328947368421 3.19522912956e-103 2.09467260877e-103
longer 0.00285084725187 3.00698390961e-46 3.28947368421e-103 7.67243920768e-88 2.45144439219e-34
longing 1.42542362594e-103 6.48372541365e-37 3.28947368421e-103 3.19522912956e-103 0.00209467260877
look 1.3831929177e-38 0.00154061686598 0.00328947368421 0.00319525203117 2.09467262831e-103
looks 1.42542362641e-103 0.00154062790834 3.28947368421e-103 3.27904416796e-43 2.09467269468e-103
lord 1.42542362594e-103 1.54062790835e-103 3.28947368421e-103 0.00319522912956 2.09467260877e-103
lost 1.42542362679e-103 0.00154062790834 3.28947368421e-103 2.35595006252e-41 2.95998829859e-27
love 0.0302594945901 0.00718738689901 3.28947368421e-103 0.00647756319082 0.016923037324
loved 0.00142542362594 5.60198368368e-16 3.28947368421e-103 3.19522924727e-103 1.81696550016e-16
loveliness 0.00142542362594 2.09874601697e-42 3.28947368421e-103 8.00398568624e-77 2.09467260877e-103
lovely 0.00142542362594 1.54062807104e-103 3.28947368421e-103 3.19552830279e-103 3.92694841376e-18
loves 0.00569795645035 0.00154466807526 3.28947368421e-103 1.76574043197e-70 1.74934042548e-19
loving 0.00285084720961 1.81690938573e-44 3.28947368421e-103 2.35880327086e-56 0.00209467267089
lovst 6.7349374814e-06 0.00153334864591 3.28947368421e-103 1.62619393715e-15 2.09467260878e-103
luck 1.42542362594e-103 1.54062790834e-103 0.00328947368421 3.19522912956e-103 2.09467260877e-103
lying 0.00142542362594 1.95347498667e-29 3.28947368421e-103 7.56562682262e-96 3.32729020412e-24
made 0.00427627087781 2.63819386214e-43 0.00328947368421 4.01367665218e-75 2.49620837321e-31
make 2.55587121817e-06 0.00761323461223 0.00657894736842 0.00337596077853 8.52597518582e-22
makes 0.00285084725187 1.8000211917e-74 3.28947368421e-103 8.4101699905e-85 5.05551310492e-16
making 1.42542362789e-103 1.54062791056e-103 3.28947368421e-103 1.14582513986e-63 0.00209467260877
maladies 1.42542362594e-103 9.43535708658e-38 3.28947368421e-103 3.19522912956e-103 0.00209467260877
man 0.00142542362594 1.54062796427e-103 3.28947368421e-103 3.19522912956e-103 2.09467273324e-103
manners 1.42542362958e-103 0.00308125581667 3.28947368421e-103 1.48388944519e-75 2.09467279781e-103
many 0.00427627087781 7.95110861422e-55 0.00328947368421 4.45943960891e-77 2.09467265028e-103
map 1.42542364331e-103 0.0015406256878 3.28947368421e-103 5.49913219145e-44 3.01909058355e-09
marble 0.00142542362594 3.5157018114e-27 3.28947368421e-103 2.47398759486e-48 2.09467260877e-103
marriage 0.00142542362593 7.23932565e-33 3.28947368421e-103 7.00923620299e-77 7.39149815252e-15
married 0.00142542362594 1.54062793931e-103 3.28947368421e-103 3.19522913086e-103 1.16115130182e-27
may 1.42542362594e-103 3.26781439988e-48 0.00328947368421 0.00319522912956 0.00418934521755
mayst 1.42543631419e-103 0.00308125581667 3.28947368421e-103 2.96226483648e-41 6.40003098328e-34
me 0.01730381713 0.00532478040108 0.00328947368421 0.00334856865393 0.0300718504257
meadows 1.42542362594e-103 5.48426959996e-48 3.28947368421e-103 3.19522912956e-103 0.00209467260877
memory 0.00142542362594 1.81292389865e-103 3.28947368421e-103 3.1952752865e-103 6.34228833218e-19
mens 1.42542362594e-103 1.54062790949e-103 3.28947368421e-103 3.19522912956e-103 0.00209467260877
merchandized 9.40541343245e-90 0.00154062790834 3.28947368421e-103 4.51119254638e-70 2.09467263312e-103
might 6.0552034099e-31 0.00462188372501 0.00657894736842 1.02298402953e-45 2.0946726564e-103
mightier 1.42542362594e-103 7.4713466298e-37 3.28947368421e-103 3.19522912956e-103 0.00209467260877
mind 0.00142542362594 1.54062790842e-103 0.00328947368421 3.19527353013e-103 4.95711410403e-18
minds 0.00142542362594 1.54062791132e-103 0.00328947368421 2.77505343985e-85 1.62987806303e-18
mine 0.00274032082793 0.00988483973292 0.00328947368421 0.0105071941817 0.00916006084179
mistress 0.00142542362594 1.97981395019e-26 3.28947368421e-103 5.30624237334e-35 2.09467260887e-103
monuments 1.42542362594e-103 1.54062790834e-103 0.00328947368421 3.19522912956e-103 2.09467260877e-103
moon 0.00142542362594 1.54062790834e-103 3.28947368421e-103 3.19522913524e-103 4.4441779109e-19
more 0.00256342769261 1.27888028696e-41 0.00328947368421 0.00323832840584 0.0129621469615
morning 0.00142542362594 1.54062790896e-103 3.28947368421e-103 3.19522912956e-103 2.00045212291e-31
mortal 1.42542362594e-103 4.08012055254e-50 3.28947368421e-103 3.19522912956e-103 0.00209467260877
most 0.00142542362682 1.88808734623e-98 3.28947368421e-103 1.64619866722e-49 0.00418934521625
mourn 1.42542362789e-103 3.1078226685e-39 3.28947368421e-103 2.26509548388e-57 0.00209467260877
mourners 1.42542362594e-103 1.03090176996e-34 3.28947368421e-103 3.19522912956e-103 0.00209467260877
moving 0.00142542362594 1.54062790873e-103 3.28947368421e-103 6.87585926856e-70 2.09467260884e-103
much 0.00142542362594 1.42075152353e-29 3.28947368421e-103 4.66082748622e-54 0.00209467260877
murdrous 0.00142542362594 1.54062790834e-103 3.28947368421e-103 3.19522912956e-103 1.2224855564e-16
muse 0.00712711812968 1.07209048396e-37 0.00986842105263 3.27539210499e-69 8.83043413186e-15
music 0.00142542345666 8.5533345563e-27 3.28947368421e-103 0.00319522912956 0.0041893454663
must 0.00285084725187 2.77054619642e-49 3.28947368421e-103 3.19524382867e-103 4.84951315141e-53
my 0.000766229852574 0.0782003804164 3.28947368421e-103 0.0266062057009 0.0196413870459
name 1.42542362594e-103 1.54062790834e-103 0.00328947368421 3.19522912956e-103 2.09467260877e-103
natures 1.68214951742e-63 0.00154034458113 3.28947368421e-103 0.00319581674409 2.09467286846e-103
near 1.42542362594e-103 1.54062790834e-103 0.00328947368421 3.19522912956e-103 2.09467260877e-103
need 1.42542362594e-103 1.54062790834e-103 0.00328947368421 3.19522912956e-103 2.09467260877e-103
needs 1.42542362594e-103 1.54062790834e-103 3.28947368421e-103 0.00319522912956 2.09467260877e-103
needy 0.00142542362594 1.54062790933e-103 3.28947368421e-103 1.0435881999e-67 2.09467260885e-103
never 1.42542362594e-103 0.00152411772402 3.28947368421e-103 0.00642470002611 2.09467262622e-103
new 0.0054987457236 0.00182601111513 0.00328947368421 8.04863862131e-66 0.00200489416019
night 1.42542362594e-103 1.54062790834e-103 0.00328947368421 3.19522912956e-103 2.09467260877e-103
no 0.00278904550224 0.00159864609475 3.28947368421e-103 0.0129891513181 0.00197009704522
none 1.42542362594e-103 1.54062790834e-103 0.00328947368421 3.19522912956e-103 2.09467260877e-103
nor 0.00214051310136 1.68523949989e-18 3.28947368421e-103 1.55937612884e-50 0.00732786013472
not 0.00878620949488 0.025876450088 0.00328947368421 0.0102207852819 0.00804619377385
nothing 0.000816651700929 0.00634148427146 3.28947368421e-103 5.274985527e-51 0.00274593307613
nought 0.00142542362594 1.54062790912e-103 3.28947368421e-103 3.19522912956e-103 2.76348431442e-41
novel 0.00142542362594 4.30408762614e-38 3.28947368421e-103 3.19528897446e-103 3.55153789537e-30
now 0.00712711812968 6.04216737267e-41 0.0131578947368 2.09200966742e-48 3.61625373156e-56
numbers 1.42542364909e-103 0.00154062790834 3.28947368421e-103 3.19662778222e-103 1.58689716804e-53
nymphs 1.42542362789e-103 1.54062791107e-103 3.28947368421e-103 3.56590396926e-58 0.00209467260877
oertake 1.42542362784e-103 0.00154062790834 3.28947368421e-103 2.97976153058e-47 1.37032826883e-28
of 0.00966276655937 0.0342631119768 3.28947368421e-103 2.33074766851e-37 0.0250971528399
offence 1.42542362594e-103 1.54062790834e-103 0.00328947368421 3.19522912956e-103 2.09467260877e-103
oft 0.00285084725187 1.54062790934e-103 3.28947368421e-103 6.68649492355e-62 2.09467260884e-103
old 2.74618218343e-19 1.54062790925e-103 0.00657894736842 5.79542855113e-76 0.00418934521755
on 0.0035236205648 0.00388111568362 3.28947368421e-103 4.33507320951e-40 0.00839720912127
once 1.06886692394e-78 0.00334531611173 3.28947368421e-103 3.19522918968e-103 0.00173565024904
one 1.42542363218e-103 0.00158552521179 3.28947368421e-103 4.44689800692e-65 0.00412830182658
open 1.42542362594e-103 1.54062790834e-103 0.00328947368421 3.19522912956e-103 2.09467260877e-103
oppression 0.00142542362594 1.54062791146e-103 3.28947368421e-103 3.19522912956e-103 2.09467275463e-103
or 9.29122160155e-69 0.00375279774118 3.28947368421e-103 0.0241882085345 0.00208212579764
orient 0.00142542362594 1.26882522387e-56 3.28947368421e-103 1.40681817939e-93 5.90680033243e-23
ornament 0.00285084725187 2.30421688152e-47 3.28947368421e-103 8.30833404024e-74 1.02746557638e-70
other 0.00275732399424 6.03767815667e-48 3.28947368421e-103 9.55898732674e-68 0.00223210586194
others 1.4254236262e-103 0.00154062790834 3.28947368421e-103 1.14009437836e-40 1.22421409213e-26
our 0.00285084725187 4.29329320218e-63 3.28947368421e-103 1.78629267499e-64 1.91887605026e-52
outworn 1.42542362594e-103 1.54062790834e-103 0.00328947368421 3.19522912956e-103 2.09467260877e-103
own 0.00407393431755 0.00625332721459 3.28947368421e-103 1.5256934916e-41 0.00226853304949
painted 1.42542362594e-103 1.54062790834e-103 0.00328947368421 3.19522912956e-103 2.09467260877e-103
painter 0.00142542362594 1.54062794667e-103 3.28947368421e-103 3.19534852884e-103 5.53878624063e-16
painting 1.42542362594e-103 0.00154062790834 3.28947368421e-103 3.19522912956e-103 2.06882687528e-65
part 6.26149689056e-95 0.00154062790831 3.28947368421e-103 5.1781399863e-14 2.09467260877e-103
partly 1.42542362594e-103 3.08528004994e-29 3.28947368421e-103 3.19522912956e-103 0.00209467260877
parts 0.00142542362594 6.0683769076e-46 0.00328947368421 5.38945616201e-47 2.09467260884e-103
past 1.42542362594e-103 4.12019741047e-38 3.28947368421e-103 3.19522912956e-103 0.00209467260877
paws 1.42542362594e-103 1.54062790834e-103 0.00328947368421 3.19522912956e-103 2.09467260877e-103
peace 0.00142539207312 1.66872973931e-46 3.28947368421e-103 7.96643476261e-72 4.63671433325e-08
pebbled 1.42542362594e-103 1.03800848108e-48 3.28947368421e-103 3.19522912956e-103 0.00209467260877
pen 0.00142542362594 1.54062790834e-103 3.28947368421e-103 3.19522912956e-103 1.28625742449e-17
perjured 1.42542363234e-103 0.00154062790831 3.28947368421e-103 5.01960064043e-14 2.09467260877e-103
persuade 1.43409575326e-103 0.00154062790834 3.28947368421e-103 9.85967676988e-43 1.05756166969e-38
pictures 1.42542362677e-103 0.00154062790834 3.28947368421e-103 1.03383133007e-72 2.09467261451e-103
pine 9.93506868166e-83 0.00154062790834 3.28947368421e-103 1.09919873924e-64 2.09467287746e-103
pity 0.00142542362594 2.96562325232e-86 3.28947368421e-103 3.19524943163e-103 2.09467274237e-103
pitying 1.42542362594e-103 1.5406321152e-103 3.28947368421e-103 3.19522912956e-103 0.00209467260877
place 1.42542362616e-103 0.00154062790834 0.00328947368421 5.52718698398e-42 2.09467265917e-103
play 0.00142542362594 1.54062790945e-103 3.28947368421e-103 1.62160943654e-63 2.09467260884e-103
played 0.00142542362593 1.54062790943e-103 3.28947368421e-103 3.1953014377e-103 3.89938410277e-15
playst 1.42542362594e-103 1.54062790834e-103 0.00328947368421 3.19522912956e-103 2.09467260877e-103
plea 1.42542362594e-103 1.54062790834e-103 0.00328947368421 3.19522912956e-103 2.09467260877e-103
pleasure 0.00142542362594 1.54062790834e-103 3.28947368421e-103 3.19522912956e-103 6.56755905651e-16
plight 1.42542362594e-103 1.54062790834e-103 0.00328947368421 3.19522912956e-103 2.09467260877e-103
pluck 1.42542362594e-103 1.54062790834e-103 0.00328947368421 0.00319522912956 2.09467260877e-103
poor 1.42542362594e-103 1.54062790834e-103 3.28947368421e-103 0.00319522912956 2.09467260877e-103
possesseth 3.85628812737e-21 0.00154062790834 3.28947368421e-103 8.16091814732e-55 2.10734857818e-21
possessing 1.42542362594e-103 1.54062790834e-103 0.00328947368421 3.19522912956e-103 2.09467260877e-103
potions 0.00142542362594 1.54062790899e-103 3.28947368421e-103 2.35609771096e-67 2.09467260885e-103
poverty 0.00142542362594 1.54062790846e-103 3.28947368421e-103 8.51279336348e-77 2.05497927315e-17
power 0.00285084725186 9.90751911803e-91 3.28947368421e-103 3.40678298973e-84 1.43933832504e-14
powerful 1.42542362594e-103 1.81632538971e-67 3.28947368421e-103 3.19522912956e-103 0.00209467260877
praise 0.00285084725186 3.41637959166e-27 3.28947368421e-103 3.45518283121e-72 1.4633016614e-14
praises 1.42542362594e-103 2.0249764288e-98 3.28947368421e-103 3.19522912956e-103 0.00209467260877
precious 9.70855235087e-38 0.00154062790834 3.28947368421e-103 7.28559011885e-38 2.09467267995e-103
prepare 1.42542362594e-103 1.54062790834e-103 0.00328947368421 3.19522912956e-103 2.09467260877e-103
presenteth 1.42542362594e-103 0.00154062790834 3.28947368421e-103 6.33728831293e-41 2.09467262689e-103
preserve 0.00142542352628 1.07708105022e-10 3.28947368421e-103 3.49930826074e-103 9.23653180928e-40
press 1.42542362594e-103 1.54062790834e-103 0.00328947368421 3.19522912956e-103 2.09467260877e-103
pretty 0.00142542362594 3.45592773101e-37 3.28947368421e-103 3.19522912958e-103 2.09467260877e-103
prevent 2.68981612971e-67 0.00154062790834 3.28947368421e-103 7.69478956408e-37 6.41261897105e-59
pride 1.42542362594e-103 1.54062790834e-103 0.00328947368421 3.19522912956e-103 2.09467260877e-103
prime 1.42542362594e-103 1.54062790834e-103 0.00328947368421 3.19522912956e-103 2.09467260877e-103
promise 1.42542363122e-103 1.26838704289e-26 3.28947368421e-103 4.21093941127e-51 0.00209467260877
prophetic 1.42542362594e-103 1.54062791802e-103 3.28947368421e-103 3.19522912956e-103 0.00209467260877
proud 1.42542362855e-103 0.00308125581667 3.28947368421e-103 6.71102984121e-48 2.09467263611e-103
provide 1.42542362594e-103 1.54062790834e-103 0.00328947368421 3.19522912956e-103 2.09467260877e-103
purging 1.42542362594e-103 1.54062790949e-103 3.28947368421e-103 3.19522912956e-103 0.00209467260877
put 0.00271963580031 0.00168244401163 3.28947368421e-103 7.8793845401e-37 1.93049292077e-35
quickly 1.42542362594e-103 0.00154062790834 3.28947368421e-103 3.19522912956e-103 2.02189791835e-91
quill 1.42542362594e-103 1.54062790834e-103 0.00328947368421 3.19522912956e-103 2.09467260877e-103
quite 1.42542362594e-103 1.54062790834e-103 0.00328947368421 3.19522912956e-103 2.09467260877e-103
rage 0.0014254236259 1.54062790835e-103 0.00328947368421 3.1952546346e-103 5.46607751453e-14
ragged 1.42542365485e-103 0.00154062790834 3.28947368421e-103 3.19522912956e-103 2.09467260877e-103
rank 1.42542362594e-103 2.7466579736e-37 3.28947368421e-103 3.19522912956e-103 0.00209467260877
rased 1.42542362594e-103 1.54062790834e-103 0.00328947368421 3.19522912956e-103 2.09467260877e-103
reason 1.42542362594e-103 4.91628368268e-33 3.28947368421e-103 3.19522912956e-103 0.00209467260877
receivst 1.6161321375e-13 0.00154062790816 3.28947368421e-103 4.36635803407e-99 1.40368378372e-36
recite 1.42542362594e-103 1.54062790834e-103 0.00328947368421 3.19522912956e-103 2.09467260877e-103
register 1.42542362594e-103 1.54062790834e-103 0.00328947368421 3.19522912956e-103 2.09467260877e-103
reigns 1.4254236263e-103 0.00154062790834 3.28947368421e-103 5.91486541943e-43 2.09467302082e-103
releasing 1.42542362594e-103 1.54062790834e-103 0.00328947368421 3.19522912956e-103 2.09467260877e-103
remain 1.42542362594e-103 1.54062790834e-103 0.00657894736842 3.19522912956e-103 2.09467260877e-103
remedy 1.42542362594e-103 1.54062790834e-103 0.00328947368421 3.19522912956e-103 2.09467260877e-103
renew 4.00227248575e-66 0.00154062790834 3.28947368421e-103 1.13841691301e-42 9.2345592391e-30
renewest 1.42542362594e-103 1.54062790834e-103 0.00328947368421 3.19522912956e-103 2.09467260877e-103
repair 0.00142542362594 1.54062790834e-103 3.28947368421e-103 3.19522912956e-103 1.15492472185e-19
replete 1.42542362835e-103 0.00154062790834 3.28947368421e-103 3.19522924938e-103 2.09467260877e-103
repose 1.13595296712e-36 0.00154062790834 3.28947368421e-103 1.25457118333e-86 1.00445590626e-30
reserve 1.42542362594e-103 1.54062790835e-103 3.28947368421e-103 0.00319522912956 2.09467260877e-103
restful 0.00142542362594 2.13618641978e-40 3.28947368421e-103 3.19523580637e-103 4.42315941657e-61
resurvey 1.42542362594e-103 1.54062790834e-103 0.00328947368421 3.19522912956e-103 2.09467260877e-103
return 0.00142542362061 5.76069729739e-12 3.28947368421e-103 2.36135798281e-34 5.87508449063e-21
rhyme 1.42542362594e-103 1.54062790834e-103 0.00328947368421 3.19522912956e-103 2.09467260877e-103
rich 1.42542362594e-103 0.00167260387097 3.28947368421e-103 9.87571037741e-48 0.00191523509992
right 1.42542362594e-103 4.53707437668e-39 3.28947368421e-103 3.19522912956e-103 0.00209467260877
ripe 0.00142542362594 2.48912621235e-46 3.28947368421e-103 3.32556286899e-103 1.53704152428e-16
riper 0.001425419259 4.71987955799e-09 3.28947368421e-103 3.49233755665e-64 2.09467282683e-103
rose 0.00142542362594 1.54062790873e-103 3.28947368421e-103 3.00804676737e-70 2.09467260885e-103
rough 1.42542362594e-103 1.54062790834e-103 3.28947368421e-103 0.00319522912956 2.09467260877e-103
runs 0.00142542362594 1.54062790923e-103 3.28947368421e-103 3.19522912956e-103 3.06600959638e-54
sadly 1.42542362594e-103 1.54062790834e-103 0.00328947368421 3.19522912956e-103 2.09467260877e-103
said 1.42542362594e-103 1.54062790834e-103 0.00328947368421 3.19522912956e-103 2.09467260877e-103
sail 1.42542362789e-103 2.33847600174e-62 3.28947368421e-103 3.94633168052e-61 0.00209467260877
saith 1.42542362594e-103 2.90318735407e-38 3.28947368421e-103 3.19522912956e-103 0.00209467260877
sake 0.00142542362594 3.58876968432e-44 0.00328947368421 4.6334765552e-82 2.09467276471e-103
same 1.42542362594e-103 1.54062790834e-103 0.00328947368421 3.19522912956e-103 2.09467260877e-103
saw 0.00142542362594 8.11602850467e-82 3.28947368421e-103 1.2124320105e-64 2.09467260884e-103
say 0.00532078999224 8.66658629683e-37 0.00328947368421 0.00327439759779 0.00260251526866
says 0.00142542362594 7.65641076654e-47 3.28947368421e-103 2.49918996336e-86 2.09467274694e-103
scanted 1.42542362594e-103 3.57810609426e-54 3.28947368421e-103 3.19522912956e-103 0.00209467260877
sea 1.42542362594e-103 1.54062790834e-103 0.00328947368421 3.19522912956e-103 2.09467260877e-103
see 0.00285084725187 4.30730949805e-26 0.00328947368421 1.53067657781e-95 5.22448237209e-27
seem 9.17771691906e-41 0.00154062790834 0.00328947368421 2.59822517796e-43 2.30992970006e-56
seeming 1.42542362594e-103 1.54062790834e-103 0.00328947368421 3.19522912956e-103 2.09467260877e-103
seems 0.00142542362594 1.54062790896e-103 3.28947368421e-103 2.75265160995e-61 2.09467260885e-103
seen 0.00142542362594 1.94165517447e-62 0.00657894736842 3.19522914033e-103 2.09467272704e-103
self 0.00736657140705 0.000325663213698 3.28947368421e-103 2.21848593586e-44 0.00758403264537
send 3.25058717645e-52 0.00154062790834 3.28947368421e-103 8.16554253572e-41 3.22221295782e-25
sessions 0.00142542362588 4.81930994921e-33 3.28947368421e-103 1.26767854987e-75 8.79675996144e-14
set 0.00142542362594 1.16275460227e-15 3.28947368421e-103 3.19523153536e-103 4.08781849291e-73
sets 1.42542362594e-103 1.54062790835e-103 3.28947368421e-103 0.00319522912956 2.09467260877e-103
shade 1.42542362594e-103 1.54062790834e-103 0.00328947368421 3.19522912956e-103 2.09467260877e-103
shake 1.76954717152e-29 0.00308125581667 3.28947368421e-103 5.26754284686e-50 4.39839997392e-40
shall 1.22382868574e-10 0.0182427781371 3.28947368421e-103 0.00370284911479 1.96547322512e-17
shalt 0.00303925447245 0.00253407602055 3.28947368421e-103 2.23239847163e-40 0.00256176458174
shame 0.00142542362594 2.05866703862e-37 0.00657894736842 3.19522912957e-103 2.09467260877e-103
she 0.00427627087781 1.28084019841e-66 3.28947368421e-103 9.55309828774e-66 1.35486372927e-31
shine 0.00142542362594 1.39290151612e-96 3.28947368421e-103 3.19529378844e-103 2.09467273885e-103
shore 1.42542362594e-103 1.54062790834e-103 0.00328947368421 3.19522912956e-103 2.09467260877e-103
should 0.00473264682857 1.40416959349e-10 3.28947368421e-103 5.72286545826e-68 0.011897386971
show 1.28981151932e-87 0.00154062790834 3.28947368421e-103 1.50823740831e-80 2.09467260878e-103
shows 1.42542362594e-103 1.54062790834e-103 0.00328947368421 3.19522912956e-103 2.09467260877e-103
side 1.79680200355e-81 0.00154062790834 3.28947368421e-103 3.00522273631e-39 2.09467265321e-103
sigh 1.42542362594e-103 1.54062790834e-103 3.28947368421e-103 0.00319522912956 2.09467260877e-103
sight 0.00142542362594 1.54062790929e-103 0.00657894736842 3.19522912956e-103 2.09467273324e-103
signs 0.00142542362594 1.54062790834e-103 3.28947368421e-103 3.19522912956e-103 5.78170103782e-17
silent 1.42542362594e-103 2.86034954557e-41 3.28947368421e-103 3.19522912956e-103 0.00209467260877
sin 0.00275619365553 0.00163467553079 3.28947368421e-103 0.00321235185472 3.03452378702e-24
since 1.42542362594e-103 1.54062790834e-103 3.28947368421e-103 0.0127809165182 2.09467260877e-103
sinful 1.42542362594e-103 4.46439323943e-55 3.28947368421e-103 3.19522912956e-103 0.00209467260877
sing 1.42542362594e-103 1.54062790834e-103 0.00328947368421 3.19522912956e-103 2.09467260877e-103
siren 1.42542362594e-103 3.69938898776e-40 3.28947368421e-103 3.19522912956e-103 0.00209467260877
skill 1.42542362594e-103 1.54062790834e-103 0.00328947368421 3.19522912956e-103 2.09467260877e-103
slave 0.00142542362594 1.54062846336e-103 0.00328947368421 3.86977204871e-98 1.40117911291e-18
sleep 0.00142542362594 1.5406279094e-103 3.28947368421e-103 1.32481893564e-64 1.46947748223e-28
slight 0.00142542362594 7.25494344183e-84 3.28947368421e-103 3.19522912956e-103 2.09467273288e-103
slow 1.42542362594e-103 1.51772493617e-59 3.28947368421e-103 3.19522912956e-103 0.00209467260877
slumbers 0.00142542362594 1.54062810585e-103 3.28947368421e-103 3.19522914007e-103 2.09467285785e-103
snow 0.00142542362594 1.54062790962e-103 3.28947368421e-103 6.57856520237e-67 2.09467260884e-103
so 1.42542362715e-103 1.18087334094e-11 3.28947368421e-103 0.0256519948161 0.0166982741665
sold 1.14317637144e-21 1.54062790997e-103 3.28947368421e-103 2.26975008936e-67 0.00209467260877
some 3.83964028556e-37 0.00787561557169 3.28947368421e-103 0.0102559963316 0.0077047586661
sometime 0.00142542362594 6.21417636061e-32 3.28947368421e-103 3.19522912957e-103 2.09467260877e-103
song 1.42542362594e-103 1.54062790834e-103 0.00328947368421 3.19522912956e-103 2.09467260877e-103
songs 0.00142542362594 1.54062790834e-103 3.28947368421e-103 3.19522913003e-103 5.5169433342e-16
sorrow 1.42542363234e-103 0.00154062790834 3.28947368421e-103 3.71780746052e-15 2.09467260877e-103
sought 1.42542362594e-103 1.54062790834e-103 0.00328947368421 3.19522912956e-103 2.09467260877e-103
soul 0.00279708441078 0.00159873592051 0.00328947368421 1.22601032121e-38 2.15012962527e-33
souls 0.00142542362594 1.54062790903e-103 3.28947368421e-103 3.19522914314e-103 8.92657645741e-17
space 1.42542362723e-103 0.00154062790834 3.28947368421e-103 7.51142188839e-50 2.09467263363e-103
speak 0.00142530998393 1.54062791266e-103 3.28947368421e-103 0.00319548386944 6.89135050398e-17
spend 1.42542362594e-103 1.54062790834e-103 0.00657894736842 3.19522912956e-103 2.09467260877e-103
spends 0.00142542362593 1.54062791183e-103 3.28947368421e-103 3.19522912956e-103 1.26884827868e-14
spendst 1.42542362594e-103 1.54062790834e-103 3.28947368421e-103 0.00319522912956 2.09467260877e-103
spirit 0.000647870573902 1.5406279171e-103 3.28947368421e-103 4.06150572951e-69 0.0032372936867
spite 0.00142542362594 9.73478565043e-29 0.00328947368421 8.71017377654e-88 7.53758586952e-23
spot 0.00142542362594 1.54062790945e-103 3.28947368421e-103 7.48909739741e-60 2.09467260884e-103
spring 1.42542362594e-103 1.54062790834e-103 0.00328947368421 3.19522912956e-103 2.09467260877e-103
stage 0.00142542362594 1.54062790834e-103 0.00328947368421 3.19522912956e-103 2.898993279e-19
stain 1.42542362791e-103 1.54062791056e-103 3.28947368421e-103 3.6889124806e-54 0.00209467260877
stars 0.00142542362594 3.18756502113e-25 0.00328947368421 5.47138899875e-92 2.87982280303e-85
state 1.42542362594e-103 1.54062790834e-103 0.00657894736842 3.19522912956e-103 2.09467260877e-103
stay 1.42542362594e-103 1.54062790834e-103 0.00657894736842 3.19522912956e-103 2.09467260877e-103
steal 6.67580286695e-22 0.00154062790834 3.28947368421e-103 1.47086985545e-71 1.54155212832e-36
steep 1.42542362594e-103 1.54062790834e-103 0.00328947368421 3.19522912956e-103 2.09467260877e-103
stelled 1.42542362594e-103 1.54062790834e-103 0.00328947368421 3.19522912956e-103 2.09467260877e-103
still 0.00142542362558 0.00154062790873 0.00986842105263 6.80495412492e-34 2.09467262696e-103
stone 1.42542364035e-103 0.00154062790834 0.00328947368421 3.19522919508e-103 2.09467260877e-103
store 1.42542362594e-103 1.54062790834e-103 0.00328947368421 3.19522912956e-103 2.09467260877e-103
straight 0.00142542362594 2.06358893434e-84 3.28947368421e-103 3.19522913002e-103 2.09467506331e-103
strange 1.42542362594e-103 1.54062790834e-103 0.00328947368421 3.19522912956e-103 2.09467260877e-103
strengthened 0.00142542362594 1.54062790909e-103 3.28947368421e-103 3.19542355161e-103 1.11537461053e-26
strife 1.42542362594e-103 1.54062790834e-103 0.00328947368421 3.19522912956e-103 2.09467260877e-103
subject 0.00285084725187 1.81493464006e-45 3.28947368421e-103 7.1603014452e-73 9.9055999699e-63
substance 0.00285084725187 1.54062790956e-103 3.28947368421e-103 3.19526525649e-103 9.64673779005e-26
successive 1.42542362594e-103 1.54062790857e-103 3.28947368421e-103 3.19522912956e-103 0.00209467260877
such 0.00142542354163 0.00308125590781 3.28947368421e-103 0.00319522912953 4.6767947777e-101
suffer 1.42542362594e-103 1.54065781823e-103 3.28947368421e-103 3.19522912956e-103 0.00209467260877
sum 1.42542362594e-103 1.54062790834e-103 0.00328947368421 3.19522912956e-103 2.09467260877e-103
summers 1.42542362594e-103 1.79442193111e-45 3.28947368421e-103 3.19522912956e-103 0.00209467260877
sun 1.42542362594e-103 1.54062790834e-103 0.00657894736842 3.19522912956e-103 2.09467260877e-103
supposing 1.42542362599e-103 0.00154062790834 3.28947368421e-103 1.06263829554e-40 1.93945805582e-61
survey 1.42542362594e-103 1.54062790834e-103 0.00328947368421 3.19522912956e-103 2.09467260877e-103
survive 2.80090600228e-60 8.294487269e-63 3.28947368421e-103 5.33006690665e-62 0.00209467260877
suspect 1.42542362594e-103 1.54062790834e-103 0.00328947368421 3.19522912956e-103 2.09467260877e-103
swayst 1.42542362594e-103 1.54062790834e-103 0.00328947368421 3.19522912956e-103 2.09467260877e-103
swears 8.55295988468e-58 1.54062791149e-103 3.28947368421e-103 1.68955790652e-61 0.00209467260877
sweet 0.0040385160784 0.00329761582915 3.28947368421e-103 0.0032794541994 2.0946726652e-103
swift 1.42542362594e-103 1.9999475498e-58 3.28947368421e-103 3.19522912956e-103 0.00209467260877
tables 3.97790173057e-29 0.00154062790834 3.28947368421e-103 1.20456522499e-71 1.36859013142e-42
take 0.00142542362594 1.54062790929e-103 0.00328947368421 0.00319522912956 2.09467273324e-103
takes 1.42542362594e-103 1.54062790857e-103 3.28947368421e-103 3.19522912956e-103 0.00209467260877
task 1.42542363116e-103 0.00154062790834 3.28947368421e-103 3.19522932904e-103 2.09467317528e-103
teach 0.00142542362594 1.54062790881e-103 3.28947368421e-103 2.11429155156e-56 2.09467260884e-103
tears 1.42542362594e-103 1.54062790834e-103 0.00328947368421 3.19522912956e-103 2.09467260877e-103
teeth 1.42542362598e-103 0.00154062790834 3.28947368421e-103 3.19522950102e-103 2.09467260877e-103
tell 0.00285084725187 1.54062791305e-103 3.28947368421e-103 2.76490777218e-94 1.42262481586e-15
tells 0.00142542362594 5.29383486776e-91 3.28947368421e-103 3.19525675094e-103 1.35336668332e-38
tend 1.42542362594e-103 1.54062790834e-103 0.00328947368421 3.19522912956e-103 2.09467260877e-103
th 1.65559614043e-13 0.00307907179918 3.28947368421e-103 0.00319975873448 2.0946726743e-103
than 1.42542363948e-103 0.00462188111346 3.28947368421e-103 9.44082025786e-26 3.55071816323e-09
that 0.0127776189572 0.0578540889156 3.28947368421e-103 0.0462785346823 2.0790915713e-10
the 0.0147059819618 0.0529103892313 3.28947368421e-103 0.0326691649153 0.0253776488613
thee 0.00528921754488 0.00398437247454 0.00328947368421 3.27591459098e-41 0.0182302941442
their 0.00256966151877 0.00202406656935 3.28947368421e-103 1.1852891871e-39 0.00394525597965
them 1.42542362594e-103 2.85086552959e-38 3.28947368421e-103 3.19522912956e-103 0.00209467260877
themselves 1.42542363469e-103 1.54082580293e-103 3.28947368421e-103 2.71325208137e-63 0.00209467260877
then 0.00705020843709 0.00154809583275 3.28947368421e-103 0.00974259981568 2.41043627438e-38
thence 1.42542362594e-103 1.54062790834e-103 0.00328947368421 3.19522912956e-103 2.09467260877e-103
there 0.00427627087781 1.31781182187e-31 0.00657894736842 2.16782886279e-49 3.79107185916e-25
thereof 1.42542362594e-103 0.00154062790834 3.28947368421e-103 3.67023897633e-42 2.09467262689e-103
these 0.00250412395008 4.22171466573e-45 3.28947368421e-103 0.00323487193021 0.00257819722715
they 6.04890069453e-07 6.39310132735e-46 3.28947368421e-103 0.00640712130529 0.00836687787448
thine 1.70606849198e-46 0.00307275580566 0.00328947368421 0.00640807065606 1.07794058231e-08
thing 1.42542362793e-103 1.56206722592e-48 0.00328947368421 1.58900528204e-63 0.00628401782632
think 0.00285084725187 7.71185109635e-21 3.28947368421e-103 1.60766336313e-58 8.57376975975e-15
this 0.0056890790887 0.00463551873157 3.28947368421e-103 3.92883648371e-44 1.15980042439e-24
those 0.0041146722724 1.54062790862e-103 3.28947368421e-103 0.0163383850284 1.63839316451e-28
thou 0.0473475257168 0.00303389578976 3.28947368421e-103 0.00650510998528 0.0246718905293
though 1.85309873718e-39 0.00461767186223 3.28947368421e-103 0.00320396444234 4.49146878627e-34
thought 0.00285084725187 8.65884235508e-86 0.00657894736842 1.05513185072e-67 2.12933884464e-23
thoughts 0.00246986364282 0.0019524030256 3.28947368421e-103 1.45465112012e-46 1.20361361146e-22
three 0.00142542362594 1.54062791018e-103 3.28947368421e-103 3.19522912956e-103 2.09467273324e-103
thus 2.78513904438e-96 0.00151997258693 3.28947368421e-103 0.00643329695125 2.09467277136e-103
thy 0.0157003873967 0.008660047368 3.28947368421e-103 0.016252434218 0.0278127992572
tied 1.42542362594e-103 0.00154062790834 3.28947368421e-103 6.58491979333e-43 2.09467262689e-103
tigers 1.42542362594e-103 4.35525279505e-37 3.28947368421e-103 3.19522912956e-103 0.00209467260877
time 0.00934449037422 3.00485160976e-20 0.00657894736842 1.79479980823e-38 0.00512024233618
times 5.94923585832e-23 0.00544739320787 3.28947368421e-103 2.26137984568e-92 0.000972291213059
tired 1.42542362594e-103 1.54062790834e-103 3.28947368421e-103 0.00319522912956 2.09467260877e-103
tis 0.00277226650964 4.82563140325e-26 3.28947368421e-103 0.00337137569536 0.00209467260881
to 0.00749753084799 0.0289946101793 3.28947368421e-103 0.0198993680432 0.0517222959867
today 0.00142542362594 1.54062790927e-103 3.28947368421e-103 2.97486386344e-69 2.71340761316e-27
toil 9.45813086437e-75 1.54062791056e-103 3.28947368421e-103 8.47899921054e-61 0.00209467260877
tomb 1.42542362594e-103 1.54062790834e-103 0.00328947368421 3.19522912956e-103 2.09467260877e-103
tongue 0.00142542362594 1.54062790873e-103 0.00328947368421 2.26027464839e-66 2.09467260887e-103
tongues 0.00142542362594 1.54062790945e-103 3.28947368421e-103 2.28544258752e-59 2.09467260886e-103
too 5.16580571545e-56 0.00500154245189 3.28947368421e-103 3.15779128274e-55 0.00157848000212
took 0.00142542362594 9.4905024451e-103 0.00328947368421 3.19523774646e-103 2.37730046382e-33
torn 1.42542362594e-103 1.54062790834e-103 0.00328947368421 3.19522912956e-103 2.09467260877e-103
torture 0.00142542362594 1.49276237877e-17 3.28947368421e-103 3.19523153528e-103 1.57488110338e-72
towards 0.00142542362593 1.7142476646e-82 3.28947368421e-103 4.78639553681e-91 4.69146396078e-15
towers 1.42542362594e-103 0.00154062790834 3.28947368421e-103 3.19522926015e-103 2.09467260877e-103
transgression 1.42542362594e-103 1.54062791315e-103 3.28947368421e-103 3.19522912956e-103 0.00209467260877
treasure 1.42542362602e-103 0.00154062790834 3.28947368421e-103 1.75032939065e-40 1.5839959442e-61
trimmed 0.00142542362594 1.67047205252e-37 3.28947368421e-103 3.19522913022e-103 1.45555337654e-46
triumph 1.42542362594e-103 1.64110410522e-53 3.28947368421e-103 3.19522912956e-103 0.00209467260877
trouble 0.00142542362594 1.54062790873e-103 3.28947368421e-103 2.09367400751e-71 2.09467260885e-103
truant 1.42542362594e-103 1.54062790834e-103 3.28947368421e-103 0.00319522912956 2.09467260877e-103
true 0.00283208366505 2.25973440514e-35 0.00657894736842 2.20637075732e-72 0.00631159108289
truth 0.00142542362594 1.54062790873e-103 0.00328947368421 2.48214624202e-63 2.09467260884e-103
twain 1.42542362594e-103 1.54062790834e-103 0.00328947368421 3.19522912956e-103 2.09467260877e-103
two 1.42542362594e-103 0.00307249653072 3.28947368421e-103 0.00321339570014 2.09467262691e-103
tyrannous 0.00142542362594 1.04279558989e-62 3.28947368421e-103 3.19533536365e-103 2.09467277003e-103
tyrants 0.00142542362594 7.16665346705e-37 3.28947368421e-103 3.19536923201e-103 6.69639844517e-32
under 1.42542362789e-103 7.56580005322e-52 3.28947368421e-103 5.11348145026e-62 0.00209467260877
unkind 0.00142542362594 1.54062790834e-103 3.28947368421e-103 3.19522912956e-103 2.89397136792e-16
unperfect 1.42542362594e-103 0.00154062790834 3.28947368421e-103 9.65376118429e-41 2.09467262689e-103
unseen 1.42542362594e-103 1.54062790834e-103 0.00328947368421 3.19522912956e-103 2.09467260877e-103
unthrifty 1.42542362594e-103 1.54062790834e-103 3.28947368421e-103 0.00319522912956 2.09467260877e-103
untutored 1.42542362594e-103 7.09070618457e-64 3.28947368421e-103 3.19522912956e-103 0.00209467260877
unused 1.42542362594e-103 1.54062790857e-103 3.28947368421e-103 3.19522912956e-103 0.00209467260877
upon 0.00281927003963 1.54062791464e-103 3.28947368421e-103 0.00646124172767 1.80005640918e-66
urge 1.42542364423e-103 0.00154062790834 3.28947368421e-103 3.19522928091e-103 2.09467282892e-103
use 0.00142542362594 2.51474444725e-16 0.00986842105263 8.12479987309e-77 2.09467275987e-103
utmost 1.42542362594e-103 6.47987162205e-35 3.28947368421e-103 3.19522912956e-103 0.00209467260877
vacant 1.42542363234e-103 0.00154062790834 3.28947368421e-103 5.81846058007e-18 2.09467260877e-103
vassalage 1.42542362594e-103 1.54062790834e-103 0.00328947368421 3.19522912956e-103 2.09467260877e-103
verse 0.00285084725187 3.73002231091e-50 0.00328947368421 3.19523770598e-103 2.44378801462e-27
very 1.42542362594e-103 1.62091240084e-46 3.28947368421e-103 3.19522912956e-103 0.00209467260877
vex 0.00142542362594 1.54062791465e-103 3.28947368421e-103 3.19522912958e-103 1.84481470759e-65
vial 0.00142542362594 1.54062790934e-103 3.28947368421e-103 5.55573019173e-100 8.71334858513e-17
view 1.42542362594e-103 1.54062790834e-103 0.00328947368421 3.19522912956e-103 2.09467260877e-103
viewest 1.42542362594e-103 1.54062790834e-103 0.00328947368421 3.19522912956e-103 2.09467260877e-103
vile 1.00754462105e-09 1.5406279091e-103 3.28947368421e-103 8.98082166457e-87 0.00418934373695
violet 0.00142542362594 2.05663165346e-32 3.28947368421e-103 3.19522912956e-103 2.09467273303e-103
virtue 1.42542362594e-103 1.55278113306e-103 3.28947368421e-103 3.19522912956e-103 0.00209467260877
voice 0.00142542362594 1.54062791e-103 3.28947368421e-103 3.19534698855e-103 1.13594154691e-16
vow 0.00142542362594 1.54062790929e-103 3.28947368421e-103 3.19522912956e-103 2.09467273324e-103
vowed 0.00142542362593 1.54062790834e-103 3.28947368421e-103 3.19522913067e-103 1.65950858603e-14
wailing 1.42542362594e-103 3.17743924324e-61 3.28947368421e-103 3.19522912956e-103 0.00209467260877
wane 0.00142542362594 5.70933987274e-44 3.28947368421e-103 3.19524444451e-103 2.09467292384e-103
want 1.42542362594e-103 0.00154062790834 3.28947368421e-103 1.10120918807e-40 2.09467262689e-103
wantonness 1.42542362594e-103 1.54062790834e-103 0.00328947368421 3.19522912956e-103 2.09467260877e-103
war 1.42542362594e-103 1.54062790834e-103 0.00328947368421 3.19522912956e-103 2.09467260877e-103
warning 0.00142542362594 4.22745291309e-37 3.28947368421e-103 3.53341819646e-63 2.09467260877e-103
was 1.30361838263e-07 1.5378294899e-21 3.28947368421e-103 0.00320559732382 0.00627702925841
waste 0.00142542362594 1.20232678667e-36 3.28947368421e-103 3.19524284773e-103 5.10905248117e-45
wasted 1.42542362594e-103 4.69104576395e-38 3.28947368421e-103 3.19522912956e-103 0.00209467260877
waves 0.00142541043259 1.54062790964e-103 3.28947368421e-103 6.12794124647e-74 1.93877343898e-08
way 1.42542362594e-103 1.54062790834e-103 0.0131578947368 3.19522912956e-103 2.09467260877e-103
we 0.00285090087885 0.00154056994718 3.28947368421e-103 7.13514472544e-98 1.82845805579e-22
weak 1.96987489578e-74 0.00154062790834 3.28947368421e-103 1.08411488745e-93 1.85093257484e-38
wear 1.42542362594e-103 1.54062790834e-103 0.00328947368421 3.19522912956e-103 2.09467260877e-103
weary 1.42542362594e-103 1.54062790834e-103 3.28947368421e-103 0.00319522912956 2.09467260877e-103
well 0.0040762884613 0.000199634645677 3.28947368421e-103 9.93826702355e-32 0.00211712074904
were 5.06626411831e-25 1.87492102664e-46 3.28947368421e-103 9.69161748925e-69 0.0104733630439
weret 1.42542362594e-103 1.54062790834e-103 3.28947368421e-103 0.00319522912956 2.09467260877e-103
wert 5.53771940814e-60 1.54062791356e-103 3.28947368421e-103 5.4506933431e-61 0.00209467260877
wet 0.00142542362594 2.93903607397e-16 3.28947368421e-103 3.19522912956e-103 2.09467273301e-103
what 1.08300444335e-06 0.0143269634053 3.28947368421e-103 0.0150397165845 0.006269103622
whats 1.42542362594e-103 1.54062790834e-103 3.28947368421e-103 0.00639045825912 2.09467260877e-103
when 3.1604346276e-31 0.0148473174018 3.28947368421e-103 0.0540782642021 0.00301239825111
where 0.00161237177123 0.00256952189735 3.28947368421e-103 0.00383749136557 3.95126297178e-44
wherefore 0.0028508451346 2.28839006197e-09 3.28947368421e-103 6.80651663105e-22 2.09467260877e-103
wherein 0.00142542362594 1.54062790929e-103 3.28947368421e-103 3.19522912956e-103 2.09467273324e-103
whereof 1.42542362623e-103 0.00154062790834 3.28947368421e-103 3.56294575451e-41 3.86701007573e-28
whether 0.00285084725187 3.89513245048e-49 3.28947368421e-103 1.1416338576e-70 2.09467260881e-103
which 0.00832808944491 0.00621031346483 3.28947368421e-103 0.0129450444879 0.0022519186558
whilst 1.42542362594e-103 1.54062790834e-103 3.28947368421e-103 0.00958568738868 2.09467260877e-103
white 0.00142542362594 1.540627913e-103 3.28947368421e-103 3.19534018805e-103 3.93855572377e-22
who 1.04711708457e-35 0.00298036228813 3.28947368421e-103 0.0129901675243 6.52220370999e-13
whoever 1.42542362594e-103 1.54062790834e-103 3.28947368421e-103 0.00319522912956 2.09467260877e-103
whom 0.00285084725187 3.51531632173e-28 3.28947368421e-103 3.42738834884e-103 4.83600110808e-56
whose 0.00426590509662 1.01108958977e-42 3.28947368421e-103 0.00321846506126 1.61308140382e-52
why 1.05943050336e-25 0.00306018769549 0.00328947368421 0.0160513303733 0.00416870162079
widows 1.42542362594e-103 1.10408133065e-37 3.28947368421e-103 3.19522912956e-103 0.00209467260877
will 0.00659528405186 1.66319536873e-07 0.00328947368421 0.00321967759922 0.0091439716767
wilt 8.08828874407e-86 0.00308125581667 3.28947368421e-103 3.42302580604e-44 1.95682126884e-21
winds 0.00142542362594 8.9609353947e-36 3.28947368421e-103 9.13237911884e-62 2.09467260877e-103
wink 1.42542362618e-103 0.00154062790834 3.28947368421e-103 6.81203682476e-42 3.74877709583e-42
winter 1.58269595345e-40 0.00154062790834 3.28947368421e-103 1.8051242524e-45 2.40207869411e-48
winters 7.43815060638e-13 2.92881716025e-48 3.28947368421e-103 4.61937828758e-71 0.00628401782523
wise 0.00142542362594 2.57069635187e-91 3.28947368421e-103 2.17646527052e-64 2.09467260887e-103
wish 4.0213700495e-29 0.00154062790834 3.28947368421e-103 3.19522924391e-103 1.86581600201e-99
with 0.0305323324301 3.86659342096e-22 3.28947368421e-103 0.00323044763191 0.00957086770473
within 0.00033837952386 3.36400887249e-10 3.28947368421e-103 1.49667816604e-72 0.00369209306102
womans 1.42542362594e-103 1.54062790834e-103 3.28947368421e-103 0.00639045825912 2.09467260877e-103
words 3.32142342621e-09 0.000286877102342 3.28947368421e-103 8.4667238313e-41 0.0058939683376
work 0.00142542362594 1.54063025971e-103 3.28947368421e-103 3.19522912956e-103 2.09467273324e-103
world 0.00285083723323 1.08283620567e-08 3.28947368421e-103 1.96523336215e-51 6.55436002425e-19
worlds 1.42542362605e-103 0.00154062790834 3.28947368421e-103 5.93212954257e-46 2.09467262137e-103
worst 8.55897700817e-05 0.00144812068027 3.28947368421e-103 6.91297523856e-74 2.09467273426e-103
worth 3.02516977135e-46 0.00308125581667 0.00328947368421 1.99052536337e-43 4.25982634629e-33
worthless 1.42542362594e-103 2.52029615827e-44 3.28947368421e-103 3.19522912956e-103 0.00209467260877
would 0.00132887923073 1.18494059969e-39 3.28947368421e-103 3.19522912956e-103 0.00223654545028
wound 1.42542362594e-103 1.54062790835e-103 3.28947368421e-103 0.00319522912956 2.09467260877e-103
writ 0.00142542362594 2.71523332632e-42 3.28947368421e-103 3.19522997185e-103 1.38765127705e-75
write 1.42542362594e-103 1.54062790834e-103 0.00328947368421 3.19522912956e-103 2.09467260877e-103
writers 1.42542362594e-103 3.45123406803e-50 3.28947368421e-103 3.19522912956e-103 0.00209467260877
written 1.42542362594e-103 3.92418412764e-37 3.28947368421e-103 3.19522912956e-103 0.00209467260877
wrong 1.42542362594e-103 1.54062790834e-103 0.00328947368421 3.19522912956e-103 2.09467260877e-103
wrongs 1.42542362789e-103 8.16491996766e-14 3.28947368421e-103 3.22870663736e-46 0.00209467260866
yea 1.42542362598e-103 0.00154062790834 3.28947368421e-103 5.21070358225e-43 2.09467262464e-103
year 1.3979165632e-19 0.00154062790834 3.28947368421e-103 3.19522924328e-103 2.09467270233e-103
years 1.42542362783e-103 0.00154062790834 3.28947368421e-103 7.27381642633e-47 2.09467262079e-103
yet 0.00189751280218 3.49294549654e-06 3.28947368421e-103 0.00532497902363 2.09467260883e-103
you 0.0182318899196 0.00352297041197 0.00328947368421 2.70082322365e-62 0.00402760068506
young 0.00142542362594 1.54062791111e-103 3.28947368421e-103 3.19522913749e-103 4.85209676296e-16
youngly 0.00142542362594 1.67008785007e-34 3.28947368421e-103 3.19523056939e-103 1.93894884706e-73
your 9.99337735784e-49 0.0148281002587 3.28947368421e-103 0.00334513557152 0.00278250458623
youth 0.00285084725187 8.13105684555e-32 0.00328947368421 3.19523254429e-103 2.19703132199e-24
youths 0.00142542362594 1.54062790873e-103 3.28947368421e-103 7.0489910408e-63 2.09467260885e-103
