1.703503347998246030e-65 8.203290936379700847e-46 2.663882037921199708e-01 2.616355030126488734e-01 2.393789463586325494e-01 2.459184465317590057e-41 6.158528901649567101e-80 1.447290742536926633e-01 3.515823684369057177e-103 8.786827258290587361e-02 3.329137914962189124e-103 3.329935996947858862e-103
1.947594213028080654e-02 1.720273837463506196e-54 1.098123972153276788e-45 6.114218004696858327e-98 3.097738536695777816e-41 5.090868622603207662e-42 2.363558422120215886e-82 3.253622969880125806e-103 5.587277775288788371e-100 6.249639636283893570e-38 3.225408085097760540e-103 9.805240578697190790e-01
4.202435545395360039e-48 2.630697282311706864e-42 3.971617322557936536e-01 2.840597663339456419e-33 6.316047144996108209e-39 6.028382677442063464e-01 1.044401883657249455e-48 1.462522996954602760e-51 3.075800898304434441e-103 1.918887182350644179e-49 2.976780676837217668e-103 4.417613812313636738e-70
2.629792901017578843e-02 4.507581701420377528e-39 2.540687744096866152e-01 2.904164010598040436e-27 6.105252163819702149e-01 2.983373828889108452e-33 2.376918882204864280e-79 4.522114587673813626e-09 8.800594600721873631e-103 1.091080756760529069e-01 8.583183322612342895e-103 5.653211732767160981e-56
4.714209135335283411e-21 7.937802210536507586e-01 2.062197789463492970e-01 3.254614912639818325e-27 1.491672186895335790e-50 8.361872460889087238e-45 6.268163626773392106e-103 1.623358548502912057e-23 6.196891195956858442e-103 2.381520831398151110e-56 6.062978199346740771e-103 3.977872599850509126e-48
2.277637382914274613e-77 8.706162118934763772e-01 2.743233970249762453e-34 1.293161716713612797e-01 2.432804870598426137e-30 1.695013577988276476e-18 1.705049347962947706e-98 6.761643516240013047e-05 4.928191896396804970e-103 7.554416413928281350e-83 4.860633386684839525e-103 1.242595200238850871e-82
5.850224987234150361e-39 4.127285969135315121e-103 1.761832002705487189e-69 1.821948881429508217e-53 8.964349825625417049e-84 4.140431166750044043e-103 2.341557169232315582e-54 4.340690501158268044e-01 4.394013669179075562e-103 5.659309498841731401e-01 4.100937117694226081e-103 4.100937117694226081e-103
9.077628132511658121e-01 1.199144488398973914e-56 2.366177194142598308e-39 7.617609558827253730e-36 6.825415930344914950e-02 1.818631733814445590e-68 5.236079759528915765e-46 2.398302744538514594e-02 2.351458129628825141e-65 9.855674028337261824e-31 3.116505201720865082e-103 3.249363295062944307e-103
1.495631974420693555e-57 4.368472270641978834e-97 1.559844670142252095e-02 8.186553173080980683e-02 8.896448693153245132e-73 2.330950451154434680e-02 9.747207971825683602e-60 2.192864704380669324e-64 5.646877278143710432e-01 3.145387892418523568e-01 7.236715227321543576e-103 7.236715227321543576e-103
2.802917054166462358e-31 1.456843398094929615e-13 2.571840644114646857e-01 4.916579949280661940e-46 3.442558510912111471e-43 3.791462613006481331e-32 2.042068844043077113e-43 7.428159355883895421e-01 4.672591100188357905e-103 3.060997551580911537e-25 4.533703086077391190e-103 4.597034905517682956e-103
1.478823311069988129e-95 3.291048085723611405e-103 3.338985729093343344e-103 3.334811790718118834e-103 3.290406029079619138e-103 3.305190143520293796e-103 8.021273162218226505e-01 3.323590434659729891e-103 1.978726837781773218e-01 1.857399543787890315e-59 3.289473684210527112e-103 3.289473684210527112e-103
0.000000000000000000e+00 0.000000000000000000e+00 0.000000000000000000e+00 0.000000000000000000e+00 0.000000000000000000e+00 0.000000000000000000e+00 0.000000000000000000e+00 0.000000000000000000e+00 0.000000000000000000e+00 0.000000000000000000e+00 0.000000000000000000e+00 0.000000000000000000e+00
