3.326662486807394615e-60 1.858181906893241360e-30 8.511529748433642739e-01 7.477737257707751523e-19 1.493673381301752431e-33 1.488470251566357261e-01 1.120313573011832693e-47 9.856341783846782098e-36 1.933591348749845675e-17 3.375459432513779334e-65 6.067479205806317997e-103 6.084839855113306254e-103
2.719085988755722748e-42 4.891314359387315402e-01 2.871147371509149785e-11 4.696677827544579187e-01 4.120078127809899404e-02 1.155443008791682047e-27 6.226850198615694784e-23 2.616445456511979820e-37 1.972368829010053234e-18 1.275132175693616270e-28 2.858947852949235083e-103 6.740463734719231497e-70
3.397531608269904107e-28 2.329923634402411080e-31 2.729559259266046929e-16 2.862085668054977553e-32 2.258372780111334852e-24 2.453772241791813136e-01 8.916740509518779334e-02 1.971373667411774888e-01 4.683180039844530573e-01 3.465701749318646858e-61 4.118421363658443177e-103 4.124924321281435028e-103
3.854263145508538204e-64 2.090876870072512912e-39 2.187288639589256791e-21 4.417057092631646725e-02 3.887830107764643181e-55 1.813210733068022186e-91 7.285134507780989255e-01 1.441602957748291619e-60 2.865806265501831887e-02 1.986579156405663127e-01 3.433377320236676529e-103 5.573343728233047753e-39
1.987457906639795485e-40 6.104279165034623646e-39 3.620764169755494479e-34 2.668156320663664635e-66 1.097187947688877692e-87 2.869513773232689086e-43 3.523299371530024243e-47 1.000000000000000000e+00 3.236090760631605570e-28 1.173110855372125392e-65 7.923826361045958073e-103 7.943389012983536733e-103
2.264451479894155261e-56 9.274051246022375627e-01 7.843283901165237288e-27 1.422671384202843356e-47 2.970533499253481273e-52 6.001453361344305485e-37 3.506064067869404403e-35 7.259487539776250664e-02 3.930954830262723746e-31 3.584293409590512314e-66 8.681432782710996724e-103 8.683797197550968874e-103
5.645405565260317761e-03 8.312640776214321394e-28 4.296936006216845154e-42 2.819704633159036966e-01 2.484584930703351331e-103 2.207467698349989255e-80 5.997121140298207481e-10 1.416462731196014797e-42 3.401817160402332118e-20 7.123841305191238593e-01 2.470966857115794677e-103 2.348137153243447206e-20
7.646151737545174576e-03 3.939289488892428470e-01 5.620226587838871302e-01 8.805443007940633989e-25 2.822660271154621283e-74 4.698423200313612428e-48 1.020474936140087666e-31 4.850994994754823103e-20 3.640224058932494539e-02 1.440911596833598341e-35 5.481525845513572378e-103 5.485158578206504539e-103
4.054455750190591232e-61 2.311180739951668129e-40 1.323836405969401490e-25 3.796127298495061036e-24 2.277044986453909967e-80 4.768134870331805184e-55 3.548614062976889749e-01 3.361303811338132166e-46 6.437992194383514999e-01 1.339374263959334154e-03 2.767665922658929717e-103 7.179660133691182167e-42
4.179814304778141304e-49 1.271748402228942439e-51 2.590277508427980260e-43 8.440273733790245298e-10 1.996387505444349250e-95 4.250346037255857731e-49 1.223709366323334630e-01 6.706306566543973214e-83 3.311046377168027526e-35 5.323807556270394176e-03 2.869425180813712926e-103 8.723052549673687706e-01
5.300444106676547307e-01 2.915256093696987213e-64 5.886082003742591429e-54 2.282009578164505895e-87 3.677318608544324352e-01 1.022237284779129313e-01 3.295693042154655168e-103 1.330053505930335137e-53 5.436927561934324217e-74 3.291152043840901774e-103 3.289473684210526616e-103 3.289473684210526616e-103
0.000000000000000000e+00 0.000000000000000000e+00 0.000000000000000000e+00 0.000000000000000000e+00 0.000000000000000000e+00 0.000000000000000000e+00 0.000000000000000000e+00 0.000000000000000000e+00 0.000000000000000000e+00 0.000000000000000000e+00 0.000000000000000000e+00 0.000000000000000000e+00
