8.432163959835350941e-02 3.372063296568956227e-59 1.908599375912122626e-21 3.363948411647456685e-22 7.083717425929324518e-01 3.263709688483679886e-28 1.246724715691502953e-32 2.554397920874503652e-02 1.817626385999689953e-01 4.002314841764180825e-30 4.039562893928882310e-103 1.461652408670485569e-39
1.061939554901500053e-38 2.901190865191885954e-14 3.748250627821546307e-87 7.723159724446029170e-99 3.073839260386055263e-12 8.416607425366365858e-01 6.845203255452092918e-05 4.014465614922228635e-03 5.902221047755812233e-74 1.542563398127838881e-01 3.198213385885508616e-103 3.198428693142690799e-103
9.079268073517738674e-21 8.271287511102951613e-49 6.713611869238534760e-17 2.778998334680276572e-01 2.198753652743040965e-01 6.003688980253337123e-11 2.586424366548534267e-39 7.908689663172776616e-24 5.022248011976313542e-01 6.576657898203566192e-39 1.066428538570345347e-102 7.595653034808389518e-68
5.954122456986124350e-03 4.273245856938864284e-56 1.552282158918291876e-35 1.170574242348644545e-01 6.696196883568681668e-20 5.213888911375955017e-51 9.738925825399693702e-34 1.713500838237432038e-41 7.770845311687781725e-21 2.781345139271220943e-02 2.813383245035303539e-103 8.491750019154372664e-01
3.986102796734133779e-24 1.083498023814543939e-61 1.316538310349443095e-15 2.661612451761049068e-16 1.464857598180471510e-01 4.501309786808885618e-03 5.022038168888634172e-46 2.644398249405282924e-30 6.399725240944715843e-01 2.090404063006708613e-01 4.355188192560210943e-103 3.571900783096707028e-38
2.105234734733754775e-31 1.418695500014320299e-28 4.166647219532346371e-36 3.602123451672329809e-78 4.390462693088024729e-43 4.140765396565744827e-01 5.740239018582601327e-01 7.417694201183366933e-23 6.146219369057978060e-54 9.666112834844602444e-03 2.207121974723140214e-103 2.233445650320766557e-03
7.730667696843974466e-12 2.059861614054400714e-02 2.626161974386519993e-01 7.093062534295624472e-84 3.071825926360735664e-37 8.467662894628697186e-13 3.854069831641008630e-16 7.167851864122261052e-01 4.529535019661869682e-27 2.938306168137025003e-40 3.844683725993022880e-103 1.156569944506998148e-92
8.869548630310800652e-01 4.804245054794011093e-83 1.076750918676475238e-01 2.406405648656671230e-15 8.880944236538160005e-25 5.370045101269794140e-03 1.531648904317733178e-33 2.300017837533806940e-33 1.343124012534558949e-16 5.831427367364348129e-20 4.228420383486682116e-103 9.464752569227338145e-72
4.929890978077571566e-26 2.570300334450287524e-69 1.250860235702192946e-20 9.999950929633484309e-01 6.529116365787169107e-25 2.470244485635531917e-41 1.350899969011044261e-32 3.922008291119098130e-56 4.907036651610285392e-06 2.232233471484164397e-21 3.474887929448364002e-103 1.450719685501868663e-38
1.339499907279401159e-01 3.001821636072318777e-02 6.832781283080194589e-28 2.467380572823828024e-39 3.667254169470859841e-36 5.857215100920021359e-22 1.018319115918904125e-39 3.844571031700490527e-01 4.411310918273991244e-01 4.475208228885872146e-26 9.050127026647593546e-103 1.044359791388853667e-02
1.204515267440301325e-77 1.000000000000000000e+00 8.778100184970404899e-41 3.310693814721306359e-103 4.952974849070186168e-48 2.463918787064767906e-24 4.644647630214303205e-82 6.152116082648464852e-47 3.297008747930296535e-103 6.365651142013600135e-81 3.289473684210526616e-103 3.289473684210526616e-103
0.000000000000000000e+00 0.000000000000000000e+00 0.000000000000000000e+00 0.000000000000000000e+00 0.000000000000000000e+00 0.000000000000000000e+00 0.000000000000000000e+00 0.000000000000000000e+00 0.000000000000000000e+00 0.000000000000000000e+00 0.000000000000000000e+00 0.000000000000000000e+00
