1.683146926244086968e-37 4.634803436470286697e-01 3.607084022123243518e-18 4.710554667744937252e-02 1.030922650199307649e-37 2.919135906275070469e-01 7.974679808292611116e-24 5.125983520642486208e-86 3.208545735202167348e-02 1.654150616959932096e-01 5.108359847188968708e-103 3.912523323802013475e-69
5.040818572522875867e-24 4.884499053852941336e-02 1.389165774954672326e-02 1.601536731019858606e-01 2.330421789741446981e-01 5.440674990121385779e-01 1.209363630331547214e-28 4.194057394466614190e-55 6.233931348235121877e-10 3.067739404785496099e-38 4.080832986732385657e-103 2.614946217261046340e-13
4.218179271469614230e-52 3.831438311418639530e-42 5.602413797497733838e-09 4.331018151412032332e-55 2.191933768701527653e-89 6.121243368645595079e-16 1.475622516352061172e-60 3.550337385223716721e-103 9.999924209971349232e-01 7.573400449665078863e-06 3.544569532060874390e-103 9.572985811426790772e-16
6.056762643360151521e-02 5.707476074908952138e-40 3.077901274511790839e-32 2.025022596302360871e-17 7.690397525252728516e-19 2.041985161462600553e-13 8.842907164697000333e-01 8.325050413269586864e-32 4.481493699695310098e-29 5.514165709649435088e-02 7.402292847462207206e-103 3.752721761583497944e-22
4.030843286639940119e-43 3.774143992421030158e-01 2.009341430393274190e-39 3.549987122677922824e-01 1.038693643546564933e-05 7.016316578493250233e-31 1.324297816873991906e-40 2.230656956639843633e-44 2.603710211424246631e-43 2.675765015536693547e-01 5.855750567391217968e-103 9.188385392705888887e-57
2.330566523884676896e-25 1.011033885170630685e-41 7.970001657152199215e-01 1.343791918890463975e-02 2.853319415989128059e-46 7.984495658934050794e-09 5.193622182435952331e-29 1.089054882177724901e-59 1.603691282749006297e-01 1.259533837781562505e-26 3.069489280836885754e-103 2.919277883647912117e-02
1.560370103677293216e-49 4.759278200271128744e-19 5.512194298468237642e-26 2.044999700770662766e-29 1.993351461552925895e-95 6.668698401184163238e-01 3.226381133323540373e-01 8.019507056136876820e-97 1.049204654922955039e-02 1.008816468170053228e-33 5.670116122942726414e-103 1.203993567235578927e-30
1.996631344453253646e-47 2.562399354910195326e-01 1.539754322929154726e-63 7.113429087724354449e-02 3.738947546077273087e-01 6.031842430826193674e-46 9.295421039968203479e-31 3.267398826369077315e-55 4.980593725137762446e-86 2.987310190240095586e-01 3.289473684210526616e-103 3.289473684210526616e-103
3.249417635179791680e-02 3.438992674792224380e-54 5.514714231186575166e-02 3.587045160280245060e-95 1.517599877991281551e-91 5.122373173515032407e-02 4.194972833644814237e-40 3.803351631119781526e-78 9.308684155970109453e-03 6.537690650463233156e-80 2.892553531992459086e-103 8.518262654452158911e-01
9.999999999999901190e-01 2.211782480724191089e-33 3.459488798036649783e-45 9.831293163593105107e-15 7.815194488753887956e-32 1.001395573057390685e-19 4.221412176532378412e-36 1.655846662265906449e-46 1.852282752975337049e-27 1.248491135396493651e-47 5.670813727633424195e-103 1.553359571078420801e-49
2.381344134002631025e-35 1.380202847882644026e-97 3.298817287156076521e-103 3.308295046569109801e-103 2.269060621581682733e-34 2.268743630617442135e-101 6.418217096711276582e-75 1.000000000000000000e+00 3.289758472579881059e-103 3.298860484796687103e-103 3.289473684210526616e-103 3.289473684210526616e-103
0.000000000000000000e+00 0.000000000000000000e+00 0.000000000000000000e+00 0.000000000000000000e+00 0.000000000000000000e+00 0.000000000000000000e+00 0.000000000000000000e+00 0.000000000000000000e+00 0.000000000000000000e+00 0.000000000000000000e+00 0.000000000000000000e+00 0.000000000000000000e+00
