1.296362263472654851e-22 5.159323988637289672e-59 4.677810643714713223e-01 8.881491969326979613e-39 9.883933561780637589e-02 2.055766966898022741e-01 2.858074521645166841e-18 1.533791286164388423e-54 3.771998974985511837e-98 2.278029033209199306e-01 4.176608488851866832e-103 4.211010928629271601e-103
1.537140727915929947e-99 8.640589214608092317e-02 1.737134646886787884e-72 3.349195724784472292e-87 4.967707220831930025e-03 2.356853785139321947e-72 1.886918224012917172e-02 5.808066982340905071e-02 1.371990358974457564e-64 2.260945567510166780e-34 3.181173309536213704e-103 8.316765485695489790e-01
1.223462797306056808e-53 4.611945116559333284e-34 1.691870042399003226e-44 5.934049105498300709e-45 7.603432721350203245e-56 5.728855093039509905e-01 2.645006184540692767e-39 2.277046811445316722e-17 3.730830664743027928e-103 4.271144906960490095e-01 3.675475041872635150e-103 3.795151807142457709e-103
7.948674195316808332e-37 2.369264828750068941e-01 4.505847751163578868e-82 8.716900425932291176e-69 6.440766105398943592e-03 6.887100624600029999e-48 7.566327510195942629e-01 6.480504910480893553e-98 8.080686298595478935e-79 1.997192180258769033e-51 7.430038309748006041e-103 7.671949328083799868e-103
4.919873019543172432e-71 8.347546929133735638e-01 8.513612232177755756e-02 4.172523742317756171e-68 2.968523816100876369e-03 1.600531026251013806e-25 6.911686116552766596e-59 7.714066094874812152e-02 1.058914624165902475e-68 1.334827698016874335e-34 3.305172452079053754e-103 1.579168200868049780e-70
1.741852903495904572e-29 1.021856067639579854e-02 4.595633390625229464e-01 2.783786568050067300e-01 4.948500022668660695e-35 9.038125808532916245e-19 2.107707340947919964e-20 1.635770544450722563e-01 2.230508734805046682e-94 4.804678091417976442e-38 3.729364994222493439e-103 8.826238901100243173e-02
1.300856473431750629e-45 5.293566470910974733e-47 7.623951536740297685e-02 1.586593156525484827e-01 1.141775324779333196e-02 1.556660946135913970e-45 1.472922789420874623e-01 1.106148424623910086e-55 1.972839755245447123e-78 6.063911367901676508e-01 6.876666547410260026e-103 1.180955438631412257e-50
1.430729788355798171e-01 6.914692072794431305e-66 5.164013347937237709e-69 1.345315907825403734e-88 8.569270211644202107e-01 8.971476350612258816e-20 1.948048585235373607e-78 2.078878827293082683e-53 5.823525908330853911e-103 9.255432645828914779e-47 5.154769937173423050e-103 1.198061061845609155e-76
7.795959307139246341e-01 3.758475252597902292e-103 4.735264685538031969e-29 4.626808970928444271e-101 2.643786346075977259e-101 2.042420484771107214e-01 3.808639042679885099e-64 3.445154041351774429e-91 1.616202080896442586e-02 9.168323116562091750e-59 3.683015650704387697e-103 3.683015650704387697e-103
2.678899958251796914e-18 2.129604286484458441e-21 2.085291113155410194e-24 1.206322373711634356e-38 4.158052732933089080e-01 2.934776766029751488e-02 6.269775702536586892e-02 4.191716506086416993e-01 4.231123683937399827e-98 8.911249158467552655e-19 3.862045620052508281e-103 7.297755141238596033e-02
9.411049297209478990e-101 3.322661061936984076e-103 2.030173289132780040e-75 1.212882460988673194e-01 3.337850315667435612e-103 3.322908277317650421e-103 3.434425908776876259e-103 3.368403010247420914e-103 8.787117539011326528e-01 5.169840331977484165e-87 3.289473684210526616e-103 3.289473684210526616e-103
0.000000000000000000e+00 0.000000000000000000e+00 0.000000000000000000e+00 0.000000000000000000e+00 0.000000000000000000e+00 0.000000000000000000e+00 0.000000000000000000e+00 0.000000000000000000e+00 0.000000000000000000e+00 0.000000000000000000e+00 0.000000000000000000e+00 0.000000000000000000e+00
