 0 1 2 3 4
abide 0.00280760504491 2.01938081072e-103 2.45571596632e-103 1.77374695986e-103 1.87044631871e-103
about 0.00280760504491 2.01938081072e-103 2.45571596632e-103 1.77374695986e-103 1.87044631871e-103
absence 2.80760504491e-103 2.01938105225e-103 2.4557159667e-103 1.77374695986e-103 0.00187044631871
absent 2.80760509363e-103 2.99454960205e-19 0.00491143193196 4.86883005547e-13 9.8003338691e-53
abundance 2.80760504491e-103 0.00201938081072 2.45571596632e-103 1.77374809505e-103 1.87044631871e-103
action 2.80762865814e-103 0.00401068078862 1.08664435856e-50 1.77374802298e-103 0.00189645611838
active 2.80760504491e-103 9.40465884933e-07 0.00245457229046 1.77374701747e-103 1.87044632031e-103
added 2.80760505443e-103 4.57478992382e-08 5.05140654375e-46 2.67451634203e-52 0.00187040394483
addition 2.80760504491e-103 2.0193810524e-103 2.45571596632e-103 1.77374695986e-103 0.00187044631871
admit 2.80760504491e-103 2.6891094322e-47 2.45571596632e-103 0.00177374695986 1.87044631871e-103
advantage 2.80760504491e-103 2.01938105214e-103 2.45571596644e-103 1.77374695986e-103 0.00187044631871
advised 2.80760504491e-103 2.01938105237e-103 2.45571596632e-103 1.77374695986e-103 0.00187044631871
affections 2.80760504491e-103 2.01938089212e-103 2.45571596697e-103 1.77374695986e-103 0.00187044631871
after 2.80760504491e-103 0.000345889135384 2.45571596654e-103 1.12732257324e-21 0.00342051370912
afterwards 2.80760504622e-103 2.01938100754e-103 3.49460293566e-64 0.00177374695986 2.59548282974e-38
against 2.80760504503e-103 0.00206826775134 1.98126507878e-72 0.00173080653879 1.93222408679e-48
age 0.00280760504491 2.01938081072e-103 2.45571596632e-103 1.77374695986e-103 1.87044631871e-103
air 0.00280760504491 2.01938081072e-103 2.45571596632e-103 1.77374695986e-103 1.87044631871e-103
alchemy 0.00561521008982 2.01938081072e-103 2.45571596632e-103 1.77374695986e-103 1.87044631871e-103
all 4.1389708131e-37 0.0233618523805 8.40686898126e-14 0.0140111206914 0.00286555166312
allow 0.00280760504491 2.01938081072e-103 2.45571596632e-103 1.77374695986e-103 1.87044631871e-103
alone 0.00280760504894 0.0060581424292 7.01589059412e-15 3.01695156503e-28 4.14879674762e-14
although 2.80760504491e-103 3.83141716446e-48 8.03107882657e-10 0.00354749333965 1.87044631871e-103
am 2.80760504491e-103 0.00515649806583 0.00355218305931 2.59298208327e-19 0.00187044551122
among 2.80760504491e-103 2.01938081072e-103 0.00245571596632 1.77374731374e-103 1.87044631871e-103
an 2.80760504491e-103 2.40838622295e-29 1.6798305696e-56 0.00532124087959 1.78244259815e-29
and 5.5382633937e-62 3.7105746157e-16 0.0291888809294 0.107736516283 0.00631162406268
annoy 0.00280760504491 2.01938081072e-103 2.45571596632e-103 1.77374695986e-103 1.87044631871e-103
another 0.00280760504491 2.01938081072e-103 2.45571596632e-103 1.77374695986e-103 1.87044631871e-103
appear 0.00280760504491 2.01938081072e-103 2.45571596632e-103 1.77374695986e-103 1.87044631871e-103
appetite 0.00280760504491 2.01938081072e-103 3.58130149308e-62 0.00177374695986 3.99534772783e-67
april 0.00280760504491 2.01938081072e-103 2.45571596632e-103 1.77374695986e-103 3.17703000618e-55
are 1.2712304973e-38 0.00313290046477 1.64283248184e-06 0.0065249438853 0.0107911529185
aright 0.00280760504491 2.01938081072e-103 2.45571596632e-103 1.77374695986e-103 1.87044631871e-103
array 0.00280760504491 2.01938081072e-103 2.45571596632e-103 1.77374695986e-103 1.87044631871e-103
art 0.00928848313341 0.00878483332 3.68166200035e-16 6.56298242761e-13 0.00437948066555
as 2.80760507848e-103 0.0114254753149 0.00740588329723 0.00767379024236 1.90461972307e-18
assistance 6.03279117144e-74 2.01938081077e-103 0.00245571596632 4.39842912137e-17 8.25488223232e-89
assured 2.80760504491e-103 2.01938101936e-103 2.45571596799e-103 1.77374695986e-103 0.00187044631871
astronomy 0.00280760504491 2.01938081072e-103 2.45571596632e-103 1.77374695986e-103 1.87044631871e-103
attaint 2.80760504491e-103 2.0193810524e-103 2.45571596632e-103 1.77374695986e-103 0.00187044631871
audit 8.2655299254e-43 6.25704682499e-38 0.00245571596632 7.54519400852e-87 7.13362519681e-48
away 0.00561521008982 2.01938081072e-103 2.45571596632e-103 1.77374695986e-103 1.87044631871e-103
bad 5.92678300234e-33 2.8076585212e-15 0.00245571596632 1.55298176075e-68 6.725406679e-28
bail 2.80760504492e-103 0.00201936957448 1.36640957236e-08 1.77375900133e-103 1.22354988623e-71
bare 2.80760504491e-103 0.00201938074301 0.00245571604865 1.77374695986e-103 7.07001764018e-82
bareness 2.80760504491e-103 2.0193810524e-103 2.45571596632e-103 1.77374695986e-103 0.00187044631871
barren 2.80760504491e-103 0.00201938098774 2.59850455887e-22 1.77374697928e-103 0.00187044615473
bars 2.80760504491e-103 2.01938081072e-103 8.70363415337e-63 0.00177374695986 4.63934797104e-67
base 2.80760504491e-103 2.01938081072e-103 2.45571596632e-103 0.00177374695986 1.87044632611e-103
bastard 2.80760505471e-103 2.01938097816e-103 2.45571596658e-103 3.89046520346e-53 0.00374089263741
be 0.00787967692508 0.000141431006702 0.00778431199589 5.00245718209e-48 0.013006225064
bear 2.80760504491e-103 2.8653489014e-26 2.74553779174e-64 0.00177374695986 2.03368543305e-20
bearer 2.8076051398e-103 1.37582779531e-47 0.00245571596632 1.77374700604e-103 3.57802886937e-77
bearing 0.00280760504491 2.01938081072e-103 2.45571596632e-103 1.77374695986e-103 1.87044631871e-103
beauties 2.80760504491e-103 2.0193810524e-103 2.45571596632e-103 1.77374695986e-103 0.00187044631871
beauty 2.80760513783e-103 0.00454232781059 0.00157281518662 1.77374715255e-103 0.00207649886828
beautys 2.80760504491e-103 1.29549101479e-74 2.45571776826e-103 1.77374836054e-103 0.0112226779122
been 2.80760504491e-103 0.00201938081072 2.45571609617e-103 1.77374695986e-103 5.53892367567e-27
before 0.00290738827506 2.01938098687e-103 0.00482415495901 2.24107881079e-16 1.27488856762e-58
beggar 2.80760504491e-103 2.0193810524e-103 2.45571596632e-103 1.77374695986e-103 0.00187044631871
beguile 0.00280760504491 2.01939061353e-103 2.48800394263e-103 2.72191705112e-64 4.47603901838e-55
beguiled 0.00280760504491 2.01938081072e-103 2.45571596632e-103 1.77374695986e-103 1.87044631871e-103
behold 0.00561521008982 4.53856714877e-86 2.44346501769e-15 1.77374699666e-103 5.81753743001e-44
being 0.00280760504491 7.03841934266e-08 1.43260210169e-77 0.00217502925493 0.00144722212452
believe 2.80760504491e-103 1.7940994529e-69 3.30568620835e-59 0.00177374695986 2.44090088859e-56
bell 0.00280760504491 2.01938081072e-103 2.45571596632e-103 1.77374695986e-103 1.87044631871e-103
beloved 2.80760504491e-103 0.00201938081072 3.39160605035e-38 1.77374695989e-103 1.87044631871e-103
bends 2.80760504491e-103 0.00201938081072 1.41378745736e-93 1.47455349435e-30 1.500181783e-79
benefit 2.80760504491e-103 9.45716353094e-10 5.83854111351e-76 2.00946041774e-16 0.00187044544274
bent 2.48290649413e-55 2.02009654094e-103 6.7188218697e-11 0.00177374691133 7.32970419831e-50
beside 0.00280760504491 0.00201937416294 2.08926959484e-38 1.04168048082e-98 6.15748761166e-09
besmeared 2.80760504491e-103 2.01938081072e-103 2.45571596632e-103 0.00177374695986 1.87044632054e-103
best 2.80760504618e-103 0.00274530665988 1.50794230363e-31 0.00113612142574 1.07573102256e-18
better 2.80760504819e-103 3.5318072857e-12 2.32413312611e-43 3.98882980846e-20 0.00374089263414
beweep 2.80760513975e-103 1.27426394871e-16 0.00245571596632 1.77374745964e-103 1.76677220586e-34
beyond 2.80760504491e-103 7.23498383193e-52 2.16925539517e-87 0.00177374695986 1.87044631871e-103
birds 2.80760504491e-103 2.01938100219e-103 2.45571596854e-103 1.77374695986e-103 0.00187044631871
black 2.80760504491e-103 2.01938081072e-103 0.00245571596632 1.77374731374e-103 1.87044631871e-103
blessed 1.13064672605e-31 5.76356932537e-14 0.00491143193257 1.36693541005e-46 3.12961694125e-63
blessing 2.80760504491e-103 2.01938081072e-103 4.70814164341e-63 0.00177374695986 7.42328566212e-62
blind 2.80760504491e-103 0.00201938080094 1.1892413312e-11 3.00297788634e-80 1.87044631871e-103
blood 0.00280760504491 2.01938081072e-103 2.45571596632e-103 1.77374695986e-103 1.87044631871e-103
bloody 2.80760505803e-103 2.0193817782e-103 6.94638229486e-64 0.00177374695975 1.15857183914e-13
blunter 2.80760504621e-103 2.01938099154e-103 7.07160381221e-52 0.00177374695986 1.92463302843e-38
blunting 2.80760504491e-103 0.00201938081072 2.05879290526e-49 1.69770442854e-91 2.49868137276e-56
boast 0.00280760504491 2.01938081072e-103 2.45571596632e-103 1.77374695986e-103 1.87044631871e-103
bodys 2.80760504491e-103 1.00468217038e-18 2.45571596724e-103 1.77374695986e-103 0.00374089263741
bonds 2.8076050483e-103 0.00403876162054 1.08689138631e-12 1.77375211414e-103 1.67566232239e-60
bones 7.29168548508e-65 0.00201938081072 1.75743064343e-63 3.44058993601e-88 4.13296650557e-62
book 0.00561521008982 2.01938085234e-103 8.32762822849e-33 1.77374695986e-103 1.21359577048e-57
boot 2.80760524737e-103 0.00201938081072 4.30940077682e-55 7.69762767535e-87 1.43561464938e-52
bore 2.80760504491e-103 2.01938081074e-103 3.42768929299e-44 0.00177374695986 5.13129089987e-70
born 0.00280760504491 1.61785595386e-16 4.23757575158e-58 0.00177374695957 3.10616642352e-13
borne 2.80760504491e-103 2.01938081354e-103 2.45571596731e-103 1.77374695987e-103 0.00187044631871
both 2.80760504705e-103 0.00201938081072 1.57025137667e-45 4.71935482484e-53 2.49919525785e-33
bound 2.80760508825e-103 4.53009040122e-39 0.00491143193264 6.46717988396e-53 6.85974497966e-51
brains 2.80760504491e-103 2.01938085479e-103 2.45571596667e-103 1.77374695986e-103 0.00187044631871
brand 0.00280760504491 2.01938081072e-103 2.45571596632e-103 1.77374695986e-103 1.87044631871e-103
brass 2.80760504551e-103 0.00194002655175 0.00255221659646 1.49208257087e-41 1.71129841796e-91
brave 2.80760504491e-103 1.0256305139e-09 0.00245571471908 1.77374703246e-103 1.87044631871e-103
bravry 1.69524269568e-17 1.42071691627e-28 0.00245571596632 6.58850773988e-78 3.63720122346e-55
breast 2.8076050531e-103 7.69333212861e-11 3.14539268165e-46 8.62396092973e-48 0.00187044624745
breathe 0.00280760504491 2.01939173553e-103 2.17189292592e-91 5.22779111407e-34 5.00079155914e-26
breathed 2.80760504491e-103 2.3493647977e-37 2.41902364603e-26 0.00177374695986 1.87044631871e-103
breeds 0.00280760504491 2.01938081072e-103 2.45571596632e-103 1.77374695986e-103 1.87044631871e-103
bright 0.00271544813258 5.55452512694e-19 2.45571642298e-103 1.72044294364e-41 0.00193184190486
brightness 2.80760504547e-103 0.00200591526544 1.63750959474e-05 2.2880177916e-20 1.15975508525e-27
bring 2.80760504491e-103 2.01938105224e-103 2.45571596673e-103 1.77374695986e-103 0.00187044631871
broke 2.80760504491e-103 2.01938081072e-103 2.45571596632e-103 1.77374695986e-103 0.00187044631871
brood 0.00280760504491 2.01938081072e-103 2.45571596632e-103 1.77374695986e-103 1.87044631871e-103
brow 0.00561521008982 2.01938081072e-103 2.45571596632e-103 1.77374695986e-103 1.87044631871e-103
bud 0.00280760504491 2.01938081072e-103 2.45571596632e-103 1.77374695986e-103 1.87044631871e-103
built 0.00280760504491 2.01938081072e-103 2.45571596632e-103 1.77374695986e-103 1.29247431807e-55
buried 0.00280760504491 2.01938081072e-103 2.45571596632e-103 1.77374695986e-103 0.00187044631871
burn 2.80760504506e-103 0.00197711512963 9.28445084021e-18 5.50679928267e-34 0.00190959479787
burning 2.80760504491e-103 0.000880936864184 0.00138443178291 1.77374696079e-103 4.09699859235e-14
burthen 0.00280586842202 2.01938081073e-103 2.45571596632e-103 3.65882830969e-41 1.15695044188e-06
but 2.71150062412e-47 1.19768512951e-20 0.0258977426259 0.00435294691274 4.17029542091e-50
by 2.80760505418e-103 0.00206530300902 4.12342801728e-08 0.0194078344011 0.00380734415384
call 2.80760504491e-103 0.00172405054391 0.000359143380824 1.77382502475e-103 8.99485879298e-40
called 2.80760504491e-103 5.60943558218e-90 0.00245571596632 8.21301593013e-59 1.87044631871e-103
came 2.80760504491e-103 1.05817495842e-44 2.45571596632e-103 0.00177374695986 1.87044631871e-103
can 4.56239001534e-37 2.40513129118e-23 0.00243957880479 0.00177262108201 0.00375437109405
canker 2.80760506995e-103 0.00192137101787 3.6552014388e-09 1.35737097439e-22 0.00196122485497
carry 2.80760504754e-103 5.95724091346e-18 8.6294977418e-48 0.00177374695986 2.23541093566e-18
censures 2.80760504491e-103 0.00201938081072 5.27516405804e-76 8.61284160556e-16 1.87044631871e-103
change 0.00280760507594 1.50793533235e-06 0.00245388217862 1.77374705255e-103 2.18226796596e-89
charactered 2.80760504491e-103 0.00201938081072 2.45571628894e-103 1.77374695986e-103 6.45423293552e-22
child 0.00280760504491 6.42887928648e-64 0.00245571596632 1.94058934796e-19 2.29498120295e-81
choirs 2.80760504491e-103 2.0193810524e-103 2.45571596632e-103 1.77374695986e-103 0.00187044631871
churl 2.80760504491e-103 0.00201938081072 7.1900547628e-21 1.77374696049e-103 1.87044631871e-103
clearer 0.00280760504491 2.01938081072e-103 2.45571596632e-103 1.77374695986e-103 1.87044631871e-103
cloak 0.00280760504491 2.01938081072e-103 2.45571596632e-103 1.77374695986e-103 1.87044631871e-103
cold 2.80760504491e-103 0.00403876162143 1.66695263772e-61 1.77374695987e-103 3.69081982024e-50
coloured 2.80760504491e-103 2.0193810524e-103 2.45571596632e-103 1.77374695986e-103 0.00187044631871
come 0.00280760504491 2.01938081072e-103 2.45571596632e-103 1.77374695986e-103 1.87044631871e-103
comfort 2.57844984153e-27 8.60145469011e-12 0.00193035997744 5.15497130387e-68 0.00227059445038
commend 0.00280760504491 2.01938081072e-103 2.45571596632e-103 1.77374695986e-103 1.87044631871e-103
comment 0.00280765765778 2.53456632115e-26 9.427778398e-13 0.00177371372021 6.35428627582e-84
comments 2.80760504491e-103 0.00201787770646 2.79662891102e-64 2.25940496112e-58 1.39224647632e-06
compiled 0.00280760504491 2.01938081072e-103 2.45571596632e-103 1.77374695986e-103 1.87044631871e-103
compounds 2.80760513977e-103 1.43527423616e-43 0.00233074637379 1.77374704719e-103 0.00196563196619
concord 2.80760531769e-103 0.00194783226569 8.70083064402e-05 1.77374843878e-103 2.6060396164e-72
confined 2.80760504491e-103 2.01938105226e-103 2.45571596634e-103 1.77374695986e-103 0.00187044631871
confounds 0.00280760504491 2.01938081072e-103 2.45571596632e-103 1.77374695986e-103 1.87044631871e-103
conquest 2.80760504805e-103 9.27545871574e-05 2.45571631284e-103 1.77374695992e-103 0.00178453261923
conscience 2.80760504494e-103 1.88777861191e-14 0.0024557159663 1.12634991629e-69 1.71834640032e-96
consumst 1.80062221797e-61 0.00201938081072 7.25298054335e-42 2.5673747189e-59 1.12184593771e-65
contend 0.00280760504491 2.01938081072e-103 2.45571596632e-103 1.77374695986e-103 1.87044631871e-103
control 2.8076050488e-103 2.01938081072e-103 3.0950377932e-66 0.00177374695986 2.85757642353e-25
convertest 0.00280760504491 2.01938081072e-103 2.45571596632e-103 1.77374695986e-103 1.87044631871e-103
coral 2.80760504491e-103 2.01944625385e-103 0.00245571596632 1.07874356887e-73 1.87044631871e-103
correspondence 2.87823651888e-50 4.58591391053e-38 1.36475280312e-14 0.00177374695985 3.55823734395e-44
cost 0.00280304850554 2.01938081073e-103 2.45571596632e-103 1.39217792768e-41 3.03559872431e-06
costly 2.80760504491e-103 2.01938105238e-103 2.45571596632e-103 1.77374695986e-103 0.00187044631871
could 2.80760504534e-103 2.01938081072e-103 3.48656686746e-16 0.00177374695986 9.71302734887e-56
cover 0.00280760504491 2.01938081072e-103 2.45571596632e-103 1.77374695986e-103 1.87044631871e-103
creatures 2.80760506452e-103 2.01938081072e-103 2.45571596632e-103 2.16077888012e-48 0.00187044631871
cross 0.00280760504491 2.01938081072e-103 2.45571596632e-103 1.77374695986e-103 1.87044631871e-103
crow 2.80760504491e-103 1.35305163302e-42 1.37156500245e-40 0.00177374695986 1.87044631871e-103
cruel 0.00280760504491 0.00201938081067 2.45571596692e-103 1.77374695986e-103 4.24414263946e-14
crushed 2.80760504491e-103 2.01938081072e-103 2.45571596632e-103 0.00177374695986 1.87044632611e-103
curls 0.00280760504491 2.01938081073e-103 2.45571596632e-103 1.19326533946e-46 3.35208871227e-53
curse 2.80760504531e-103 1.62655799992e-07 1.0917026421e-69 1.68652277642e-12 0.00187029565741
dark 2.80760504491e-103 2.01938104168e-103 2.45571596632e-103 1.77374695986e-103 0.00187044631871
darkening 2.80760504491e-103 1.33682164742e-48 5.90993891834e-30 0.00177374695986 1.87044631871e-103
darkly 2.80760504491e-103 3.03515455337e-10 4.24330410426e-85 3.03998048817e-28 0.00187044603758
date 0.00583521365306 3.75688608074e-72 0.00226328638514 1.77374695986e-103 2.12589485532e-70
day 0.00578169977418 9.80302253842e-13 0.0071797534545 3.64350696031e-22 0.00377270884581
days 2.80760504492e-103 2.35240578877e-05 3.96323190163e-102 4.39774403953e-83 0.00184865722016
dead 0.00561521008982 2.01938081072e-103 2.45571596632e-103 1.77478117705e-103 1.07787182418e-56
dear 2.80760504491e-103 1.21274198701e-23 2.45571596702e-103 1.77375473909e-103 0.00561133895612
dearer 0.00280760504491 2.01938081072e-103 2.45571596632e-103 1.77374695986e-103 1.87044631871e-103
dearly 0.00280760504491 2.01938081072e-103 2.45571596632e-103 1.77374695986e-103 1.87044631871e-103
dearths 5.45376572177e-26 5.00034414107e-69 0.00245571596632 3.15853034304e-54 1.07441902122e-54
death 2.80760513977e-103 2.51887635103e-10 0.00491143162632 1.77374738706e-103 1.24408067655e-36
debarred 2.47896909707e-42 7.11971240339e-33 0.00245571596632 5.77468888439e-38 2.34850387089e-44
debt 0.00280760504491 2.01938081072e-103 2.45571596632e-103 1.77374695986e-103 1.87044631871e-103
deceased 2.80760504491e-103 2.01938098351e-103 2.45571596695e-103 1.77374695986e-103 0.00187044631871
deceived 2.80760504491e-103 2.01938105281e-103 2.45571596644e-103 1.77374695986e-103 0.00187044631871
decembers 2.80760504491e-103 2.01938081072e-103 5.22238862694e-64 0.00177374695986 1.85659631936e-68
deeds 0.00280760505443 7.81240761847e-08 2.95088665391e-38 0.00178840707631 0.00185491460816
deep 2.80760504491e-103 0.00403876162143 7.57215575205e-19 2.31774812473e-52 1.87044631871e-103
defects 0.00280760504491 2.01938081072e-103 2.45571596632e-103 1.77374695986e-103 1.87044631871e-103
defence 0.00280760504491 2.01938081072e-103 2.45571596632e-103 1.77374695986e-103 1.87044631871e-103
delights 2.80760504491e-103 7.17380685803e-42 1.17499195218e-59 0.00177374695986 6.24060292849e-48
departest 0.00280760504491 2.01938081072e-103 2.45571596632e-103 1.77374695986e-103 1.87044631871e-103
depends 5.99245659639e-47 0.00201938079925 1.39407851643e-11 6.8431656948e-35 3.71240306279e-76
descriptions 2.80760506156e-103 1.68760563758e-12 0.00245571596427 3.18784947641e-34 4.49483724072e-52
desert 2.80760504491e-103 2.01938081072e-103 2.45571596632e-103 0.00177374695986 1.87044632611e-103
deserts 0.00280760504491 2.01938081072e-103 2.45571596632e-103 1.77374695986e-103 0.00187044631871
desire 0.00280760504491 2.01938081072e-103 2.45571596632e-103 1.77374695986e-103 1.87044631871e-103
despite 1.29703386171e-58 7.06009340003e-13 0.00245571596546 9.32047261356e-91 1.30767892961e-61
determinate 0.00280760504491 2.01938081072e-103 2.45571596632e-103 1.77374695986e-103 1.87044631871e-103
devour 2.80760504492e-103 1.29549583715e-64 3.36671946187e-60 0.00177374695986 1.89896591588e-46
dial 2.80760513972e-103 2.99091203168e-89 0.00245571596632 1.77374695986e-103 1.45880800141e-44
dians 6.35318333698e-05 3.92714777536e-25 0.00240014558074 9.19753106876e-51 9.65062582123e-10
did 2.80760504491e-103 2.01938105233e-103 2.45571596656e-103 1.77374695986e-103 0.00187044631871
die 0.00280760504491 2.01938081072e-103 2.45571596632e-103 1.77374695986e-103 1.87044631871e-103
died 2.6253299879e-99 0.00201938081072 6.12823048877e-23 1.75037317795e-24 4.2865515382e-48
dig 2.80760504491e-103 0.00201938081072 2.45571596632e-103 1.05739919293e-29 1.87044631871e-103
dignified 0.00280760504491 2.01938081072e-103 2.45571596632e-103 1.77374695986e-103 1.87044631871e-103
directed 0.00280760504491 2.01938081072e-103 2.45571596632e-103 1.77374695986e-103 1.87044631871e-103
disdain 0.00561521008982 2.01938081072e-103 2.45571596632e-103 1.77374695986e-103 1.87044631871e-103
disease 0.00280760504491 2.01938081072e-103 2.45571596632e-103 1.77374695986e-103 1.87044631871e-103
disperse 0.00280760504491 2.01938081072e-103 2.45571596632e-103 1.77374695986e-103 1.87044631871e-103
distance 2.80760504491e-103 0.00201938081072 2.45571609575e-103 1.77374695986e-103 1.38843955197e-86
distilled 0.00280760504491 1.31909564718e-30 2.9463204502e-12 0.00177374695774 1.87044631871e-103
divide 0.00280760504491 7.27182717207e-65 1.88663024248e-46 2.39896079566e-57 1.14331616219e-21
do 1.81026281871e-35 0.00501414942569 0.015215999297 4.05699031724e-26 0.00995232812207
doom 0.00280760504491 2.01938081072e-103 2.45571596632e-103 1.77374695986e-103 1.87044631871e-103
dost 2.80760514041e-103 3.00591781935e-08 0.00206548299684 1.77374723315e-103 0.00777898635938
dote 0.00280760504491 2.01938081072e-103 2.45571596632e-103 1.77374695986e-103 1.87044631871e-103
doth 1.07577316153e-12 5.18983894198e-06 0.00663344667981 6.58849233859e-19 0.0173880483403
dreaming 2.80760513979e-103 1.55825173159e-55 0.00245571596632 1.77374701098e-103 2.0705279112e-53
dressed 2.80760504491e-103 2.01938081072e-103 2.45571596632e-103 0.00177374695986 1.87044631899e-103
dressings 2.8076050452e-103 4.0715953282e-56 1.36967908295e-06 0.00177275764997 3.92639977741e-55
drink 2.80760504491e-103 2.01938084891e-103 0.00245571596632 1.77374695986e-103 1.87044631871e-103
drop 2.80760513639e-103 2.34457838697e-20 7.58186548273e-87 0.00177374695986 1.87044631978e-103
dull 2.80760504491e-103 0.00201938013902 8.16834036078e-10 1.77374696045e-103 1.87044631871e-103
durst 2.80760504491e-103 2.01938105237e-103 2.4557159664e-103 1.77374695986e-103 0.00187044631871
dust 2.80760504853e-103 0.00201883798118 2.13032818569e-40 1.4263636024e-61 5.02794471435e-07
duty 2.8076050527e-103 0.00403774385188 2.80312748622e-13 1.26010014954e-54 9.42706236352e-07
dwell 0.00561521008982 2.01938081072e-103 2.45571596632e-103 1.77374695986e-103 1.87044631871e-103
dyed 0.00280760504491 2.01938081072e-103 2.45571596632e-103 1.77374695986e-103 1.87044631871e-103
each 2.80760504492e-103 0.00408601171378 2.15715939341e-10 0.00350599108785 2.05503899535e-23
eager 2.80760504491e-103 0.00201938081072 3.9554711978e-35 1.77374696311e-103 1.92846875796e-38
ear 2.80760504491e-103 2.01938115494e-103 2.45571596907e-103 1.77374695986e-103 0.00187044631871
earth 1.22974325784e-24 0.00198286703066 0.00493380182001 1.55987024789e-70 1.67823130399e-05
edge 2.80760504491e-103 0.00201938081072 2.58971915149e-28 1.77374810293e-103 1.23279450979e-77
effectually 2.80760504491e-103 2.01938086691e-103 3.54870149795e-57 0.00177374695986 1.41573750797e-60
else 2.80760504555e-103 7.54414430081e-84 0.00245571596632 1.77374695986e-103 1.13060182455e-23
enclose 0.00280760504491 2.01938081072e-103 2.45571596632e-103 1.77374695986e-103 1.87044631871e-103
end 0.00561521008982 2.01938081072e-103 2.45571596632e-103 1.77374695986e-103 1.87044631871e-103
enough 2.80760513613e-103 4.91497597232e-18 0.00245571596632 9.41081856194e-39 1.67705336277e-26
equal 2.80760504491e-103 2.01938088405e-103 2.45571596691e-103 1.77374695986e-103 0.00187044631871
ere 2.80760504521e-103 2.01938081072e-103 1.16436619504e-20 0.00354749391973 2.85319169437e-84
errors 2.80760504491e-103 2.0193810524e-103 2.45571596632e-103 1.77374695986e-103 0.00187044631871
estimate 0.00280760504491 2.01938081072e-103 2.45571596632e-103 1.77374695986e-103 1.87044631871e-103
eternal 2.80760504491e-103 0.000155468186782 0.00226665518763 1.77374697497e-103 1.87044631871e-103
eternity 0.00280760504491 2.01938081072e-103 2.45571596632e-103 1.77374695986e-103 1.87044631871e-103
even 2.80760504553e-103 3.74668329054e-53 0.00247107375131 0.00353640109596 1.53592786565e-73
ever 2.80760504491e-103 0.00201938105174 2.45571596676e-103 1.77374695986e-103 0.00187044609546
every 2.80760504771e-103 3.95690820218e-06 1.2446995755e-48 1.17694611254e-48 0.0130894591548
everywhere 0.00280760504491 2.01938081072e-103 2.45571596632e-103 1.77374695986e-103 1.87044631871e-103
evident 0.00280760504491 2.01938081072e-103 2.45571596632e-103 1.77374695986e-103 1.87044631871e-103
example 2.10411275883e-45 2.01938177921e-103 0.00245571596632 1.77374695986e-103 7.40080458905e-54
excel 0.00280760504491 2.01938081072e-103 2.45571596632e-103 1.77374695986e-103 1.87044631871e-103
expiate 0.00280760504491 2.01938081072e-103 2.45571596632e-103 1.77374695986e-103 1.87044631871e-103
expired 0.00280760504491 2.01938081072e-103 2.45571596632e-103 1.77374695986e-103 1.87044631871e-103
express 2.80760504492e-103 2.01938081072e-103 4.96251054041e-46 0.00177374695986 9.74686508511e-83
extern 7.8664054623e-26 6.45208267732e-30 0.00245571596632 3.30888857362e-78 8.72267701051e-37
extreme 2.80760504554e-103 2.01938081072e-103 0.00245571596632 1.77374695986e-103 1.87047290504e-103
eye 0.00561521029711 8.41249605363e-20 0.00243479680982 1.93079415035e-48 0.00562727232165
eyed 0.00280760504491 2.01938081072e-103 2.45571596632e-103 1.77374695986e-103 1.87044631871e-103
eyelids 0.00280760504491 2.01938081072e-103 9.04578059658e-28 1.50814564125e-40 6.89902358195e-26
face 0.00288506865067 9.87830930378e-29 0.00238796120366 1.92852015244e-38 1.6761249415e-33
fair 0.00526174266364 2.24688343449e-05 0.00490174930051 9.12508836801e-37 0.00396293840871
fairest 2.05308882605e-21 5.65216379353e-62 0.00242255068445 9.38853080596e-61 0.00189570733432
fairly 2.80760504491e-103 1.5124458022e-72 1.50746435886e-62 0.00177374695986 1.53274817738e-53
faith 2.80760504491e-103 2.01938081072e-103 1.09102418486e-62 0.00177374695986 2.5688823321e-67
false 2.80760504811e-103 6.2245936464e-22 6.8311557561e-64 6.8365815601e-10 0.00374089191648
falsehood 2.8076050456e-103 0.00201937592763 5.99786217062e-92 4.28911566409e-09 1.87044632112e-103
falsely 2.80760504816e-103 0.00201707209969 2.80756283997e-06 1.7737471548e-103 1.8706121359e-103
fame 0.00280760504491 2.01938081072e-103 2.45571596632e-103 1.77374695986e-103 1.87044631871e-103
far 2.80760504491e-103 0.0100969040399 9.81769781696e-70 8.92124084948e-19 1.27071906792e-11
fashion 0.00280760504491 2.01938081072e-103 2.45571596632e-103 1.77374695986e-103 1.87044631871e-103
fate 0.00280760504491 2.01938081072e-103 2.45571596632e-103 1.77374695986e-103 1.87044631871e-103
faults 8.21034675176e-51 0.00403876162143 2.37930267334e-22 8.99479456029e-69 1.56957327187e-32
fear 4.89591925398e-29 6.21981969886e-58 0.00245571596632 2.47203136226e-103 1.16676866212e-68
feathered 2.80760506452e-103 2.01938081072e-103 2.45571596632e-103 9.48655952464e-40 0.00187044631871
feel 0.00280760504491 2.01938081072e-103 2.45571596632e-103 1.77374695986e-103 1.87044631871e-103
feeling 2.52250952681e-46 0.00201932330737 6.99283123196e-08 1.77374696177e-103 1.95490937043e-88
few 2.80760504604e-103 2.02288629059e-103 5.22368532355e-61 0.00177374695986 3.49269591467e-37
field 0.00280760504491 2.01938081072e-103 2.45571596632e-103 1.77374695986e-103 1.87044631871e-103
figured 4.23707371431e-25 2.9285791425e-35 0.00245571596632 2.90733203752e-81 1.04557961171e-38
filed 0.00280760504491 2.01938081072e-103 2.45571596632e-103 1.77374695986e-103 1.87044631871e-103
filled 2.80760504529e-103 2.01938081079e-103 9.81614929975e-12 0.00177374695277 1.51225420757e-84
find 2.80760504491e-103 0.00201918527661 2.37783893242e-07 1.77374696066e-103 4.04173979076e-93
fine 2.80760504517e-103 4.2527905798e-15 6.98846886807e-62 0.00177374695986 1.29029720968e-26
first 2.80760504491e-103 0.00149367950706 2.45571596676e-103 1.77374695986e-103 0.000486929489943
flame 2.80760504491e-103 0.00403875097146 2.45571603092e-103 1.77374695994e-103 9.86451149795e-09
flatter 2.80760504491e-103 1.60841157168e-55 2.14372882769e-54 0.00177374695986 1.87044631871e-103
flattery 0.00280760504491 2.01938081072e-103 2.45571596632e-103 1.77374695986e-103 1.87044631871e-103
fleeting 2.80760504491e-103 2.01938103765e-103 2.45571596666e-103 1.77374695986e-103 0.00187044631871
flies 5.55576310305e-46 2.54086634865e-31 0.00245571596632 6.67161274765e-103 6.75521404493e-65
flower 0.00280760504491 2.01938081072e-103 2.45571596632e-103 1.77374695986e-103 1.87044631871e-103
flowers 2.85493169404e-103 0.00232770287249 4.84616647324e-30 7.50951803907e-05 0.00337612097094
foes 2.80760504491e-103 2.01938115459e-103 2.45571596906e-103 1.77374695986e-103 0.00187044631871
follows 8.12560890917e-25 2.01938088812e-103 0.00245571596632 1.77374695986e-103 4.99950170959e-69
for 1.71124869263e-64 1.70009098341e-07 0.00896836678988 0.0360919873004 3.71867101203e-34
force 0.00280760504491 2.01938081072e-103 2.45571596632e-103 1.77374695986e-103 1.87044631871e-103
forests 2.80760504604e-103 1.2058985016e-09 6.58618531818e-65 1.67868318281e-17 0.00187044520175
forfeit 2.80760513975e-103 3.2553324258e-35 0.00245571596632 1.77374718071e-103 4.99812743892e-41
forgotten 0.00280760504491 2.01938081072e-103 2.45571596632e-103 1.77374695986e-103 1.87044631871e-103
form 0.00277638521803 2.01938104932e-103 2.45571596698e-103 3.33638896055e-57 0.00189124518796
former 2.80760504491e-103 2.01938098831e-103 2.4557159672e-103 1.77374695986e-103 0.00561133895612
forsworn 0.00842281513473 2.01938081072e-103 2.45571596632e-103 9.03107944606e-92 2.62461167485e-50
forth 8.54013609735e-28 0.0020193811018 0.00245571561234 1.77374695986e-103 5.18072068339e-55
fortunes 2.80760504491e-103 7.8530145144e-11 2.36471483527e-92 5.85140822067e-33 0.00187044624597
forwards 2.80760504491e-103 4.22580657483e-07 2.45571596681e-103 1.77375173203e-103 0.00187005490445
foul 2.80760504554e-103 2.01938083013e-103 0.0024557136854 1.64749087005e-09 1.87047326345e-103
found 0.00561521008982 0.00403876162057 1.04625443408e-12 1.7737469721e-103 1.87044631871e-103
fountain 2.8076050452e-103 2.01938081072e-103 1.18189282353e-11 0.00177374695133 4.62832520041e-70
fountains 2.80760504491e-103 2.01938081072e-103 2.45571596632e-103 1.77374695986e-103 0.00187044631871
fragrant 2.80760504491e-103 2.01938104786e-103 2.45571596868e-103 1.77374695986e-103 0.00187044631871
frank 2.80760506008e-103 6.63986552686e-25 2.45571641717e-103 1.96012679687e-47 0.00187044631871
free 0.00280760504491 2.01938081072e-103 2.45571596632e-103 1.77374695986e-103 1.87044631871e-103
freedom 8.94493213365e-32 0.0019857711863 1.92955604508e-25 4.78514840898e-17 3.1130828778e-05
friend 0.00280760504493 0.000143605828879 8.83654218505e-61 0.00177260817612 0.00173863265326
friends 2.80760511065e-103 1.35316191615e-30 0.00245571596632 1.77377726458e-103 5.32501849597e-89
from 2.80761688981e-103 0.0111502594265 0.0146339395824 0.00269444571583 3.24471982768e-07
frown 1.54566571837e-34 6.74562594262e-69 0.00245571596632 2.8218772852e-48 1.32302366474e-54
fulfil 0.00280760504491 2.01938081072e-103 2.45571596632e-103 1.77374695986e-103 1.87044631871e-103
full 2.80760504491e-103 4.11801466972e-55 2.45571596632e-103 0.00354749391973 1.87044656949e-103
gathered 0.00280760504491 2.01938081072e-103 2.45571596632e-103 1.77374695986e-103 1.87044631871e-103
gay 0.00280760504491 2.01938081072e-103 2.45571596632e-103 1.77374695986e-103 1.87044631871e-103
gaze 0.00280760504491 2.01938081072e-103 1.36981794752e-29 1.77374695986e-103 8.6260287969e-55
gentle 2.80760504491e-103 2.01938103051e-103 2.45571596716e-103 1.77374695986e-103 0.00374089263741
gilding 2.80760504491e-103 6.62051110564e-28 0.00245571596632 1.77374740271e-103 1.87044631871e-103
give 0.00842281513473 2.01938081084e-103 3.03480525603e-79 1.77374695986e-103 5.51484216032e-73
gives 9.91616580684e-66 1.48330733555e-24 0.00490897469813 1.77484379146e-06 5.74417418211e-51
go 2.80760504491e-103 2.01938081534e-103 2.45571596645e-103 1.77374695986e-103 0.00187044631871
goddess 2.80760510173e-103 4.80337874692e-07 0.00245513184005 1.77374721753e-103 1.03828095033e-36
good 2.80760504491e-103 9.57538263351e-54 0.00245571596632 1.77374731713e-103 0.00187044631871
governs 2.80760504491e-103 3.83322615591e-92 3.73971148899e-68 0.00177374695986 8.13523235408e-65
grace 0.00281636405054 0.001886262325 9.25059970574e-06 0.00127824115827 0.00250338504635
graces 2.80760511165e-103 5.8113164588e-06 0.002448648977 1.77374718741e-103 4.43893010048e-57
great 2.80760506038e-103 6.30477296265e-25 7.83164925138e-61 2.6208669055e-44 0.00187044631871
green 2.80760504491e-103 0.00201938081072 2.45571637174e-103 1.7737519372e-103 1.87044631951e-103
grew 0.00561521008982 2.01938081072e-103 2.45571596632e-103 1.77374695986e-103 1.87044631871e-103
ground 0.00561521008982 2.01938081072e-103 2.45571596632e-103 1.77374695986e-103 1.87044631871e-103
grounded 2.80760513575e-103 0.00208792460325 0.00237236166048 2.89586700962e-68 8.43198733896e-55
grow 2.80760504554e-103 2.01938081072e-103 0.00245571596632 2.90970906658e-42 2.70988912124e-91
guilty 2.80760504491e-103 0.00403876162143 1.1783297663e-61 2.56464795748e-68 3.34024913008e-62
had 2.80760513981e-103 1.56502898048e-20 0.00245571596632 1.77378882511e-103 2.49860647035e-57
hadst 2.80760504491e-103 2.31012705139e-18 2.45571596728e-103 1.77375411551e-103 0.00374089263741
hairs 2.80760504491e-103 0.00201938081072 2.11069163864e-61 1.77374696012e-103 1.87044631871e-103
half 2.80760504634e-103 1.02507197475e-32 6.20495963593e-56 0.00177374695986 1.84496101783e-29
hammered 2.80760504491e-103 2.01938105234e-103 2.45571596642e-103 1.77374695986e-103 0.00187044631871
hand 0.00561521008982 2.01938082066e-103 2.45571597007e-103 1.77374695986e-103 1.94325575997e-61
hands 2.80760505438e-103 9.67090602314e-22 0.00245494149343 5.59396505938e-07 9.99287789462e-65
hang 0.00280760504491 2.01938081072e-103 2.45571596632e-103 1.77374695986e-103 1.87044631871e-103
harmful 2.80760504491e-103 2.01938101354e-103 2.45571596717e-103 1.77374695986e-103 0.00187044631871
hast 2.80760504544e-103 2.65204787294e-48 3.51727740608e-21 0.00354749391973 1.87056679631e-103
hasten 0.00280760504491 2.01938081072e-103 2.45571596632e-103 1.84945107319e-62 7.18225456877e-22
hate 0.00280760504701 3.90235078565e-40 2.86434788893e-10 0.00354749371151 2.9505798551e-37
hath 3.3410785025e-73 4.42821255165e-33 1.11061590431e-11 0.00886873479129 5.1143813863e-60
have 2.80760504681e-103 1.07175921789e-12 0.00737247127226 1.49308174799e-28 0.00560728429891
having 2.80760504491e-103 0.00201938081072 3.17954513635e-21 1.77374699169e-103 1.87044631871e-103
hawks 3.21410012254e-10 2.01938115455e-103 0.00245571568519 1.77374695986e-103 1.19061892153e-56
head 0.00280760508672 1.12800563768e-35 0.00245571592975 9.90013988791e-19 2.02258456513e-81
hear 1.33959634402e-34 1.05141036462e-31 0.00245571596632 5.82418276056e-28 6.24992547954e-44
heart 0.0170496611537 0.00841077898081 0.00187199155161 1.09107731359e-23 1.55269848497e-09
hearts 2.80760504726e-103 1.48847963976e-15 8.21105585576e-62 0.00177177565629 2.07877312068e-06
heavenly 2.80760504491e-103 2.01938107296e-103 2.45571596842e-103 1.77374695986e-103 0.00187044631871
heavens 2.80760504491e-103 9.9885432238e-11 2.45571609052e-103 1.34134609534e-85 0.00187044622619
heavy 2.80760507809e-103 2.65249144193e-94 0.00234423023991 1.77374695986e-103 0.00195536170363
heir 2.80760504491e-103 2.01938081072e-103 0.00245571596632 1.77374731375e-103 2.88308927558e-51
held 0.00280760504491 2.01938081072e-103 2.45571596632e-103 1.77374695986e-103 1.87044631871e-103
hell 2.80760504491e-103 2.01938105226e-103 2.45571596668e-103 1.77374695986e-103 0.00187044631871
help 3.13675129697e-18 6.2118155194e-36 0.00245571596632 9.15161228098e-84 3.55644928909e-48
her 2.80760504657e-103 1.18459499725e-18 4.17745932904e-74 4.24350179193e-50 0.0168340168684
here 2.80760504491e-103 2.01938089061e-103 2.45571596753e-103 1.77374695986e-103 0.00187044631871
hideous 2.80760504491e-103 2.01938105239e-103 2.45571596632e-103 1.77374695986e-103 0.00187044631871
hides 2.80760504491e-103 3.10071664106e-51 2.1107636788e-62 0.00177374695986 3.92600633821e-41
hiding 2.80760504491e-103 8.96473225952e-50 2.45577265396e-103 0.00177374695986 1.87044631871e-103
high 2.80760504491e-103 2.01938081072e-103 2.45571596635e-103 1.77374695986e-103 0.00187044631871
him 0.00561521008982 2.01938081072e-103 2.45571596632e-103 1.77386436389e-103 6.41120696828e-66
himself 2.80760504491e-103 2.01938081072e-103 2.78358972169e-63 0.00177374695986 5.25685007297e-67
his 1.40684398218e-37 0.0200794096726 0.00466915675261 1.87408517687e-48 0.0133836193375
holds 2.80760504491e-103 4.1932555158e-45 4.55378165825e-94 0.00177374695986 1.87044631871e-103
honour 2.80760513979e-103 6.51789035117e-51 0.00241530237395 1.77374697399e-103 0.00190122815835
honouring 0.00280760504491 2.01938081072e-103 2.45571596632e-103 1.77374695986e-103 1.87044631871e-103
horse 0.00280760504491 2.01938081072e-103 2.45571596632e-103 1.77374695986e-103 1.87044631871e-103
hounds 2.80760504491e-103 0.00201938081072 1.50910061494e-40 1.71383635138e-95 3.4890700786e-73
hours 2.96119226006e-21 9.97902204491e-63 0.00245571596632 6.8205835661e-81 1.72345517702e-52
how 2.80760504512e-103 1.23385028581e-67 1.220455942e-15 0.00532124087959 3.5256267799e-79
husband 0.00280760504491 2.01938081072e-103 2.45571596632e-103 4.40929574311e-91 8.31415706761e-40
idol 2.80760504491e-103 2.0193810524e-103 2.45571596632e-103 1.77374695986e-103 0.00187044631871
if 2.80760504491e-103 0.00180120500931 2.87939480008e-30 0.00373913120894 1.87044631871e-103
ill 0.00280760504491 2.01938081072e-103 2.45571596632e-103 1.77374695986e-103 1.87044631871e-103
impediments 2.80760504491e-103 0.00201938081072 2.45571610558e-103 1.77374695986e-103 6.87959227643e-18
impiety 0.00280760504491 2.01938081072e-103 2.45571596632e-103 1.77374695986e-103 1.87044631871e-103
in 3.07695983378e-32 0.0363379826899 3.38067001066e-06 0.0563984447065 0.00225910504919
inflaming 2.80760504491e-103 2.01938115459e-103 2.45571596962e-103 1.77374695987e-103 0.00187044631871
influence 2.80760504491e-103 2.01938115725e-103 2.45571596907e-103 1.77374695986e-103 0.00187044631871
inhabit 0.00280760504491 2.01938081072e-103 2.45571596632e-103 3.17583101484e-90 7.89186173538e-39
injurious 2.80760504491e-103 1.39986894555e-42 2.45571596632e-103 0.00177374695986 0.00187044631871
insufficiency 2.80760505664e-103 0.00201938081072 3.45037885826e-27 1.77374700463e-103 1.87162986957e-54
into 2.80760506452e-103 2.01938398846e-103 2.45571598385e-103 5.3600023692e-43 0.00187044631871
inward 2.8076051398e-103 3.34703999501e-30 0.00245571596632 1.77374712728e-103 5.56809591986e-64
is 1.95199829279e-76 1.87525995689e-11 0.0230626777091 0.0108751598915 0.00463383233751
ist 2.80760513566e-103 2.42842256776e-85 0.00245571596632 1.77374695986e-103 3.06565933506e-76
it 2.80760507422e-103 0.0118841195725 0.0187932978646 1.55146389345e-54 0.00273475947854
jewel 0.00280760504491 2.01938081072e-103 2.45571596632e-103 1.77374695986e-103 1.87044631871e-103
joy 0.00291749438152 0.001101639869 0.00347564018294 1.75834061307e-36 1.61512696772e-40
killed 0.00280760504491 2.01938081072e-103 2.45571596632e-103 1.77374695986e-103 1.87044631871e-103
knights 0.00280760504491 2.01938081072e-103 2.45571596632e-103 1.77374695986e-103 1.87044631871e-103
knit 0.00280760504491 2.01938081072e-103 2.45571596632e-103 1.77374695986e-103 1.87044631871e-103
know 2.80760506392e-103 3.71258598483e-39 2.45571596633e-103 8.83406782897e-49 0.00187044631871
knowing 2.80760504491e-103 2.76525089794e-56 8.30337438786e-68 0.00354749391973 1.87044631871e-103
knows 2.80760504491e-103 0.00201938081072 1.12447356314e-33 2.07519191555e-25 1.87044631871e-103
knowst 2.80760504492e-103 4.56399049041e-09 2.45571596681e-103 1.92778982468e-103 0.00187044209132
lace 2.80760504491e-103 0.00201938081072 1.68325215495e-55 1.54452551342e-37 5.90301628382e-73
lacking 2.80760504539e-103 0.00143180614808 5.82698717231e-81 5.06059460449e-81 0.000544239530684
ladies 2.80760504491e-103 2.01938081311e-103 2.45571596632e-103 1.77374695986e-103 0.00187044631871
laid 2.80760504491e-103 1.70412779013e-50 0.00245571128571 3.380769685e-09 1.87044631871e-103
lasting 2.80760504491e-103 2.01938109297e-103 2.45571596858e-103 1.77374695986e-103 0.00187044631871
late 2.80760504491e-103 8.33217690801e-40 2.45571598436e-103 0.00177374695986 9.2734198797e-53
laughed 2.80760504491e-103 0.00201938081072 2.45571609501e-103 1.77374695986e-103 3.448719869e-85
lays 2.80760504526e-103 2.01938081072e-103 2.00499183597e-15 0.00177374695986 1.87045852749e-103
leaped 2.80760504565e-103 2.01970844805e-103 7.11728136585e-62 0.00177374695986 4.90252347558e-44
learning 2.80760504491e-103 0.00201938081072 2.45571596661e-103 1.77374696001e-103 1.8704463189e-103
lease 0.00280760504491 2.01938081072e-103 2.45571596632e-103 1.77374695986e-103 3.45896075828e-54
leaves 2.8076051398e-103 2.01938115455e-103 0.00245571596632 1.77374695986e-103 4.69444522179e-76
legacy 0.00280760504491 2.01938081072e-103 2.45571596632e-103 1.77374695986e-103 1.87044631871e-103
leisure 0.00280760504491 2.01938081072e-103 2.45571596632e-103 1.77374695986e-103 1.87044631871e-103
lend 0.00561521008982 2.08871412645e-99 1.13685976221e-23 1.77374695986e-103 7.83862460596e-37
lends 0.00280760504491 2.01938081072e-103 2.45571596632e-103 2.92252976859e-82 1.11646696366e-55
less 4.96156492268e-86 3.02712358409e-15 0.00491143193264 6.53250001065e-23 2.73149953915e-27
lest 2.80760504491e-103 2.64607311629e-48 2.45571596632e-103 0.00177374695986 1.87044631871e-103
lie 0.00280760504491 2.01938081072e-103 2.45571596632e-103 1.77374695986e-103 1.87044631871e-103
lies 0.00280760504491 2.01938081072e-103 2.45571596632e-103 1.77374695986e-103 1.87044631871e-103
life 0.00842281513473 7.07615358327e-70 6.47005148e-18 6.63762504924e-63 3.40359800372e-39
lifts 2.80760504491e-103 2.01938084891e-103 0.00245571596632 1.77374695986e-103 1.87044631871e-103
light 0.00280760504491 2.01938081072e-103 2.45571596632e-103 1.77374695986e-103 1.87044631871e-103
like 3.68411300469e-65 0.00212208765232 0.00251813120412 0.00695969197113 1.00785069551e-58
limbecks 2.80760504494e-103 7.85522276015e-11 0.00245571587079 1.77374695986e-103 1.8704463232e-103
limbs 2.80760504491e-103 0.00201938081072 2.45571628894e-103 1.77374695986e-103 3.02876238229e-23
limits 2.80760504491e-103 2.23802663919e-26 2.45571596632e-103 0.00177374695986 1.87044631871e-103
lines 2.80760504491e-103 0.00403876162143 4.8166310282e-46 1.77374695986e-103 4.31104249315e-27
lips 2.80760504491e-103 2.01938081072e-103 2.45571596632e-103 1.77374695986e-103 0.00187044631871
little 2.80760504491e-103 2.01938105152e-103 2.45571596851e-103 1.77374695987e-103 0.00187044631871
live 0.00561521008982 2.01938081072e-103 2.45571596632e-103 1.77374695986e-103 1.87044631871e-103
lived 1.35126513989e-35 7.64077806185e-20 0.00736714789896 1.28461380914e-23 2.6513070233e-63
lives 0.00280760504491 2.01938100808e-103 2.45571809604e-103 2.0568353918e-68 5.72500838902e-47
living 2.80760504491e-103 2.0193810524e-103 2.45571596632e-103 1.77374695986e-103 0.00187044631871
loathsome 2.80760504491e-103 3.83200532895e-10 1.91319950988e-82 9.77172378398e-25 0.00187044596377
locked 2.80760504491e-103 2.0193810524e-103 2.45571596632e-103 1.77374695986e-103 0.00187044631871
long 2.80760504491e-103 0.00403876162143 6.02573468438e-19 1.77374700375e-103 1.87080167208e-103
longer 2.80760504522e-103 2.13080881601e-27 0.00491143193264 1.7737471368e-103 1.87047083846e-103
look 2.80760504493e-103 0.00403876162143 3.49569798179e-46 4.82672538217e-29 5.31811898698e-71
looking 2.80760504491e-103 2.30874673609e-47 2.4557160251e-103 0.00177374695986 1.87044631871e-103
looks 2.80760505636e-103 0.00403876162143 3.48341097443e-29 6.09295658592e-67 5.40466676219e-25
losing 2.80760506015e-103 3.09013772623e-76 0.00245571596632 9.32505026261e-48 2.55038747478e-91
loss 0.00280760504491 7.32076388892e-45 1.11718478649e-15 0.00177374695986 1.87044631871e-103
love 0.010400595585 0.0033970574359 0.0108409812482 0.0035008067709 0.00603231328033
loved 2.80760504493e-103 2.01938081072e-103 1.48068250861e-62 0.00177374695986 9.71345790818e-57
lovely 2.11547327358e-11 2.01938125448e-103 0.00235999162594 6.74782562489e-50 0.00381380302604
lover 0.00280760504491 2.01938081072e-103 2.45571596632e-103 1.77374695986e-103 1.87044631871e-103
loves 2.80760505471e-103 2.01938093156e-103 2.45571596632e-103 2.64789512515e-53 0.00374089263741
loving 0.00280760504491 2.01938081072e-103 2.45571596632e-103 1.77374695986e-103 1.87044631871e-103
lovst 2.80760513965e-103 1.39971557461e-33 0.00245571596632 1.77374706158e-103 7.75778913172e-45
lust 0.00280760504554 1.61704755105e-08 0.00245569629952 1.26983910587e-12 4.0630080384e-50
made 2.80760504495e-103 0.00212466785697 0.00232767915466 1.92685001919e-33 3.45191131541e-68
maid 2.80760504491e-103 6.4081378233e-40 9.57477658371e-25 0.00177374695986 1.87044631871e-103
maiden 2.80760504491e-103 2.01938081072e-103 2.45571596632e-103 1.77374695986e-103 0.00187044631871
majesty 0.00280760504491 2.01938081072e-103 2.45571596632e-103 1.77374695986e-103 1.87044631871e-103
make 2.80760504491e-103 0.00566642165989 3.42003473732e-67 0.00389156648159 2.95912826966e-32
makeless 2.80760504491e-103 2.01938105235e-103 2.45571596645e-103 1.77374695986e-103 0.00187044631871
making 2.80760504491e-103 8.33354076733e-62 4.34252432663e-69 0.00532124087959 6.5101599263e-60
makst 2.80760504491e-103 0.00201938081072 2.45571596632e-103 1.77374698034e-103 1.87044631871e-103
manner 2.80760504643e-103 0.00201938081072 3.83987862807e-31 3.82719796027e-37 1.00687901405e-24
manners 2.80760504491e-103 2.0193810524e-103 2.45571596632e-103 1.77374695986e-103 0.00187044631871
mark 0.00280760504491 2.01938081073e-103 2.45571596632e-103 2.4816340356e-58 1.98530602717e-55
master 3.60351310316e-19 2.01938109218e-103 0.00245571596632 1.77374695986e-103 7.32797637665e-61
may 2.80760506149e-103 9.8123813407e-20 0.00491143193264 2.23239008573e-41 1.28335287019e-54
mayst 3.12658176289e-79 0.00403150516979 0.00246454034637 1.35328437237e-101 1.60880096889e-13
me 0.00561990473097 0.0211756042096 2.90517296833e-25 3.20204753442e-86 0.00843971785793
means 2.80760505222e-103 0.00403876120828 5.02421006429e-10 1.77374695987e-103 1.87081933395e-103
measured 1.56245948684e-57 0.00201938081072 3.42249916503e-53 4.01077606973e-53 4.95771879933e-54
memorial 2.80760504491e-103 0.00201938081072 1.61043294446e-58 2.86039558674e-47 2.123494708e-27
memory 0.00561521008982 2.01938081072e-103 2.45571596632e-103 1.77374695986e-103 1.87044631871e-103
mend 0.00280760504491 2.01938081072e-103 2.45571596632e-103 1.77374695986e-103 1.87044631871e-103
merit 0.00295595745058 9.3802777361e-33 0.00723738913111 1.21385366107e-89 2.20000535752e-54
merits 2.80760504541e-103 5.67087203043e-26 5.38245722797e-52 0.00177374695986 2.61259332185e-28
methinks 2.80760504491e-103 0.0020193739577 1.50668204649e-37 7.43043112225e-27 6.34759347058e-09
methods 2.80760511736e-103 2.56146630237e-22 0.00245571596632 2.19327650767e-69 1.43968983795e-67
might 0.00842281514779 2.01939313863e-103 0.00491142580986 0.00177375137405 7.024447541e-93
miles 9.67983661531e-23 9.04043795625e-29 0.00245571596632 5.82453113952e-24 2.1110839996e-59
millions 2.80760504491e-103 0.00201938081072 1.294469558e-21 2.15681252984e-66 7.04773918319e-61
mind 5.00954016043e-32 4.61447610798e-60 0.00245571596632 1.77387721894e-103 2.08453756806e-68
mine 0.00280760504556 0.00807752247009 9.39188284995e-10 3.60822225941e-19 1.53998060297e-18
minutes 2.80760504491e-103 2.0193808423e-103 2.45571596657e-103 1.77374695986e-103 0.00374089263741
miser 2.8076051398e-103 2.01938129591e-103 0.00245571596632 1.77374695986e-103 4.92657501947e-75
mistress 2.8076050452e-103 2.01938081072e-103 3.86262572283e-12 0.00177374695707 1.82277063562e-67
mock 2.80760504944e-103 2.48383637964e-45 4.00314443803e-59 0.00177374695986 5.65940140378e-22
moment 0.00280760504491 2.01938081072e-103 2.45571596632e-103 1.77374695986e-103 1.87044631871e-103
monarchs 3.75991657259e-12 2.01938115455e-103 0.00245571596303 1.77374695986e-103 9.05300336544e-55
more 0.00280760504776 2.76206250258e-08 0.00726523135263 6.1672196798e-49 0.00755938651248
morn 0.00280760504491 2.01938081072e-103 2.45571596632e-103 1.77374695986e-103 1.87044631871e-103
mortal 2.80760504491e-103 2.01938105226e-103 2.45571596634e-103 1.77374695986e-103 0.00187044631871
mortality 2.80760504575e-103 2.0193808115e-103 0.00245571596632 1.77374695986e-103 1.87050847802e-103
mortgaged 1.60315846348e-43 8.44942825716e-52 0.00245571596632 1.39035089975e-21 1.47775003291e-42
most 0.00280760516525 8.20520697958e-24 0.000592567899308 6.44403189232e-38 0.00890089004673
mother 0.00280760504491 2.01938081072e-103 2.45571596632e-103 1.77374695986e-103 1.87044631871e-103
motion 2.80760504491e-103 2.01938093184e-103 2.45571596632e-103 1.77374695986e-103 0.00374089263741
motley 1.42171413072e-32 3.6516481112e-46 0.00245571596632 1.50507817847e-24 8.75481761325e-40
mountain 4.73758096862e-09 2.01938115455e-103 0.00245571182252 1.77374695986e-103 4.31030137027e-55
much 2.80760504491e-103 2.01938081081e-103 2.45571596632e-103 1.77374695986e-103 0.00187044631871
mud 0.00280760504491 2.01938081072e-103 2.45571596632e-103 1.77374695986e-103 1.87044631871e-103
muse 2.80760504491e-103 2.01938081072e-103 1.0556705942e-62 0.00177374695986 6.9129870148e-67
muses 2.80760504491e-103 2.01938104645e-103 2.45571596867e-103 1.77374695986e-103 0.00187044631871
must 2.80760504491e-103 2.01938105224e-103 2.45571596632e-103 1.77374695986e-103 0.00187044631871
my 2.80760504644e-103 0.0478727236755 2.60194833449e-11 0.0349048303265 0.0348179468165
name 0.00561521008982 2.01938081072e-103 2.45571596632e-103 1.77374695986e-103 1.87044631871e-103
nearly 0.00280760504491 2.01938081072e-103 2.45571596632e-103 1.77374695986e-103 1.87044631871e-103
need 0.00280760504491 2.01938081072e-103 2.45571596632e-103 1.77374695986e-103 1.87044631871e-103
neglect 2.80760508781e-103 0.00201938080987 1.02418075739e-12 5.69446720088e-58 3.87339022134e-27
nerves 2.80760504491e-103 0.00201918836157 2.34032358229e-07 1.77374696088e-103 1.87044631871e-103
never 2.80760504491e-103 2.0193810524e-103 2.45571596632e-103 1.77374695986e-103 0.00187044631871
new 0.00560112778317 0.00429152523384 2.45638318992e-103 5.2324671424e-40 0.00164570640043
newer 2.80760504491e-103 2.01938107296e-103 2.45571596842e-103 1.77374695986e-103 0.00187044631871
night 0.00600449485381 0.00201938048231 0.00211522231646 5.68483856728e-25 1.70284276127e-23
no 3.74467902346e-43 7.7735997152e-43 0.00736078297661 4.34566299198e-06 0.00561160435398
none 2.80760504491e-103 0.00403876162143 1.81181680227e-16 1.77926971822e-103 9.57560282561e-86
nor 2.80760504491e-103 2.10051486747e-30 0.00490583898166 4.03975049455e-06 1.87044631871e-103
not 1.3534418302e-26 0.0146650004012 0.0186327048092 1.89301904938e-16 0.00776307997473
note 0.00280760504491 2.01938081072e-103 2.45571596632e-103 1.77374695986e-103 1.87044631871e-103
nothing 2.80760504877e-103 1.85907789787e-65 9.7685526241e-27 0.00354749391973 3.04338772022e-29
now 0.00280760504512 4.18304115594e-43 0.00736714789878 2.05560568708e-72 1.87045369035e-103
nurseth 2.80760504491e-103 2.01938081072e-103 5.06234081022e-64 0.00177374695986 2.67049697036e-66
odour 3.88124299948e-97 2.96054570317e-10 0.0024557156063 1.77376466845e-103 1.87053262653e-103
oer 2.80760504491e-103 0.00403876162143 2.29773006175e-49 1.57471846537e-63 3.83553868605e-17
oerlook 0.00280760504491 2.01938081072e-103 2.45571596632e-103 1.77374695986e-103 1.87044631871e-103
oersways 2.80760504491e-103 2.01938081072e-103 4.88619006421e-64 0.00177374695986 3.36194537631e-69
oerworn 0.00280760504491 2.01938081072e-103 2.45571596632e-103 1.77374695986e-103 1.87044631871e-103
of 2.65558914016e-50 0.0178513176164 0.0328763796972 0.0216308886809 0.0441000419765
offence 0.00280760504491 2.01938081072e-103 2.45571596632e-103 1.77374695986e-103 1.87044631871e-103
offences 2.8076050452e-103 2.01938081072e-103 1.2132890382e-11 0.0017737469511 2.08271901835e-69
old 1.06917801364e-50 2.01938097602e-103 0.00736714789896 1.77374695986e-103 2.38652709663e-78
on 2.80760504491e-103 0.000497967597382 1.54469257653e-38 0.00880771883921 0.00147354747043
one 0.00280760504505 0.00441734573532 1.77977437983e-07 0.00497899311537 0.0018805542746
oppressed 0.00280760504491 2.01938081072e-103 2.45571596632e-103 1.77374695986e-103 1.87044631871e-103
or 2.58564446565e-75 1.3732097189e-33 0.00573627429332 0.0206736945652 0.00188678175668
ornament 2.807605046e-103 3.77949708242e-10 0.0024557155067 1.7737470954e-103 1.87044631873e-103
other 0.00280760504491 2.01938097777e-103 2.45571596652e-103 1.77374695986e-103 0.00561133895612
others 2.80760504491e-103 2.01938105237e-103 2.45571596632e-103 1.77374695986e-103 0.00187044631871
our 2.80760505377e-103 0.0040689158157 6.42925484199e-65 1.30706684888e-47 0.00558340871069
out 0.00280760504491 2.01938081072e-103 2.45571596632e-103 1.77374695986e-103 1.87044631871e-103
outcast 2.80760504491e-103 2.01938105224e-103 2.45571596632e-103 1.77374695986e-103 0.00187044631871
outlive 1.42734210839e-37 2.99135238376e-33 0.00245571596632 4.99585876851e-18 1.13054973758e-30
outward 2.80760504491e-103 0.00200111273588 2.22156170811e-05 1.77374696065e-103 0.00187044609701
outworn 2.80760504494e-103 3.55789044404e-11 2.45571596681e-103 1.77380225254e-103 0.00187044628575
over 2.80760504491e-103 2.01938105795e-103 2.4557159665e-103 1.77374695986e-103 0.00187044631871
own 2.80760514959e-103 1.02419161914e-57 0.00244296456135 7.31481205333e-51 0.00375060500595
owners 2.80760504491e-103 1.45882799743e-09 2.1081912001e-77 4.32612412748e-22 0.00187044496747
pain 0.00561521008982 2.01938081072e-103 2.45571596632e-103 1.77374695986e-103 1.87044631871e-103
painted 2.80760504491e-103 0.00201938081072 2.45571659928e-103 1.77374956661e-103 5.91732658038e-35
painters 2.80760504491e-103 2.01938108925e-103 2.45571596731e-103 1.77374695986e-103 0.00187044631871
painting 2.80760504491e-103 7.25192406138e-45 3.78831544167e-28 0.00177374695986 0.00187044631871
palate 2.80760504491e-103 2.01938092876e-103 2.45571596726e-103 1.77374695986e-103 0.00187044631871
pale 2.80760504554e-103 2.01938081072e-103 0.00245571596632 1.77374695986e-103 2.12818667659e-103
paper 2.80760504491e-103 2.01938081072e-103 2.45571782716e-103 0.00177374695986 1.87044752738e-103
part 0.00561521031785 4.28332331958e-39 0.0024492014589 1.82859347946e-40 0.00187540807467
partake 0.00280760504491 2.01938081072e-103 2.45571596632e-103 1.77374695986e-103 1.87044631871e-103
parts 0.00280760504491 2.01938081072e-103 2.45571596632e-103 1.77374695986e-103 1.87044631871e-103
passion 0.00280760504491 2.01938081072e-103 2.45571596632e-103 1.77374695986e-103 1.87044631871e-103
past 0.00280760504491 2.01938081072e-103 2.45571596632e-103 1.77374695986e-103 1.87044631871e-103
patience 2.80760504491e-103 2.01938081072e-103 2.45571596632e-103 0.00177374695986 1.87044632054e-103
perfection 1.62509037573e-58 1.09447126612e-36 0.00245571596632 1.77374695986e-103 5.89862655865e-74
perspective 2.80760504491e-103 0.00201938081072 1.06956210754e-50 2.77062647008e-44 2.53379527804e-97
phoenix 2.80760504554e-103 2.01938081072e-103 0.00245571596632 5.5109338798e-20 2.42707582528e-92
phrase 0.00280760504491 2.01938081072e-103 2.45571596632e-103 5.15685176641e-71 1.20199384534e-47
pied 2.80760504491e-103 2.01938081072e-103 2.45571596632e-103 1.77374695986e-103 0.00187044631871
pity 2.80760504917e-103 1.6756839941e-10 2.54608049931e-62 2.53375852681e-59 0.0018704461635
place 0.00561521008982 0.00201938081072 2.45574034146e-103 7.78903217235e-31 7.89594690928e-40
plague 2.80760504491e-103 2.01938081072e-103 2.45788732788e-103 0.00177374695986 6.52172995313e-83
plagues 2.80760504491e-103 0.00201938081072 3.1667275024e-25 5.45407448963e-19 1.87044631945e-103
please 0.00280760504491 2.01938081072e-103 2.45571596632e-103 1.77374695986e-103 1.87044631871e-103
pleased 2.8076050456e-103 4.14453341852e-71 1.07991322365e-59 0.00177374695986 8.36867368508e-37
pleasure 0.00566814576383 0.00400068741598 7.31704279739e-22 5.76644944557e-40 1.5509788378e-11
plus 0.00280760504491 2.01938081072e-103 2.45571596632e-103 1.77374695986e-103 1.87044631871e-103
poesy 2.80760504491e-103 2.0193809444e-103 2.45571596739e-103 1.77374695986e-103 0.00187044631871
poets 2.80760504491e-103 2.01938105184e-103 2.45571596688e-103 1.77374695986e-103 0.00187044631871
point 2.80760504491e-103 0.00190935452111 2.45571626213e-103 1.77374695986e-103 0.000101911569758
poor 2.80760504501e-103 4.2902793825e-63 1.83649287544e-86 1.77374695986e-103 0.00187044631871
posting 6.57592800825e-27 1.35124708325e-44 0.00245571596632 1.10999491246e-27 1.30306453728e-41
pourst 2.80760504491e-103 2.67539295064e-09 2.45571596681e-103 1.77374695989e-103 0.00187044384063
power 0.00296017616271 0.00403315246442 0.00232753728632 4.17861035639e-53 1.18142527412e-06
powerful 2.80760504491e-103 2.01938105213e-103 2.45571596645e-103 1.77374695986e-103 0.00187044631871
powers 2.80760504491e-103 2.01938081072e-103 2.45571596632e-103 1.77374695986e-103 0.00187044631871
praise 0.0026826445669 5.56387822413e-12 3.52117765242e-57 2.36359071052e-33 0.00756503482306
precious 2.80760504697e-103 2.45777821157e-31 8.36950586752e-69 3.4534211981e-69 0.00748178527482
presence 2.80760505868e-103 7.25658125184e-11 3.17665675978e-41 0.00173813638662 3.75518875629e-05
present 2.80760504491e-103 0.00201938081072 2.4557160951e-103 1.77374695986e-103 1.87044631871e-103
pretty 4.20243828637e-34 2.01938115455e-103 0.00245571596632 1.77374695986e-103 2.23081780034e-67
pride 0.00561521008982 2.01938081072e-103 2.45571596632e-103 1.77374695986e-103 1.87044631871e-103
princes 2.80760504491e-103 0.00201938081072 3.39324486766e-32 1.41137379247e-15 1.87044631871e-103
prize 8.45838632636e-24 0.0020027575128 2.02151559974e-05 1.6619395268e-50 2.07048900965e-31
proud 2.807605045e-103 3.6056622427e-15 5.51401542464e-92 7.35850094307e-35 0.00561133895611
proudly 0.00280760504491 2.01938081072e-103 2.45571596632e-103 3.21555393234e-56 7.49848791707e-55
prove 0.00561521008982 0.00201938081072 9.44758519777e-49 4.55225020491e-44 1.87044631871e-103
proves 2.80760504491e-103 3.6187141017e-51 3.05949578569e-59 0.00177374695986 1.46881673614e-39
public 2.80760504491e-103 0.00402606931478 1.80338161254e-28 0.00178489539716 6.9243565972e-54
publish 2.80760506452e-103 2.01938081072e-103 2.45571596632e-103 2.76983492572e-32 0.00187044631871
purest 2.80760504555e-103 3.04770319414e-85 0.00245571596632 1.77374695986e-103 1.29015588509e-26
purge 0.00280760504491 2.01938081072e-103 2.45571596632e-103 1.77374695986e-103 1.87044631871e-103
pursuit 2.80760504561e-103 0.00201938081072 1.33467301172e-48 1.77376027449e-103 2.44947891716e-34
put 2.80760504491e-103 0.00171992002654 2.45571597944e-103 0.000263034912835 1.95610268086e-103
pyramids 2.80760504491e-103 2.01938105992e-103 2.45571596652e-103 1.77374695986e-103 0.00187044631871
qualify 0.00280760504491 2.01938081072e-103 2.45571596632e-103 1.77374695986e-103 1.87044631871e-103
quality 0.00280760504491 2.01938081072e-103 2.45571596632e-103 1.77374695986e-103 1.87044631871e-103
quick 2.80760504491e-103 2.01938105234e-103 2.45571596642e-103 1.77374695986e-103 0.00187044631871
rage 0.00280760504491 2.01938081072e-103 2.45571596632e-103 1.77374695986e-103 1.87044631871e-103
reasons 1.2091487485e-15 2.01938115454e-103 0.00245571596632 1.77374695986e-103 1.46958971744e-59
rebel 2.80760504491e-103 8.22220386268e-09 2.45571596681e-103 1.77374695986e-103 0.00187043870291
receives 2.80760506763e-103 3.1911913982e-90 2.72211078427e-83 0.00177374132407 5.94303844313e-09
receivst 2.80760504527e-103 2.01938081072e-103 6.21958432784e-19 0.00177374695986 1.90387095658e-103
red 0.0056150515589 2.0193816512e-103 1.38661562451e-07 8.84404526419e-31 1.20589968485e-43
rehearse 0.00561521008982 2.01938081072e-103 2.45571596632e-103 1.77374695986e-103 1.87044631871e-103
remembrance 2.80760504491e-103 0.0019731938542 2.45571626034e-103 1.77374695986e-103 4.27805505176e-05
remote 8.56213491045e-67 2.01938118689e-103 0.00245571596632 1.77374695986e-103 2.56738048404e-22
remove 0.00280760504491 2.01938081072e-103 2.45571596632e-103 1.77374695986e-103 1.87044631871e-103
remover 2.80760505078e-103 4.9463320524e-24 3.57673328104e-50 0.00177374695986 2.8321718852e-15
repay 0.00280760504491 2.01938081072e-103 2.45571596632e-103 1.77374695986e-103 1.87044631871e-103
reproach 2.80760504491e-103 6.3740717783e-10 2.45571596681e-103 1.77374706919e-103 0.00187044572831
reproving 0.00280760504491 2.01938081072e-103 2.45571596632e-103 1.77374695986e-103 1.87044631871e-103
require 0.00280760504491 2.01938081072e-103 2.45571596632e-103 1.77374695986e-103 1.87044631871e-103
resort 0.00280760504491 2.01938081072e-103 2.45571596632e-103 1.77374695986e-103 1.87044631871e-103
respects 0.00280760504491 2.01938081072e-103 2.45571596632e-103 1.77374695986e-103 1.87044631871e-103
respose 0.00280760504491 2.01938081072e-103 2.45571596632e-103 1.77374713695e-103 2.72368113836e-56
rest 0.00280760504491 2.01938081072e-103 2.45571596632e-103 1.77374695986e-103 1.87044631871e-103
restore 2.80760513736e-103 2.81968436586e-24 0.00245571596632 1.77374727844e-103 1.12233807612e-33
return 2.80760504491e-103 0.00201938081072 2.45571604401e-103 1.77374695986e-103 1.87044631946e-103
rhyme 0.00561521008982 2.01938081072e-103 2.45571596632e-103 1.77374695986e-103 1.87044631871e-103
rich 2.80760504535e-103 9.36729111047e-15 3.56682294251e-83 5.17457198546e-20 0.0037408926374
richly 2.80760504491e-103 2.01938081072e-103 2.45571596632e-103 1.77374695986e-103 0.00187044631871
right 0.00280760504491 2.01938081072e-103 2.45571596632e-103 1.77374695986e-103 1.87044631871e-103
rose 0.00561521008982 2.01938081072e-103 2.45571596632e-103 1.77374695987e-103 2.71890046357e-61
roses 2.80760504491e-103 1.95259827182e-27 0.00245571596632 1.77374740574e-103 1.87044631871e-103
rotten 0.00280760504491 2.01938097996e-103 2.45571596767e-103 1.77374695986e-103 0.00187044631871
rude 2.80760504491e-103 2.01938081101e-103 2.45571596632e-103 0.00354749391973 1.87044631894e-103
ruined 2.80760504491e-103 7.83510470352e-51 2.84971425184e-58 0.00177374695986 3.33674626259e-49
ruining 0.00280760504491 2.01938081072e-103 2.45571596632e-103 1.77374695986e-103 1.87044631871e-103
ruth 2.80760504526e-103 2.01938081072e-103 7.56857398319e-17 0.00177374695986 1.87045852749e-103
sable 2.80760504491e-103 2.01938105237e-103 2.4557159664e-103 1.77374695986e-103 0.00187044631871
sacred 2.80760504491e-103 2.01938102495e-103 2.45571596836e-103 1.77374695986e-103 0.00187044631871
sad 2.80760504491e-103 4.59682982317e-06 0.0024501258823 1.77374731367e-103 1.87044631871e-103
said 1.3539741101e-48 2.0545806718e-103 0.00490785375625 1.77374695986e-103 0.00187317170997
sake 0.00280760504491 2.01938081072e-103 2.45571596632e-103 1.77374695986e-103 1.87044631871e-103
sang 0.00280760504491 2.01938081072e-103 2.45571596632e-103 1.77374695986e-103 1.87044631871e-103
saturn 2.80760504491e-103 2.01938081074e-103 2.45571596632e-103 0.00177374695986 1.87044631873e-103
savage 2.80760504491e-103 3.27996678082e-27 0.00245571596632 1.77374740271e-103 1.87044631871e-103
saw 0.00280753511743 0.00201935654984 2.45571633841e-103 4.55098036909e-42 6.90577546324e-08
say 2.80760504504e-103 2.01938081072e-103 1.33050830305e-24 0.00177374695986 1.94680845672e-99
scandal 2.80760504554e-103 2.01938081072e-103 0.00245571596632 1.77374695986e-103 1.87047035581e-103
scope 2.80760504554e-103 2.0193808188e-103 0.00245571596598 2.44745449185e-13 4.29332676973e-73
scorn 0.00280760504491 2.01938081072e-103 2.45571596632e-103 1.77374695986e-103 1.87044631871e-103
seasoned 2.80760504491e-103 0.00201936405019 2.03820323332e-08 6.85690336509e-70 1.87044631871e-103
seasons 2.80760504491e-103 2.01938105234e-103 2.45571596642e-103 1.77374695986e-103 0.00187044631871
second 2.80760504491e-103 2.66755017133e-88 2.4557162616e-103 1.77392265673e-103 0.00187044631871
secret 2.80760504584e-103 0.00201926263932 2.29701750969e-39 1.03825212795e-56 1.0945595697e-07
see 0.00280760504491 0.00881502103321 0.00155869854919 5.60932863366e-46 0.00187057254588
seeing 0.00280760504491 0.00201938081072 2.4557160951e-103 1.77374695986e-103 1.87044631871e-103
seek 2.80760513961e-103 7.77586218179e-22 0.00245571596632 4.88164812642e-60 7.22528538191e-36
seemed 0.00280760504491 2.01938081073e-103 2.45571596632e-103 1.51909420296e-48 7.4249584495e-49
seems 2.80760504491e-103 5.578747117e-45 2.45571596632e-103 0.00177374695986 1.87044631871e-103
seldom 2.80760504491e-103 2.01938091025e-103 2.45571596832e-103 1.77374695987e-103 0.00187044631871
self 1.75172454272e-33 0.00973120649363 0.0106000255186 2.07939516981e-26 0.00722857062898
semblance 2.66166518858e-15 6.78935449696e-38 0.00245571596632 2.24833760862e-27 9.04316586074e-27
sequent 2.80760504491e-103 0.00201938081072 9.29203059688e-50 1.77374695987e-103 1.87044631871e-103
services 2.80760504548e-103 1.85653886436e-38 0.00245571596632 2.03222162418e-16 2.78577901365e-55
serving 2.80760504491e-103 4.42000809228e-47 1.80587217808e-22 0.00177374695986 1.87044631871e-103
set 0.00280760504491 2.01938081072e-103 2.45571596632e-103 1.77374695986e-103 1.87044631871e-103
shadow 2.80760504491e-103 2.01938081072e-103 2.45571596632e-103 1.77374695986e-103 0.00187044631871
shadows 2.80760504491e-103 0.00403859994867 5.3137759824e-71 1.07983350076e-30 1.49748988299e-07
shall 2.80760509246e-103 0.00405357930488 0.00488703293117 1.77374696063e-103 0.00374575179472
shalt 2.80760504491e-103 0.00201938081072 2.4559136093e-103 1.05367279274e-49 1.87044631872e-103
shame 0.00280760504491 2.01938081072e-103 2.45571596632e-103 1.77374695986e-103 1.87044631871e-103
sharpened 2.80760504491e-103 0.00201938081072 2.45571693512e-103 1.77374695986e-103 3.02688695559e-35
she 1.83730821686e-10 3.93230463231e-17 2.45571596719e-103 7.93220692924e-89 0.00748178515242
shifting 2.80760504491e-103 0.00201938081072 5.72611650375e-36 1.7737469599e-103 5.6330460673e-36
shook 2.80760506452e-103 2.01938224621e-103 2.45571597422e-103 8.60042464501e-54 0.00187044631871
short 0.00237308417235 2.01938199016e-103 2.77262444821e-86 1.77481759216e-74 0.00215992719421
should 2.9714714131e-103 5.63184930256e-17 0.00982875669582 0.00529325904756 0.00376591155994
show 0.0056152100917 1.85551414451e-15 6.85602298293e-100 1.18140409513e-42 0.00561133895486
showers 2.80760513965e-103 2.8951972291e-11 0.00245571593111 1.77377174017e-103 4.06028620785e-25
shows 2.80760504491e-103 0.00201938081072 2.45571609492e-103 1.77374695986e-103 2.15838917618e-75
shun 2.80760504491e-103 1.11966750349e-25 0.00245571596632 1.77374727489e-103 1.87044631871e-103
sick 2.6754322853e-23 2.01938119911e-103 0.00245571596632 1.77374695986e-103 7.29232825429e-63
sicken 2.80760504491e-103 0.00201938081072 2.45571607566e-103 1.77374695986e-103 1.87044634806e-103
sickly 2.80760504554e-103 2.01938081072e-103 0.00245571596632 1.77374695986e-103 1.87255471677e-103
sickness 2.80760504554e-103 2.01938081072e-103 0.00245571596632 2.818334897e-54 1.87051326744e-103
side 2.80760504491e-103 0.00201938081072 1.55003615802e-85 7.60001693013e-16 1.87044677857e-103
sighs 7.08995664195e-35 2.01944783223e-103 0.00245571596632 1.77374695986e-103 1.12264811063e-53
sight 0.0112304201796 2.01938081072e-103 2.45571596632e-103 1.77374695986e-103 1.87044631871e-103
silver 2.80760504491e-103 6.29314986636e-11 7.3793231879e-79 5.8394199761e-21 0.00187044626042
silvered 2.80760504491e-103 0.00201938081072 2.45571596632e-103 1.77374695989e-103 1.87044631871e-103
sin 2.80760504491e-103 0.00193635857337 0.00010096116232 2.12913208828e-94 1.87044631871e-103
sinful 2.80760504491e-103 0.00201935079297 4.03107369249e-43 1.77374695986e-103 0.00187047412257
single 2.80760504491e-103 2.01938106022e-103 2.45571596661e-103 1.77374695986e-103 0.00187044631871
sins 2.80760504491e-103 2.01938098066e-103 2.45571596768e-103 1.77374695986e-103 0.00187044631871
slandered 1.89675531555e-21 9.77531076131e-12 0.00245571595443 3.36484363224e-32 2.89944932199e-26
slanders 2.80760504491e-103 2.01938105237e-103 2.45571596639e-103 1.77374695986e-103 0.00187044631871
slave 2.80760504916e-103 5.24352176222e-67 0.00491143193264 7.32339441978e-27 3.70639077297e-62
slavery 2.80760504499e-103 0.00201938081072 2.45571597056e-103 4.7498052997e-45 1.87044631985e-103
slay 2.80760504495e-103 0.0020193808107 4.45593161655e-91 1.47453578556e-14 1.30937938496e-31
slide 0.00280760504491 2.01938081072e-103 2.45571596632e-103 1.77374695986e-103 1.87044631871e-103
slow 0.00280760504491 2.01938081072e-103 2.45571596632e-103 1.77374695986e-103 1.87044631871e-103
sluttish 2.80760504491e-103 2.01938107296e-103 2.45571596842e-103 1.77374695986e-103 0.00187044631871
small 2.80760504949e-103 6.21083376364e-33 9.26695368449e-56 0.00177374695986 1.36666374038e-20
smoke 0.00280760504491 2.01938081072e-103 2.45571596632e-103 1.77374695986e-103 1.87044631871e-103
smother 0.00280760504491 2.01938081072e-103 2.45571596632e-103 1.77374695986e-103 1.87044631871e-103
so 0.00280760504498 1.83063320179e-14 5.89807480188e-24 0.015957699386 0.00187679794111
society 0.00280760504491 2.01938081072e-103 2.45571596632e-103 1.77374695986e-103 1.87044631871e-103
some 2.80760749854e-103 2.47674710695e-14 0.0122662079244 2.59164501091e-17 0.00375031595371
sometime 2.807605045e-103 4.19382857572e-05 0.00240471591849 1.77374696061e-103 1.87044631871e-103
sorrow 2.80796549265e-103 0.00187960034952 0.000169983347628 1.77374696756e-103 1.87046503617e-103
soul 8.70191555908e-41 1.3506957436e-05 0.00735072244277 1.77375136275e-103 8.98248178777e-73
sound 4.44553717903e-35 5.52382263289e-18 0.0024553890799 2.36107837714e-07 4.72122420279e-43
sounds 0.00280760504491 2.01938081072e-103 2.45571596632e-103 1.77374695986e-103 1.87044631871e-103
sovereign 2.80760504491e-103 2.01938107296e-103 2.45571596842e-103 1.77374695986e-103 0.00187044631871
speak 2.80760504498e-103 0.00201938081072 5.98454910977e-52 3.51531813564e-54 3.81600518692e-52
speaking 2.80760504491e-103 2.01938081072e-103 2.45571596632e-103 0.00177374695986 1.87044632441e-103
speed 0.00280760504491 2.01938081072e-103 2.45571596632e-103 1.77374695986e-103 1.87044631871e-103
spirit 0.00559973457179 2.01938081764e-103 2.45571597209e-103 1.45691747851e-47 0.00188075621816
spirits 2.80760504491e-103 3.87096336601e-05 0.00240864219751 1.77374696345e-103 6.24284866845e-80
sport 0.00280760504491 2.01938081072e-103 2.45571596632e-103 1.77374695986e-103 1.87044631871e-103
stamped 2.80760504526e-103 2.01938081072e-103 3.38186580301e-14 0.00177374695984 1.87045852749e-103
stars 1.28228475697e-61 0.00201938081072 1.9492087695e-15 3.97809638889e-22 2.6991022841e-42
state 0.00561521008982 2.01938081072e-103 2.45571596632e-103 1.77374695986e-103 1.87044631871e-103
stay 0.00842281513476 3.13146098825e-08 1.29232379107e-97 6.74107879519e-38 0.00187041731361
steel 0.00280760504491 2.01938081072e-103 2.45571596632e-103 1.77374695986e-103 1.87044631871e-103
still 0.00561521016275 0.00501875954187 0.00371968213676 9.59090374158e-64 1.20264878881e-60
stirred 2.80760504491e-103 1.2185693792e-59 0.00245571596632 1.94574572664e-18 1.87044631871e-103
stone 0.00280760504491 2.01938081072e-103 2.45571596632e-103 1.77374695986e-103 9.3676129222e-57
stop 2.80760504553e-103 2.01938098595e-103 9.25051523512e-61 0.00177374695986 6.60104115771e-41
strange 0.00280760504491 4.13223969901e-21 1.1231422532e-86 0.00177374695986 1.63458477866e-58
streams 2.8076050453e-103 2.01938081072e-103 4.3920991175e-15 0.00177374695986 1.06281534073e-81
strengths 2.80760504491e-103 0.00201938081072 2.45571596632e-103 1.77374695986e-103 1.87044631871e-103
stronger 2.80760504589e-103 5.74287690873e-47 1.19468061553e-63 0.00177374695986 1.58923428755e-29
strongly 2.80760504491e-103 2.01938115473e-103 2.45571596907e-103 1.77374695986e-103 0.00187044631871
subject 3.67874179818e-24 2.01938081321e-103 0.00245571596632 1.77374695986e-103 1.84808775785e-67
subjects 2.80760504491e-103 2.0193810524e-103 2.45571596632e-103 1.77374695986e-103 0.00187044631871
subtleties 0.00280760504491 2.01938081072e-103 2.45571596632e-103 1.77374695986e-103 1.87044631871e-103
such 2.80760507433e-103 1.37346698797e-10 0.00736714773193 3.79981046869e-78 1.04431906652e-79
suggest 2.80760504496e-103 3.42810653628e-91 1.76224389135e-61 0.00177374695986 3.39881158777e-56
suit 2.80760505222e-103 3.68805234081e-17 1.0073584285e-46 0.00177374694461 1.60809941906e-11
sullen 2.80760504491e-103 2.01938081072e-103 2.45571596632e-103 1.77374695986e-103 0.00187044631871
summer 5.25528439824e-14 2.01938115862e-103 0.00245571596627 1.77374695986e-103 7.34724494463e-58
summers 2.80760504491e-103 2.01938093154e-103 2.45571596636e-103 1.77374695986e-103 0.00374089263741
summon 2.80760504491e-103 2.01938084891e-103 0.00245571596632 1.77374695986e-103 1.87044631871e-103
sunk 1.2014756348e-68 2.01938081072e-103 0.00245571596632 1.05991153672e-21 3.6119940944e-96
supposed 2.80760504491e-103 2.38412753322e-39 1.0250286476e-31 0.00177374695987 0.0018704463187
sure 6.55738206244e-64 2.01938115452e-103 0.00245571596632 1.77374695986e-103 1.2326617777e-72
surly 2.80760504491e-103 7.23120485793e-13 1.64630576734e-76 2.21846779768e-16 0.00187044631804
survive 2.3896505797e-31 1.12443439149e-51 0.00245571596632 1.77388561637e-103 1.78046227215e-68
sway 0.00280760504491 2.01938081072e-103 2.45571596632e-103 1.77374695986e-103 1.87044631871e-103
swear 2.80760504499e-103 0.00174475727543 0.00278967843479 8.1066280539e-27 1.87927122315e-65
swearing 0.00280760504491 2.01938081072e-103 2.45571596632e-103 1.77374695986e-103 1.87044631871e-103
sweet 4.98095138586e-33 0.0098226992807 0.00541423203371 3.9664862346e-50 0.00548235244061
sweetest 2.80760504491e-103 2.01938093156e-103 2.45571596632e-103 1.77374695986e-103 0.00374089263741
sweets 2.80760504491e-103 0.0041204912487 3.10099200998e-18 0.0017019587775 2.16809687417e-29
sweetst 6.55704656792e-31 1.55723651088e-28 0.00245571596632 1.9660995446e-83 5.9888879448e-39
swift 2.80760504492e-103 3.28545036784e-06 2.45571596681e-103 1.6231711446e-102 0.00186740317869
table 1.66419761751e-63 0.0020193377038 2.45571625906e-103 1.14649574506e-94 3.99276752053e-08
take 1.84596914756e-53 4.20414603299e-45 0.00285966409285 0.00148197797224 1.37364784066e-66
taste 0.00280760504491 2.01938081072e-103 2.45571596632e-103 1.77374695986e-103 1.87044631871e-103
tattered 2.80760504491e-103 3.55799341295e-61 2.45571596632e-103 0.00177374695986 1.87044631871e-103
taught 2.80760504603e-103 3.282103249e-27 3.25441408365e-51 0.00177374695986 2.12373171242e-42
temperate 0.00280760504491 2.01938081072e-103 2.45571596632e-103 1.77374695986e-103 1.87044631871e-103
temptation 2.80760504491e-103 0.000454621720084 0.00190286249798 1.77374696782e-103 0.00187044626909
tend 0.00280760504491 2.01938081072e-103 2.45571596632e-103 1.77374695986e-103 1.87044631871e-103
tender 4.9042773609e-32 2.94636652589e-15 0.00491143193264 1.37885976416e-55 1.54456409834e-25
term 2.80760504491e-103 2.23636667824e-07 4.10878252629e-92 9.81180093257e-37 0.00187023917581
th 2.80760504491e-103 5.50321493896e-29 0.00245571596632 1.77374740271e-103 1.87044631871e-103
than 5.52274316374e-68 2.75357674163e-50 6.9428454915e-18 0.0174811096088 0.00401122860425
that 2.80760799926e-103 0.0409773639909 0.0105440149234 0.0285175415714 0.00624116222313
the 4.71589988187e-60 0.0365716955885 0.0112187715115 0.0475921483581 0.015879710548
thee 0.00285274647975 0.0118148373571 0.0134242055787 1.37350970884e-21 0.00872878374039
their 2.8076050463e-103 0.0108467413801 1.30399578747e-35 9.22172073193e-17 0.00865769668486
them 2.80760504491e-103 2.0193810524e-103 2.45571596632e-103 1.77374695986e-103 0.00187044631871
then 2.80760504526e-103 0.000168953989077 0.00225237316764 0.0035459643122 1.43715052796e-24
thereby 2.80760504491e-103 1.72226546659e-06 2.01469308224e-59 7.52325246787e-08 0.00186877174074
therefore 2.80760504505e-103 0.00403872663247 4.33700130237e-16 8.07294816203e-34 3.24084370945e-08
therein 2.80760504491e-103 2.01938102776e-103 2.45571596632e-103 1.77374695986e-103 0.00187044631871
these 2.80760504492e-103 1.48702650356e-47 3.40069169298e-68 0.00532124087959 2.23227782425e-64
they 2.80760504957e-103 0.00116699765811 5.23710518582e-51 0.00581042826159 0.00775544658371
thine 0.00281894949999 1.64261222497e-11 0.00726790178461 7.27047023743e-20 0.00193848138129
thing 3.34916043835e-46 8.02887606427e-14 6.31346671453e-26 3.96524403831e-22 0.00374089263734
things 2.80760504491e-103 6.96975627958e-24 2.45571596809e-103 1.77374831901e-103 0.00561133895612
this 2.80760523207e-103 6.00058925173e-24 0.00242485113636 0.007091091473 0.00937984920753
thorns 7.16429704495e-65 2.01938081072e-103 0.00245571596632 1.20504669201e-50 2.3878966652e-92
those 2.80760505783e-103 0.0054237439465 0.00322719130206 3.33849760027e-37 4.84085397424e-13
thou 1.52223959337e-45 0.0186508778092 2.96835600004e-51 0.0208429675714 0.0131179053992
though 2.80760506473e-103 6.01235318513e-59 0.00360998190784 0.00276737818021 0.00181392135128
thought 2.91123759531e-63 4.61879088281e-21 0.00489339850652 7.65437432055e-61 0.00188418184674
thousand 2.80760504814e-103 1.80370230157e-31 2.01118004972e-54 0.00177374695986 2.11942718281e-21
three 2.80760506452e-103 2.01938081072e-103 2.45571596632e-103 6.19903412675e-40 0.00187044631871
thrust 0.00280760504491 2.01938081072e-103 2.45571596632e-103 1.77374695986e-103 1.87044631871e-103
thus 0.00280760504491 1.14267416154e-52 2.45571596632e-103 0.00354749391973 1.87044631871e-103
thy 2.80760504611e-103 0.0446403562981 5.0720794738e-06 0.00817206450367 0.0248483925543
tie 2.80760504567e-103 1.59399935388e-37 3.28908341522e-71 0.00177374695986 4.5858552082e-48
tied 0.00561521008982 2.01938081072e-103 2.45571596632e-103 1.77374695986e-103 7.08955059592e-55
till 2.80760505916e-103 1.01563179724e-19 5.40290952206e-52 0.00371238037539 0.00169657074853
time 0.00561521011875 0.00201938078991 2.85052035069e-40 5.36204570898e-24 5.8851935555e-46
times 2.80765060059e-103 9.58024336839e-11 4.85382590308e-40 7.51981924554e-34 0.00748178518609
tired 0.00280760504491 2.01938081072e-103 2.45571596632e-103 1.77374695986e-103 1.87044631871e-103
titles 2.80760504491e-103 2.01938081072e-103 2.45571596632e-103 1.77374695986e-103 0.00187044631871
to 2.80760504542e-103 0.000462788140632 0.00295110757825 0.0546058496598 0.0426153230806
toil 2.80760513979e-103 9.70112462934e-21 0.00245571596632 1.77374731553e-103 5.29599198547e-51
tomb 1.10234749459e-07 1.01275985202e-30 0.00245561954776 1.96173799973e-72 4.78115258862e-55
tomorrow 2.80760504491e-103 5.96097778181e-47 2.45571596632e-103 0.00177374695986 1.87044631871e-103
tongue 2.80760505144e-103 2.01938155458e-103 2.45571597129e-103 3.97473745638e-58 0.00561133895612
too 0.00242135646758 1.6780408227e-06 1.99764047887e-43 5.78280668832e-62 0.00586710620644
tops 2.8076050453e-103 2.01938081072e-103 4.21720965682e-92 0.00177374695986 1.8707802181e-103
torment 2.80760504491e-103 4.41026143338e-13 2.63946562194e-67 0.00177374695948 2.15518380645e-37
touches 2.8076050451e-103 0.00201938079508 1.03549676165e-65 1.37373262838e-11 3.60485352028e-25
travel 2.80760504491e-103 0.00183495981253 0.000224269844119 1.77374696159e-103 0.00187044608113
travels 2.80760504491e-103 2.01938081072e-103 2.45571596632e-103 1.77374695986e-103 0.00187044631871
treasure 0.00561521008982 2.01938081072e-103 2.45571596632e-103 1.77374695986e-103 2.81036400551e-67
trenches 2.8076051398e-103 5.24469482014e-22 0.00245571596632 1.77374711357e-103 3.65936698473e-59
trifle 2.80760504491e-103 0.00201938081072 2.45571596632e-103 6.87215403568e-97 1.87044631871e-103
trim 0.00280760504491 2.01938081072e-103 2.45571596632e-103 1.77374695986e-103 1.87044631871e-103
tripping 2.80760504491e-103 0.00201938081072 2.45571596632e-103 1.77374695986e-103 1.27456716312e-87
true 2.80760504491e-103 2.01938101784e-103 2.45571596795e-103 1.77374695986e-103 0.00374089263741
truest 1.00810157787e-26 2.01938115455e-103 0.00245571596632 1.77374695986e-103 6.2303363893e-65
trust 0.00561521008982 2.01938081072e-103 2.45571596632e-103 1.77374695986e-103 1.87044631871e-103
truth 0.00309251346031 7.43233797454e-11 0.00434992606488 0.00199932356689 7.80403823975e-41
turns 2.80760504491e-103 2.01938081074e-103 0.00245571596632 1.77374731699e-103 4.64746812453e-28
twice 2.80760504491e-103 2.01938101414e-103 2.45571596795e-103 1.77374695986e-103 0.00187044631871
twixt 2.80760504491e-103 0.00201938081072 4.06791206723e-24 1.77374701019e-103 1.87044631871e-103
two 2.80760504491e-103 0.00201938081072 2.93426015101e-29 7.84992224489e-73 1.87044631871e-103
tyrant 1.74201733484e-35 1.72137631378e-71 0.00243739138049 1.77374696695e-103 0.00188440361449
unbless 2.80760504491e-103 0.00201936599624 9.89405613867e-39 3.81658742352e-101 1.37218721252e-08
uncertain 2.80760504491e-103 2.01938081072e-103 0.00245571596632 1.77374731374e-103 1.87044631871e-103
under 2.80760504491e-103 0.00375800141725 6.31032868201e-14 7.96447097886e-39 0.00213049974076
undivided 2.80760505745e-103 8.90507179394e-22 1.34985376415e-58 1.81993864146e-45 0.00187044631871
unfair 2.80760504491e-103 0.00177669561326 0.000295123094678 1.77374696283e-103 1.87044631871e-103
unfathered 0.00280760504491 2.01938081072e-103 2.45571596632e-103 1.77374695986e-103 1.87044631871e-103
unhappily 2.80760504491e-103 2.0193810524e-103 2.45571596632e-103 1.77374695986e-103 0.00187044631871
unkindness 8.87946555009e-21 2.01938116949e-103 0.00245571596632 1.77374695986e-103 3.47732502244e-62
unlearned 2.80760504491e-103 3.05082837305e-44 5.52116533212e-52 0.00177374695986 1.87044631871e-103
unless 2.80760504491e-103 1.53806531432e-45 2.43772922154e-14 0.00177374695985 1.87044631871e-103
unlooked 2.80760504491e-103 1.12179585442e-49 0.00245571596632 8.74731806635e-77 1.87044631871e-103
unmoved 2.80760504491e-103 1.68999108421e-46 2.45571596632e-103 0.00177374695986 1.87044631871e-103
unprovident 0.00280760504491 2.01938081072e-103 2.45571596632e-103 1.77374695986e-103 1.87044631871e-103
unrespected 0.00280760504491 2.01938081072e-103 2.45571596632e-103 1.77374695986e-103 1.87044631871e-103
unswept 2.80760504491e-103 2.0193810524e-103 2.45571596632e-103 1.77374695986e-103 0.00187044631871
unto 2.80760504491e-103 2.01938081072e-103 3.11460086452e-62 0.00177374695986 1.0617054688e-67
up 2.8076050462e-103 5.75965130889e-40 1.19220499464e-45 0.00886873479932 4.72661625969e-33
upon 2.80760507644e-103 0.0145288155431 5.35172968352e-14 0.00497591162425 1.50822826558e-09
urge 0.00280760504491 2.01938081072e-103 2.45571596632e-103 1.77374695986e-103 1.87044631871e-103
use 2.80760506453e-103 6.96241687872e-51 8.37944785327e-99 0.001808867141 0.00183341149074
uttering 2.80760504491e-103 2.22967189184e-36 4.81940656919e-24 0.00177374695986 1.87044631871e-103
valley 2.8076051398e-103 2.01938116439e-103 0.00245571596632 1.77374695986e-103 2.4973633117e-73
variation 6.74922088655e-103 2.80606216772e-71 0.00245571596632 5.32979952669e-55 6.51946084007e-70
vassal 2.80760504491e-103 0.00184466587743 0.000212466241609 1.77374696383e-103 1.87044631871e-103
verse 0.00842281513473 0.00201938081072 2.45571596632e-103 1.77374699229e-103 1.87044631871e-103
view 0.00280760504646 0.00403852555798 5.27200133252e-19 2.09498570282e-64 2.18652134561e-07
vile 2.80760504491e-103 0.00201938081072 2.45571596632e-103 8.08447878553e-20 1.87044631872e-103
vilest 1.02071490469e-41 2.01938115455e-103 0.00245571596632 1.77374695986e-103 1.149756066e-70
virtuous 2.2117690044e-45 5.08469868046e-27 0.00245571596632 1.52066768726e-50 2.84591194227e-59
vowing 2.80760504491e-103 7.70532206415e-63 2.45571658523e-103 1.77374737818e-103 0.00187044631871
vulgar 0.00280509769428 9.20345257832e-29 0.00245790906003 1.77374731346e-103 8.96201481778e-55
wail 2.56248640647e-32 7.42800983635e-24 0.00491143193264 6.99037601804e-33 2.7509859355e-32
walls 5.66561164399e-14 2.64156429419e-55 0.00245571596627 1.34930755966e-89 8.79751870441e-44
want 2.80760504491e-103 2.01938084891e-103 0.00245571596632 1.77374695986e-103 1.87044631871e-103
wanting 2.80760504491e-103 2.01938081072e-103 2.45571596632e-103 1.77374695986e-103 0.00187044631871
war 2.80760504495e-103 0.00403876162143 3.50255530365e-24 1.7737472742e-103 5.08214651812e-55
wards 2.80760504491e-103 2.01938081072e-103 3.1938080308e-62 0.00177374695986 9.65392627311e-67
was 2.80760504491e-103 0.00362574804733 2.02840631048e-08 0.00213650765439 1.78203123019e-19
waste 0.0056152100954 5.27567850149e-09 2.45571596674e-103 1.02653695723e-75 0.00187044142841
way 0.00280760504491 2.01938081072e-103 2.45571596632e-103 1.77374695986e-103 1.87044631871e-103
we 2.80760504581e-103 3.63246235264e-52 9.2392853039e-71 0.00346163760009 0.00196098326712
weakens 2.80760504491e-103 0.00201938081072 9.89133765919e-47 1.77896959941e-103 4.5413819591e-23
wealth 2.80760505205e-103 0.00403872769523 3.59085060855e-11 1.18920459183e-37 3.13967061034e-08
weary 2.80760504492e-103 6.38002464052e-20 2.45571596745e-103 1.7739062247e-103 0.00374089263741
weed 2.80760504491e-103 0.00201938081072 2.45571609452e-103 1.77374695986e-103 9.82870445091e-59
weeds 2.80760504522e-103 1.34156259554e-38 0.00491143193264 3.05588678786e-71 1.87047007112e-103
were 6.33231032312e-48 4.45125793055e-13 0.00982286386474 3.98512261442e-80 1.76696314326e-78
what 2.80760506701e-103 0.0083705775358 0.0114465696111 0.000343547634463 1.93629224179e-20
when 7.266157302e-84 0.0020692930267 5.62856201626e-16 0.0354310982135 5.47638515908e-52
where 0.00561521009011 2.01938081072e-103 1.617998888e-40 0.00709498783927 8.71120470547e-53
wherein 2.80760504491e-103 0.00202935699738 0.00244358416848 4.00360784096e-14 1.46249304779e-11
whereon 2.80760504491e-103 1.61411007581e-55 0.00245571596102 3.82683667936e-12 1.87044631871e-103
whereto 2.80760504491e-103 2.23460742525e-46 1.54940946359e-11 0.00177374694867 1.87044631871e-103
wherever 2.80760504491e-103 2.01938099945e-103 2.45571596923e-103 1.77374695987e-103 0.00187044631871
which 2.94265059717e-84 6.48144095393e-07 0.0463936533505 0.00373829620666 7.03496629939e-14
while 2.80760504514e-103 6.68664974137e-51 2.68828836235e-07 0.00709479366621 1.87045449662e-103
white 0.00280760504491 2.01938081072e-103 2.45571596632e-103 1.77374695986e-103 1.87044631871e-103
who 2.80760504491e-103 4.68612103e-38 0.00277574322416 0.00509008736532 1.87044631871e-103
whose 2.80760504491e-103 1.9383329059e-10 3.53386023538e-42 0.0070949876692 3.03546999461e-17
wide 2.80760504491e-103 0.00201938081072 2.45571596632e-103 8.8270233034e-24 1.87044631871e-103
wife 0.00280760504491 2.01938081072e-103 2.45571596632e-103 1.77374695986e-103 1.87044631871e-103
wights 0.00280760504491 2.01938081072e-103 2.45571596632e-103 1.77374695986e-103 1.87044631871e-103
will 0.00580083606849 3.04534992493e-22 0.0143855076332 0.00190836086093 4.36578042718e-08
wilt 2.80760504491e-103 0.00201938081072 8.34274553916e-52 1.77374695986e-103 1.87044631871e-103
win 0.00280760504491 2.01938081072e-103 2.45571596632e-103 1.77374695986e-103 1.87044631871e-103
wires 2.80760504491e-103 2.15619078749e-51 0.00491143193264 1.77374731069e-103 1.87044631871e-103
wiry 2.80760504491e-103 0.00201938081072 2.46013798684e-103 9.89819268768e-28 1.87044631871e-103
wit 0.00280760504491 2.01938081072e-103 2.45571596632e-103 1.77374695986e-103 1.87044631871e-103
with 2.80760504677e-103 0.0451931494762 5.77544763891e-19 0.0226707720471 0.0109215453082
within 0.00280760504491 2.01938081072e-103 2.45571596632e-103 1.77374695986e-103 1.87044631871e-103
without 2.80760504491e-103 1.43116775448e-28 5.39918933137e-27 0.00709498783945 2.15761286836e-34
witness 2.80760504491e-103 0.00201938081072 2.45571596746e-103 2.52968800488e-48 3.85388954843e-102
woeful 2.80760504491e-103 2.01938105239e-103 2.45571596632e-103 1.77374695986e-103 0.00187044631871
woes 2.80760504491e-103 2.01938081072e-103 2.45571596632e-103 0.00177374695986 1.87044631871e-103
woman 2.80760505048e-103 2.01938081072e-103 2.45571596632e-103 0.00177374695986 9.77011988502e-30
womb 2.80760504491e-103 0.00201938081072 2.46881158407e-103 4.15569842018e-76 1.87044633626e-103
womens 2.80760504491e-103 2.01938081072e-103 2.45571596632e-103 1.77374695986e-103 0.00187044631871
wood 2.80760504554e-103 2.01938081072e-103 0.00245571596632 1.77374701289e-103 1.87047320654e-103
work 2.80760504491e-103 0.00201938081072 2.45571596978e-103 8.3521459936e-51 1.87044631985e-103
works 2.80760504491e-103 2.01938081072e-103 2.45571596632e-103 1.77374695986e-103 0.00187044631871
world 2.80760504491e-103 0.0100969040536 1.70854162041e-16 1.77374942996e-103 3.23521692396e-93
worlds 2.80760505012e-103 3.36542467808e-24 1.22511734468e-50 0.00177374695986 1.58886452767e-15
worms 2.80760504491e-103 2.01938081072e-103 2.49327863694e-63 0.00177374695986 1.31956635082e-67
worser 2.80760504491e-103 9.83623507307e-67 2.45571859686e-103 4.67599967649e-90 0.00187044631871
worst 2.80760504712e-103 1.79119560287e-10 7.54204951645e-67 3.03590535693e-17 0.0018704461528
worth 2.80760504971e-103 3.29418841694e-21 6.8680707399e-62 3.00597630936e-58 0.00374089263741
worthy 2.80760504491e-103 2.0193810524e-103 2.45571596632e-103 1.77374695986e-103 0.00187044631871
would 2.80760506453e-103 2.01938081072e-103 2.45571596632e-103 2.42298263904e-08 0.00187042076794
wound 2.80760504491e-103 0.00201938081072 4.39876073038e-16 1.77374745074e-103 1.87044663389e-103
wrinkles 4.93889827849e-49 2.01938088896e-103 0.00245571596632 4.3544858502e-49 5.10296989607e-87
year 0.00280760504491 2.01938081072e-103 2.45571596632e-103 1.77374695986e-103 1.87044631871e-103
yellow 2.80760504491e-103 0.00201938081072 9.01070869777e-77 1.77374695986e-103 1.87044631871e-103
yet 2.80760505116e-103 0.00638739856941 0.00451103219045 7.48623938543e-21 1.01847906224e-12
you 0.00561521009043 0.0171467129199 3.34021844615e-28 1.37090582401e-31 0.00656325677235
your 2.80760504836e-103 0.00844588791062 2.60632722458e-27 4.05753314383e-19 0.0239746053104
yours 2.80760504554e-103 2.01938081072e-103 0.00245571596632 3.63620355192e-49 4.71301084816e-96
youth 0.003043685832 5.50849813184e-37 0.00468464838162 2.53307785312e-61 0.00188590196272
youthful 2.80760504491e-103 2.0193809955e-103 2.4557159678e-103 1.77374695986e-103 0.00187044631871
