2.706570161002351804e-09 1.164865705247046801e-01 1.821189132711152070e-01 4.157960085648711298e-86 1.994533760317437582e-18 7.354356600925699681e-53 7.013945134976099505e-01 1.089032635756544182e-52 4.985976828217252965e-45 3.010009674705920808e-98 6.496844466588446159e-103 7.644314045469342201e-21
6.380476481320951354e-01 9.711498985682477141e-22 3.619513441151455124e-01 4.670041361376483865e-103 1.070118537131925295e-18 2.105702296988906120e-33 1.725325889607546340e-28 1.007752759194727538e-06 2.815384170790809113e-55 4.704081586155774574e-103 4.655506630710283819e-103 2.226735757368675004e-60
5.834040449718962691e-45 8.475638158763780516e-02 2.013461584479628655e-02 2.949295110243876391e-103 5.285759881591788045e-60 3.787362898269062359e-69 5.406075424128052861e-35 2.938550698594194897e-103 1.305381081877405453e-02 2.933504743888476915e-103 2.919000992212235713e-103 8.820551917487918780e-01
1.099589328064807406e-41 1.324324097641053894e-75 8.769987582913960506e-86 7.762086099051106271e-103 1.000000000000000000e+00 9.561783768792171953e-52 2.843870901824784977e-59 2.758075781312736992e-41 1.180893020357619424e-76 2.415119659962426887e-61 7.692961895706794651e-103 7.692961895706794651e-103
3.641739959683163840e-03 3.471230011143208727e-01 9.641601819149787286e-38 8.181142677218683234e-42 3.580962609328667117e-31 3.115416026725633114e-01 8.606500614251425625e-38 6.653000744503702324e-02 2.711636488083956076e-01 3.364152168391747009e-62 2.068347808926394942e-103 3.980096479847466919e-74
2.941260385140646930e-22 2.082880531481819228e-05 1.630742592755856268e-31 1.617364415783330332e-75 9.999791711907615177e-01 2.706899854252537219e-25 3.923702267116287018e-12 5.288051695030336810e-34 2.439222805649372841e-32 3.829074141784888345e-57 2.828885540136386114e-103 3.085803391569035223e-81
9.683900519027615638e-14 1.759361356482597717e-16 7.010603296147759345e-01 1.791544785834380901e-84 6.956715156882968568e-27 3.135769753298062638e-41 2.933809809852175321e-01 2.667374290178484634e-92 1.227361665957292381e-13 3.062065715270666996e-103 3.049329975874907948e-103 5.558689399786820307e-03
8.120654661704936050e-02 1.394897659584197771e-37 9.356356351715150189e-44 1.078546547204368801e-41 3.927531866240641920e-22 7.789623279360694541e-01 4.187141969317420409e-38 1.398311254468811715e-01 1.206826713202519200e-46 1.106031969796154912e-58 8.270619377561425717e-103 2.563454189830469784e-91
1.286728102072668798e-36 3.979194323747758304e-34 8.682405936203997981e-40 1.663357516436808201e-50 9.646626270475567561e-25 1.914207687392416247e-44 8.602776749899219144e-01 8.204207096580019842e-02 5.768025404427779695e-02 4.846941579506011103e-24 6.950614651173301162e-103 1.621529723618888905e-96
3.039606525447515264e-02 2.353739239121872641e-49 5.792019647011585662e-103 2.249737762175039922e-55 2.629326610342174635e-55 6.246063333333580214e-01 1.324072159555930442e-59 3.449976014121666767e-01 2.070617468379440885e-23 1.731360285389460898e-56 5.746761316062006529e-103 5.746761316062006529e-103
3.294174250728946675e-103 9.269879215901752232e-45 3.289871815547626456e-103 4.275952134958942441e-01 1.481827942951742957e-66 3.335503129929461047e-50 3.313739265557799869e-103 3.473441449197129508e-52 1.399669958942931370e-78 5.724047865041058669e-01 3.289473684210526616e-103 3.289473684210526616e-103
0.000000000000000000e+00 0.000000000000000000e+00 0.000000000000000000e+00 0.000000000000000000e+00 0.000000000000000000e+00 0.000000000000000000e+00 0.000000000000000000e+00 0.000000000000000000e+00 0.000000000000000000e+00 0.000000000000000000e+00 0.000000000000000000e+00 0.000000000000000000e+00
