 0 1 2 3 4
abhor 2.29379246764e-103 1.13452940243e-72 0.00237846991215 1.44045056727e-103 3.65045796749e-103
abundance 2.29379246764e-103 1.96179946557e-103 2.37846991215e-103 0.00143854947796 2.95176291497e-103
abuse 0.00229379246764 1.96179946557e-103 2.37846991215e-103 1.43854947796e-103 2.94358639852e-103
abuses 2.294812076e-103 0.00196179946557 2.37846991215e-103 1.44195263205e-103 2.94358639852e-103
acceptable 0.00229379246764 1.96179946557e-103 2.37846991215e-103 1.43854947796e-103 1.82109531475e-22
account 2.29379246764e-103 1.96179946557e-103 2.37861164677e-103 0.00143854947796 2.94358639852e-103
accumulate 0.00229379246764 1.96179946557e-103 2.37846991215e-103 1.43854947796e-103 2.94358639852e-103
acquaintance 2.29923339901e-103 0.00196179946557 2.37846991215e-103 1.43854947796e-103 0.00294358639852
add 4.03177257354e-86 4.34494682093e-93 0.00475693982429 1.43862928582e-103 4.84069427851e-70
adders 2.29603665514e-103 0.00196179946557 2.37846991215e-103 1.4399174658e-103 2.94358639852e-103
addeth 2.30334796012e-103 1.96179946557e-103 1.18992970284e-57 0.00143854947796 2.94358639852e-103
adding 2.29379246764e-103 1.96180016459e-103 2.37846991479e-103 0.00143854947796 2.96310701192e-103
admired 2.29379246764e-103 1.98298149451e-103 0.00237846991215 1.44052784876e-103 1.55120079272e-31
adoting 0.00229379246764 1.96179946557e-103 2.37846991215e-103 1.43854947796e-103 2.94358639852e-103
adverse 2.29379246764e-103 1.96179946557e-103 2.37846991215e-103 0.00143854947796 2.96356167781e-103
advocate 0.00229379246764 1.96179946557e-103 2.37846991215e-103 1.43854947796e-103 2.94358639852e-103
afar 2.29392872637e-103 0.00196179946557 2.37846991215e-103 1.446282162e-103 2.94358639852e-103
affairs 2.29570147137e-103 0.00174983333505 2.37846991215e-103 0.00159398012812 2.943696501e-103
affords 0.00229379246764 1.96179946557e-103 2.37846991215e-103 1.43854947796e-103 2.94358639852e-103
after 2.29379246764e-103 1.96179946557e-103 2.37846991215e-103 0.00287709895592 2.9772541548e-103
again 2.297679537e-103 1.96265351154e-103 2.37847021437e-103 1.46226862552e-92 0.00588717279704
against 2.29733415681e-103 1.96179946557e-103 2.37846991215e-103 1.43854947796e-103 0.00588717279704
age 0.00468565459059 1.96340184104e-103 1.38476402703e-22 0.00281559467712 1.51980005608e-96
ages 2.29379246764e-103 4.04288336627e-63 0.00152008721059 1.10670697066e-87 0.00400591795552
aggravate 2.29379312239e-103 1.96794502522e-103 0.00237846991215 1.43854947796e-103 2.94358639852e-103
air 0.00229379246764 1.96179946557e-103 2.37846991215e-103 1.43854947796e-103 2.94358639852e-103
all 2.86895372974e-96 0.00159345641954 0.0136034781628 0.00828769661423 0.0167995936691
alone 0.00229379246764 1.96179946557e-103 2.37846991215e-103 1.43854947796e-103 2.94358639852e-103
already 2.2967310202e-103 0.00196179946557 2.37846991215e-103 1.44163482611e-103 2.94358639852e-103
although 2.29379246764e-103 1.96188746799e-103 2.37846991215e-103 0.00143854947796 9.92381346689e-76
am 2.30977950656e-103 0.00200817336198 0.00235254345382 0.00285877475417 3.09790689892e-39
among 2.29379246764e-103 1.96308024955e-103 0.00237846991215 1.46920104039e-103 2.99083778082e-103
an 2.29379246764e-103 1.9679402269e-103 0.00237846991215 1.43854947796e-103 2.94358639852e-103
and 2.31004048453e-103 0.00974622213025 2.79094732862e-20 0.0938011163787 0.0436435336139
angel 2.32591411311e-103 1.38511205316e-34 3.96868562414e-78 0.00143854947796 2.94358639852e-103
anger 2.29379246764e-103 1.96179946557e-103 2.37846991215e-103 0.00143854947796 2.94358639852e-103
another 2.29379927652e-103 0.00196179946557 2.37846991215e-103 1.43854947796e-103 2.94358639852e-103
anothers 2.29569418256e-103 0.00196179946557 2.37846991215e-103 3.48303832518e-67 2.94358639852e-103
answer 2.29763708549e-103 1.96179946557e-103 2.39982423789e-103 0.00143854947796 2.94358639852e-103
antique 2.29550023872e-103 0.00392359893114 2.37846991215e-103 1.43854947796e-103 2.94358639852e-103
antiquity 0.00265649490438 1.96179946557e-103 0.00200237798359 6.95287550253e-39 2.94358639852e-103
any 2.29379246764e-103 6.87286380729e-25 2.37854070847e-103 0.00287709895592 2.9461580881e-103
appetite 2.29379246764e-103 1.96179946557e-103 2.37846991215e-103 0.00143854947796 2.94358639852e-103
april 2.29379246764e-103 0.00196179946557 2.37848177072e-103 1.43854947796e-103 2.94358639852e-103
are 2.29379246764e-103 0.00777184653905 2.37847516254e-103 0.00149380314104 4.14577149286e-96
argument 0.00229379246764 1.96179946557e-103 2.37846991215e-103 1.43854947796e-103 2.94358639852e-103
art 0.00692021795981 0.00180451999069 2.37854506287e-103 0.00296807012927 3.03482573582e-103
arts 1.89815344164e-36 1.96690497807e-103 0.00237846991215 1.58852072458e-80 1.90275930839e-51
as 2.29751346701e-103 0.00389309296967 0.0059216064255 0.00531583422354 0.0142193050863
ashes 0.00229379246764 1.96622376225e-103 2.38699427478e-103 1.4385669845e-103 2.95107854355e-103
aspect 0.00229379246764 1.96179946557e-103 2.37846991215e-103 1.43854947796e-103 2.94358639852e-103
assailed 2.29379246769e-103 1.96179946557e-103 2.37846991215e-103 0.00143854947796 2.94358639852e-103
assured 0.00229379246764 1.96179946557e-103 2.37846991215e-103 1.43854947796e-103 2.94358639852e-103
at 5.09383765446e-66 1.08047416328e-37 0.0023744707645 0.00551891011226 0.0122607451485
attend 0.00229379246764 1.96179946557e-103 2.37846991215e-103 1.43854947796e-103 2.34439382172e-20
attending 2.29379246764e-103 1.96179946557e-103 0.00237846991215 1.43854947796e-103 1.88415210701e-90
audit 2.29379246764e-103 1.96179946557e-103 2.37846991215e-103 1.43854947796e-103 0.00294358639852
awake 0.00229379246764 1.96179946557e-103 2.37846991215e-103 1.43854947796e-103 2.94358639852e-103
away 0.0068820381909 0.00196123431701 3.665656995e-34 9.15181832914e-57 2.49127348872e-81
aye 2.29379246764e-103 1.97030433054e-103 0.00237846991215 1.43854947796e-103 6.62770616308e-96
babe 2.29379246764e-103 4.71240143234e-63 6.30148318242e-81 0.00147517370112 0.00286864523953
back 2.14539402519e-51 1.96179946557e-103 0.00237846991215 2.1496332885e-103 2.94358639852e-103
bail 0.00229379246764 1.96179946557e-103 2.37846991215e-103 1.43854947796e-103 2.94358639852e-103
barren 0.00229379246764 1.96179946557e-103 2.37846991215e-103 1.43854947796e-103 1.42675690705e-24
barrenly 2.29379246764e-103 0.00196179946557 2.37846991215e-103 1.43854947796e-103 2.94358639852e-103
base 0.00229379246764 2.01769509458e-103 2.49364812748e-35 1.43854947796e-103 2.94358639852e-103
basest 2.29379246764e-103 1.96619533057e-103 0.00237846991215 1.43854947796e-103 4.06242407164e-100
be 0.0181674821832 0.0196146285776 0.00454772610805 0.00168223360896 1.32647569278e-15
bear 2.29379246764e-103 1.96179946557e-103 2.37846991215e-103 0.00143854947796 2.95883308869e-103
bears 9.07561568242e-88 2.14608924644e-71 0.00177171243093 0.00180552938077 5.799416788e-13
beated 2.29379246764e-103 1.96179946557e-103 2.37846991215e-103 0.00143854947796 8.5814825236e-80
beauteous 2.30704972314e-103 1.96179946557e-103 2.37846991215e-103 1.43854947796e-103 0.00294358639852
beauty 1.1206865991e-100 0.00433592540554 0.0066541158631 0.00118543040746 0.00343849480042
beautys 2.29569487961e-103 0.00175068832928 2.37846991215e-103 0.00159335317744 3.04618612466e-75
been 2.29507423657e-103 1.52370618368e-75 2.37846991215e-103 0.00143854947796 7.33559235157e-32
before 0.00458758649923 1.99106062612e-103 0.00474375227519 0.00144652460891 2.56883029336e-45
beggared 2.29379246764e-103 1.96986344475e-103 2.37846991215e-103 1.12118875088e-19 0.00294358639852
behaviour 8.73180284733e-100 1.22681373742e-33 7.75620740636e-65 2.05490572704e-44 0.00294358639852
behind 0.00231353207143 1.96179946557e-103 2.37846991215e-103 0.00142616980668 2.94358639852e-103
being 2.31139346298e-103 0.00784719786228 2.37846991215e-103 1.43870993967e-103 2.94358639852e-103
believe 7.48755783449e-59 2.86839771128e-56 0.00237846991215 6.79021432466e-58 2.94358639852e-103
believed 2.29379246764e-103 0.00196179946557 2.37846991215e-103 1.43854947796e-103 2.94358639852e-103
beloved 2.29379246764e-103 1.96179946557e-103 2.37846991215e-103 0.00143854947796 1.39037064583e-68
bending 5.14069419664e-38 4.82280518248e-65 9.89775794943e-62 2.70548018578e-40 0.00588717279704
beseem 2.2937924785e-103 1.96179946557e-103 2.37846991215e-103 1.43854947796e-103 0.00294358639852
besiege 2.93253105628e-49 1.96179946557e-103 2.2234705818e-55 0.00143854947796 2.94358639852e-103
best 0.00229455599913 0.00196114644413 2.37846991215e-103 6.45733929377e-97 2.94358641778e-103
better 0.00229495173993 0.00219734256844 0.00447016719069 4.98751507008e-59 2.35432356255e-82
bewailed 2.29386009782e-103 0.00196179946557 2.37846991215e-103 1.44353780802e-103 2.94358639852e-103
birds 2.29379246764e-103 4.26825373712e-27 0.00237846991215 1.43951430704e-103 4.01499087683e-103
black 2.30361971955e-103 1.96179946557e-103 2.37846991215e-103 0.00287709895592 2.9535393667e-103
blanks 2.29379246764e-103 1.96183451653e-103 2.38245494012e-103 1.43854947796e-103 0.00294358639852
blessed 2.29379246764e-103 1.96179946557e-103 2.37846991215e-103 0.00143854947796 2.94358639852e-103
blest 2.29379246764e-103 1.96179946557e-103 2.39978195933e-103 0.00287709895592 7.31508778711e-63
blood 0.00229379246764 2.00973989069e-103 0.00237846991215 1.44114598837e-103 8.07136036657e-58
blot 2.29379246764e-103 1.96793829217e-103 0.00237846991215 1.43854947796e-103 2.94358639852e-103
blush 0.00229379246764 1.96179946557e-103 2.37846991215e-103 1.43854947796e-103 2.98483750711e-103
boast 0.00229379246764 1.96179946557e-103 2.37846991215e-103 1.43854947796e-103 2.94358639852e-103
body 2.29379246764e-103 1.96794435206e-103 0.00237846991215 1.43854947796e-103 2.94358639852e-103
born 2.29379246764e-103 1.98198983251e-103 0.00237846991215 1.4409560946e-103 3.58973601069e-49
bosoms 2.29379246764e-103 0.00196179946557 2.37846991215e-103 1.43854947796e-103 2.94358639852e-103
both 3.20311054689e-92 2.01136821103e-103 1.44747050779e-57 0.00143854947796 6.91524099239e-62
bounteous 2.46585120347e-14 1.96179946557e-103 2.37846991215e-103 1.43854947796e-103 0.00294358639849
bounty 2.29539555069e-103 0.00196179946557 2.37846991215e-103 1.44599175736e-103 2.94358639852e-103
boy 8.05558520486e-44 3.34735038552e-75 3.50869538112e-43 0.00143854947796 1.47412433665e-23
break 2.29379246764e-103 1.96794108325e-103 0.00237846991215 1.43854947796e-103 2.94358639852e-103
breast 0.00458758493528 1.96179946557e-103 2.37846991215e-103 1.43854947796e-103 2.94358639852e-103
breathers 0.00229379246764 2.01464865673e-103 4.82422628256e-91 5.19090222121e-96 6.83678978488e-61
bring 2.2992981239e-103 0.00196179946557 2.37846991215e-103 1.07642321548e-47 2.94358639852e-103
brow 0.00458758493528 1.96179946557e-103 2.37846991215e-103 1.43854947796e-103 2.94358639852e-103
building 3.68510906326e-81 1.96179946557e-103 2.93987669292e-84 0.00143854947796 2.94358639852e-103
but 2.30747589292e-103 0.00222351717266 1.24605529333e-05 0.00943741022326 0.0244346775553
by 0.00460770877063 2.26084267859e-40 0.00874102218273 0.0159991249976 0.00645958058941
calls 2.29379246764e-103 6.16371427954e-31 2.37846991215e-103 0.00143854947796 5.31316099648e-52
can 2.29488438084e-103 0.00585817052462 2.37846991215e-103 0.00145851514818 6.52290745804e-86
candles 0.00229379246764 1.96179946557e-103 2.37846991215e-103 1.43854947796e-103 2.94358639852e-103
canst 2.29626045333e-103 1.98298294084e-103 0.00236477168411 0.00144683445928 2.10401945883e-37
captain 2.29379246764e-103 0.00196179946557 2.37846991215e-103 1.43854947796e-103 2.94358639852e-103
captive 2.29379246764e-103 1.96179946557e-103 2.37846991215e-103 0.00143854947796 2.96610747398e-103
cause 2.29379246764e-103 1.96793638463e-103 0.00237846991215 1.43854947796e-103 2.94358639852e-103
change 2.29379246764e-103 1.96395398222e-103 0.00237846991215 2.51382357629e-83 2.9962301177e-103
charged 0.00229379246764 1.96179946557e-103 2.37846991215e-103 1.43854947796e-103 2.94358639852e-103
chase 2.29379468946e-103 1.9621647876e-103 7.15516347118e-76 0.00143854947796 2.94760224929e-103
cherish 0.00229379246764 1.96179946557e-103 2.37846991215e-103 1.43854947796e-103 2.94358639852e-103
chest 2.29380319384e-103 0.00196179946557 3.18044383342e-89 1.44005226946e-103 2.00659352323e-99
chide 2.39449069663e-103 1.96306035088e-103 3.47568349159e-103 0.00143854947796 3.16389344944e-103
child 2.29379246764e-103 1.98011230723e-103 0.00237846991215 9.92455677681e-88 2.96247219588e-103
chips 0.00229379246764 1.96179946557e-103 2.37846991215e-103 1.43854947796e-103 2.94358639852e-103
chopt 3.60447931143e-74 1.96179946557e-103 6.15800196073e-48 0.00143854947796 2.94358639852e-103
chose 2.29379246764e-103 1.96793638471e-103 0.00237846991215 1.43854947796e-103 2.94358640245e-103
churl 2.31353171556e-103 1.96179946557e-103 2.37846991215e-103 0.00143854947796 2.94358639852e-103
civil 2.29379246764e-103 1.96179946557e-103 2.37846991215e-103 0.00143854947796 2.94358639852e-103
clay 0.00229379246764 1.96179946557e-103 2.37846991215e-103 1.43854947796e-103 2.94358639852e-103
clean 2.29379246764e-103 1.49067492405e-49 2.3786123096e-103 0.00143854947796 1.70108390729e-85
clear 0.00458758493528 2.0568710361e-101 2.37846991215e-103 9.4800241346e-97 7.4122500731e-56
clears 0.00229379246764 1.96179946557e-103 2.37846991215e-103 1.43854947796e-103 2.94358639852e-103
cloud 2.29379246764e-103 1.96179946557e-103 2.37846991215e-103 0.00143854947796 2.94358639852e-103
clouds 2.29379246764e-103 1.98298815725e-103 0.00237846991215 1.43855048523e-103 3.07306230385e-47
cold 0.00229379246764 1.96179946557e-103 2.37846991215e-103 1.43854947796e-103 2.94358639852e-103
come 0.00231890490973 1.96179946557e-103 2.37846991215e-103 0.00141605351981 0.00590097805369
comes 2.29379246764e-103 0.00196179946557 2.37846991215e-103 1.91392375758e-21 2.94358639852e-103
commanded 2.29379246764e-103 1.96369545768e-103 2.37846991215e-103 0.00143854947796 3.76328704121e-77
commit 2.29379246764e-103 1.51778131613e-80 2.37846991215e-103 1.26850900485e-26 0.00294358639852
common 2.29379301456e-103 0.00392359893114 2.37846991215e-103 1.43854947796e-103 2.94358639852e-103
compass 2.29379246764e-103 0.00196179946557 2.37846991215e-103 1.43854947796e-103 2.94358639852e-103
composed 0.00229379246764 1.96179946557e-103 2.37846991215e-103 1.43854947796e-103 4.86159163957e-101
compounded 2.29379246764e-103 2.27156395363e-103 2.48047218416e-103 1.48124685555e-103 0.00294358639852
confined 0.00229379246764 1.96179946557e-103 2.37846991215e-103 1.43854947796e-103 2.94358639852e-103
confounded 2.29379246764e-103 2.31621756518e-81 0.00237846991215 1.44143828975e-103 5.44927590446e-46
confounding 2.29379246764e-103 3.69891762835e-70 2.37853092494e-103 4.84481169968e-93 0.00294358639852
constancy 0.00229379246764 1.96179946557e-103 2.37846991215e-103 1.43854947796e-103 2.94358639852e-103
constant 0.00229379246764 1.96179946557e-103 2.37846991215e-103 1.43854947796e-103 1.14728486488e-24
consumed 2.29379246764e-103 1.96183612309e-103 2.37846991215e-103 1.43882698548e-103 0.00294358639852
continual 2.31573993549e-103 0.00196168727879 2.37846991215e-103 8.22643883123e-08 2.94358639852e-103
contracted 2.29379246764e-103 0.00196179946557 2.37846991215e-103 1.43854947796e-103 2.94358639852e-103
controlling 2.29715342269e-103 0.00196179946557 2.37846991215e-103 5.11721690194e-54 2.94358639852e-103
convert 0.00229379246764 1.96179946557e-103 2.37846991215e-103 1.43854947796e-103 2.94358639852e-103
correct 2.29824596054e-103 0.00196179946557 2.37846991215e-103 1.4419599747e-103 2.94358639852e-103
correction 0.00229379246764 1.96179946557e-103 2.37846991215e-103 1.43854947796e-103 2.94358639852e-103
costs 0.00229379246764 1.96179946557e-103 2.37846991215e-103 1.43854947796e-103 2.94358639852e-103
could 0.00229379246764 1.96251828669e-103 2.00143935091e-62 1.43854947796e-103 2.94358639852e-103
couldst 2.29379246764e-103 1.96179946557e-103 2.37846991215e-103 0.00143854947796 2.95878915705e-103
created 2.29671230505e-103 1.96179946557e-103 2.37846991215e-103 0.00143854947796 2.94358639852e-103
creation 0.00229379246764 1.28321410376e-89 8.26972456414e-51 1.43854947796e-103 2.94358639852e-103
creature 0.00229379246764 1.96179946557e-103 2.37846991215e-103 1.43854947796e-103 2.94358639852e-103
crime 0.00229379246764 1.96179946557e-103 2.37846991215e-103 1.43854947796e-103 2.94358639852e-103
cross 0.00458758493528 1.96179946557e-103 2.37846991215e-103 1.43854947796e-103 2.94358639852e-103
crow 2.29379246788e-103 1.96179946557e-103 2.37846991215e-103 0.00143854947796 2.04217167509e-87
crowning 2.29379246764e-103 1.99338045516e-103 2.37846991215e-103 0.00131998333353 0.000242612225319
cruel 2.29379246764e-103 0.00196179946557 2.37846991215e-103 1.44597354577e-103 2.94358639852e-103
cup 0.00229379246764 1.96179946557e-103 2.37846991215e-103 1.43854947796e-103 2.94358639852e-103
cured 0.00229379246764 1.96179946557e-103 2.37846991215e-103 1.43854947796e-103 2.94358639852e-103
dancing 2.29399732642e-103 0.00196179946557 2.37846991215e-103 1.43854947796e-103 2.94358639852e-103
dart 2.29379246764e-103 1.96793638463e-103 0.00237846991215 1.43854947796e-103 2.94358639852e-103
date 0.00229379246764 1.96179946557e-103 2.37846991215e-103 1.43854947796e-103 2.94358639852e-103
day 0.00917516987056 1.96180825701e-103 2.38188991392e-103 1.43854947796e-103 2.94358639852e-103
dead 0.00688137740292 1.96179946557e-103 2.37846991215e-103 1.43854947796e-103 2.76082595917e-32
dear 2.29379246764e-103 0.00379072261028 1.06538272585e-79 0.00153598510548 2.12015296096e-17
death 2.29876283241e-103 3.11182315517e-57 1.57006686648e-40 8.06227962435e-20 0.00294358639852
deaths 2.29379246764e-103 1.99236387826e-103 0.00475693982429 1.44336114797e-103 6.35590596253e-54
decay 0.00458758493528 1.96179946557e-103 2.37846991215e-103 1.43854947796e-103 2.94358639852e-103
deceive 0.00458758493528 1.96179946557e-103 2.37846991215e-103 1.43854947796e-103 2.94358639852e-103
deceived 0.00229379246764 1.96179946557e-103 2.37846991215e-103 1.43854947796e-103 2.94358639852e-103
deeds 0.00458758493528 1.96583455467e-103 1.52717363492e-18 1.43854947796e-103 2.94358639852e-103
deep 0.00229379246764 1.96179946557e-103 2.37846991215e-103 1.43854947796e-103 0.00294358639852
deepest 2.29379246764e-103 1.96179946557e-103 2.37846991215e-103 0.00143854947796 3.11227477576e-103
deformedst 2.31353171556e-103 5.59032371843e-98 2.37846991215e-103 0.00143854947796 2.94358639852e-103
delight 0.00229379246764 1.96179946557e-103 2.37846991215e-103 1.43854947796e-103 2.94358639852e-103
delights 2.29379246764e-103 1.12006870099e-86 2.37846991215e-103 0.00143854947796 1.29092407209e-27
delves 2.30327638517e-103 1.96179946557e-103 2.37846991215e-103 0.00143854947796 2.98149825924e-103
desert 0.00229379246764 1.96179946557e-103 2.37846991215e-103 1.43854947796e-103 2.94358639852e-103
deserve 2.30334796012e-103 7.22386954086e-45 3.25924939266e-59 0.00143854947796 2.94358639852e-103
desire 2.29379246764e-103 1.96179946557e-103 2.37846991215e-103 1.43854947796e-103 0.00294358639852
despise 0.00229379246764 1.96179946557e-103 2.37846991215e-103 1.43854947796e-103 2.94358639852e-103
despised 2.29379246764e-103 0.00196179946557 2.37846991215e-103 1.43854947796e-103 2.94358639852e-103
despite 2.29379246764e-103 1.96179946557e-103 2.37846991215e-103 0.00143854947796 1.05914788439e-48
destroys 2.29379246764e-103 0.00196179946557 2.37846991215e-103 5.00843005877e-98 2.94358639852e-103
did 2.29379246764e-103 1.78436692767e-60 2.37856538341e-103 7.65434578845e-82 0.00294358639852
die 0.00688137740292 1.96179946557e-103 2.37846991215e-103 1.43854947796e-103 5.80344088532e-55
dignity 0.00229379246764 1.96179946557e-103 2.37846991215e-103 1.43854947796e-103 2.94358639852e-103
directly 2.29726677901e-103 0.00196179946557 2.37846991215e-103 4.15903976115e-46 2.94358639852e-103
discased 2.29796360577e-103 1.96272597067e-103 5.88601267522e-94 1.45257662516e-103 0.00294358639852
dispense 0.00229379246764 1.96179946557e-103 2.37846991215e-103 1.43854947796e-103 2.94358639852e-103
dissuade 2.29379246764e-103 1.96180267448e-103 2.37846991215e-103 0.00143854947796 4.95468553115e-84
distempered 2.29379246764e-103 0.00196179946557 2.37846991215e-103 1.43854947796e-103 2.94358639852e-103
do 2.29379246764e-103 0.00599352927251 0.00224737290698 1.43919880904e-103 5.11288441311e-39
doctor 1.34521010231e-89 1.96179946557e-103 2.37925710149e-103 0.00143854947796 2.94358639852e-103
doing 2.29379246764e-103 1.95359947659e-55 2.37846991215e-103 0.00143854947796 3.74783144232e-19
done 2.29379246764e-103 1.98298149451e-103 0.00237846991215 1.43854947796e-103 9.7799889287e-48
doom 0.00458758493528 1.96179946557e-103 2.37846991215e-103 1.43854947796e-103 2.94358639852e-103
dost 2.29382926927e-103 0.00196405747535 0.00237573231923 1.87091802472e-97 3.02926203143e-103
doth 2.29510681673e-103 0.0215330160882 5.67133115175e-05 1.20018876017e-70 2.05704461e-59
double 0.00229379246763 1.96793638463e-103 0.00237846991215 1.43854947796e-103 2.94358639852e-103
doubting 2.29379246764e-103 0.00196179946557 3.79053982006e-96 1.44027697738e-103 7.75391155386e-19
dove 5.51484121521e-86 1.96179946557e-103 0.00237846991215 1.20205249104e-35 2.94358639852e-103
draw 2.29379246764e-103 3.1720610821e-88 2.50173405174e-56 0.00143854947796 2.94358639852e-103
drawn 2.3061830916e-103 1.96179946557e-103 2.37846991215e-103 0.00287709895592 2.45006175965e-102
dream 0.00229379246764 1.96179946557e-103 2.37846991215e-103 1.43854947796e-103 2.94358639852e-103
dress 0.00229379246764 1.96253063714e-103 3.06514996479e-62 1.43854947824e-103 2.9593364263e-103
drinks 2.29379246764e-103 1.98369781894e-103 0.00237846991215 1.43962536462e-103 2.90089315074e-70
drowns 2.29379246764e-103 1.96793638463e-103 0.00237846991215 1.43854947796e-103 2.94358639852e-103
due 1.15164847146e-90 1.96179946557e-103 2.37846991215e-103 0.00143854947796 3.68534120769e-103
dull 2.30688927891e-103 1.96179946557e-103 2.37846991215e-103 1.43854947796e-103 0.00294358639852
dumb 0.00458758493528 1.96179946557e-103 2.37846991215e-103 1.43854947796e-103 2.96618611745e-45
dust 2.40547818794e-14 1.96232840366e-103 3.88823734077e-60 0.00143854947795 2.94358639852e-103
dwell 0.00458758493528 1.96179946557e-103 2.37846991215e-103 1.43854947796e-103 2.94358639852e-103
each 2.31975164161e-103 1.29113305493e-45 2.37854070729e-103 0.00287709895592 2.94358639852e-103
ears 2.29379246764e-103 1.96179946557e-103 0.00237846991215 1.43854947796e-103 2.94358639852e-103
earth 2.29379246764e-103 0.00196179946557 2.37846991215e-103 1.43854947796e-103 2.94358639852e-103
edge 2.29379246764e-103 1.97575829867e-103 0.00237846991215 1.4419783875e-103 5.69616408212e-66
eisel 2.29379246764e-103 2.00973994423e-103 0.00237846991215 1.43854947796e-103 2.38458509398e-51
either 2.29379246764e-103 1.96179946557e-103 2.37846991215e-103 0.00143854947796 1.31470158501e-88
else 2.29952950772e-103 0.00196179946557 2.37846991215e-103 1.44251666109e-103 2.94358639852e-103
elsewhere 2.29379246764e-103 2.02298759851e-103 0.00237846991215 4.76688333562e-19 2.94360714204e-103
ending 5.02463544554e-61 0.00196179946557 2.37846991215e-103 1.43854947796e-103 2.94358639852e-103
enemies 0.00229379246764 1.96179946557e-103 2.37846991215e-103 1.43854947796e-103 2.94358639852e-103
enjoys 2.29379246764e-103 0.00196179946557 2.37846991215e-103 1.43854947796e-103 2.94358639852e-103
enlarged 0.00229379246764 1.96179946557e-103 2.37846991215e-103 1.43854947796e-103 2.94358639852e-103
enough 2.29379452648e-103 1.96179946557e-103 2.37846991215e-103 1.43854947796e-103 0.00294358639852
envy 2.29379246764e-103 1.98298149451e-103 0.00237846991215 1.43854947796e-103 1.43322046969e-48
equipage 0.00229379246764 1.96179946557e-103 2.37846991215e-103 1.43854947796e-103 2.94358639852e-103
esteem 0.00229379246764 1.96179946557e-103 2.37846991215e-103 1.43854947796e-103 2.94358639852e-103
eternal 2.29379246764e-103 0.00426585307211 3.83905644334e-103 0.00118758114824 2.01269229855e-11
even 0.00688137740292 4.03734028506e-58 1.10613593589e-22 1.44020651711e-103 2.16913376521e-57
ever 1.18436257025e-93 0.00392359893114 2.37847462578e-103 1.43859582373e-103 2.94358639852e-103
evermore 2.29379246764e-103 0.00392359893114 2.37846991215e-103 1.43854947796e-103 2.94358639852e-103
every 2.29628837991e-103 0.0038271432698 2.37846991215e-103 0.00150927854263 2.94448197133e-103
everywhere 0.00229379246764 1.96179946557e-103 2.37846991215e-103 1.43854947796e-103 2.94358639852e-103
evil 2.29379246764e-103 9.58407202495e-17 2.37846991759e-103 1.43854947796e-103 0.00294358639852
excuse 2.29379246764e-103 1.97964654504e-103 0.00237642484887 0.00143978637597 7.79897443571e-50
expressed 0.00458758493528 1.96179946557e-103 2.37846991215e-103 1.43854947796e-103 2.94358639852e-103
extreme 0.00229379246764 1.96179946557e-103 2.37846991215e-103 1.43854947796e-103 2.94358639852e-103
eye 2.29381743671e-103 0.00392359893114 2.37853222919e-103 9.44655888389e-23 4.95831625783e-103
eyes 0.00247465945723 1.97436028457e-103 0.00704781705959 0.00285345321006 0.00875544430637
face 0.00686512481153 0.00197569973142 3.99271933933e-36 1.01400268175e-91 2.95376300714e-103
fade 0.00229379246764 1.96179946557e-103 2.37846991215e-103 1.43854947796e-103 2.94358639852e-103
fair 0.00231069512757 0.00408273488553 0.00197209892928 0.00731123746026 1.55650446467e-48
fairer 0.00229379246764 1.96179946557e-103 2.37846991215e-103 0.00143854947796 2.9484280006e-103
fairest 7.82028374585e-91 1.65955586522e-39 1.32963780235e-43 0.00143854947796 2.94358639852e-103
fall 1.08800543791e-90 2.00012385096e-103 2.37863783759e-103 0.00143854947796 2.94358639852e-103
false 2.29379246764e-103 0.00196179946557 2.37846991215e-103 5.7230409097e-101 2.94358639852e-103
far 2.29379246764e-103 0.00196179946557 2.37846991215e-103 0.00143854947796 2.94963967862e-103
faring 2.29558677935e-103 0.00196179946557 2.37846991215e-103 1.44137625011e-103 2.94358639852e-103
fast 2.29379246764e-103 1.02424262674e-95 3.17995782182e-94 1.37796031929e-59 0.00294358639852
faults 2.29470531287e-103 0.00196179946557 2.37846991215e-103 8.54379723053e-86 2.94358639852e-103
favour 2.29379246766e-103 1.96179946557e-103 2.37846991215e-103 3.13327104022e-13 0.00294358639788
fear 2.29379246764e-103 1.96179946557e-103 0.00237846991215 1.43854947796e-103 2.94358639852e-103
feature 0.00229379246764 1.96179946557e-103 2.37846991215e-103 1.43854947796e-103 2.94358639852e-103
featureless 2.48299103065e-93 1.96179946557e-103 6.23073077005e-85 0.00143854947796 2.94358639852e-103
fed 2.29379246764e-103 8.40192309812e-89 0.00237846991215 1.44060641288e-103 2.94358639852e-103
feeble 2.29379246764e-103 1.96179946557e-103 2.37846991215e-103 0.00143854947796 2.99371019634e-103
feel 2.29379246764e-103 1.96238496279e-103 0.00237846991215 2.14095220915e-52 2.94358639852e-103
fell 2.29392872637e-103 0.00196179946557 2.37846991215e-103 1.446282162e-103 2.94358639852e-103
figure 0.00229379246764 1.96261219912e-103 2.08154114444e-67 1.43854947796e-103 2.94358639852e-103
find 0.00229379246764 0.00196179946557 2.37846991215e-103 1.43854947796e-103 2.94358639852e-103
fire 2.29379246764e-103 1.62660874451e-50 1.95693918659e-97 2.2357590227e-84 0.00294358639852
first 2.36565138144e-103 1.96940031235e-103 0.00172776180497 0.00183211165972 7.39414153966e-44
fits 0.00229379246764 1.96179946557e-103 2.37846991215e-103 1.43854947796e-103 2.94358639852e-103
fixed 2.29507120834e-103 1.96179946557e-103 2.37846991215e-103 1.43854947796e-103 0.00294358639852
flower 2.29379246764e-103 2.47334690408e-103 2.37931666048e-103 0.00143854947796 3.93815074784e-81
flown 2.2946874876e-103 0.00196179946557 2.37846991215e-103 1.43988322232e-103 2.94358639852e-103
foiled 0.00229379246764 1.96179946557e-103 2.37846991215e-103 1.43854947796e-103 2.94358639852e-103
followed 2.36552240687e-77 1.97025257809e-103 0.00237846991215 3.87671341478e-33 2.44587098199e-88
folly 2.29379246764e-103 1.96179946557e-103 2.37846991215e-103 0.00143854947796 2.96610747398e-103
foolish 2.2941581062e-103 5.11709852302e-75 0.00237846991215 1.46593417733e-103 2.94358639852e-103
for 2.31519963159e-103 0.0128661626506 0.0122315982352 0.00281057460854 0.0157342445589
forbid 0.00229379246764 1.96179946557e-103 2.37846991215e-103 1.43854947796e-103 2.94358639852e-103
forced 2.33036962901e-103 1.96179946557e-103 0.00237846991215 1.45003423819e-26 5.65901137588e-59
forgot 2.30669741786e-103 1.96179946557e-103 2.37846991215e-103 1.43854947796e-103 0.00294358639852
fort 2.29379246764e-103 2.27436502026e-103 2.37856538341e-103 1.48173327683e-103 0.00294358639852
forth 2.33254363024e-103 1.96179946557e-103 2.38827415749e-103 0.00287709895592 2.94358639852e-103
fortunes 2.29543182886e-103 0.00196179946557 2.37846991215e-103 1.43854947796e-103 2.94358639852e-103
foul 2.30264725602e-103 0.00196179946557 2.37846991215e-103 7.71217628229e-102 2.94358639852e-103
found 2.29379246764e-103 1.96179946557e-103 2.37846991215e-103 1.43854947796e-103 0.00294358639852
frailties 2.29728318952e-103 1.96179946557e-103 2.37846991215e-103 0.00143854947796 6.91654662837e-84
frame 0.00229379246764 1.96179946557e-103 2.37846991215e-103 1.43854947796e-103 2.94358639852e-103
frantic 2.29379246764e-103 1.96179946557e-103 2.37846991215e-103 0.00143854947796 2.96610747398e-103
free 0.00229379246764 1.96179946557e-103 2.37846991215e-103 1.43854947796e-103 2.94358639852e-103
fresh 7.83227527621e-43 1.96179946557e-103 2.37846991215e-103 1.43854947796e-103 0.00294358639852
friend 0.00229458479782 0.00196112181363 2.37846991215e-103 1.43854947796e-103 2.94358639852e-103
friends 2.29950409553e-103 0.00392359885499 9.23248464055e-11 1.44095329034e-103 2.94358639852e-103
from 4.28176431555e-59 0.0102238519946 0.02019949735 2.80203847371e-14 0.0155889096875
fruit 0.00229379246764 1.96179946557e-103 2.37846991215e-103 1.43854947796e-103 2.94358639852e-103
gains 0.00229379246764 1.96179946557e-103 2.37846991215e-103 1.43854947796e-103 2.94358639852e-103
gainst 2.29379246764e-103 0.00196179946557 2.37847564951e-103 1.43854947796e-103 2.94358639852e-103
gaol 0.00229379246764 1.96179946557e-103 2.37846991215e-103 1.43854947796e-103 2.94358639852e-103
garments 2.29577440779e-103 0.00196179946557 2.37846991215e-103 2.16517756173e-59 2.94358639852e-103
gate 0.00229379246764 1.96179946557e-103 2.37846991215e-103 1.43854947796e-103 2.94358639852e-103
gaudy 1.23909625298e-67 0.00196179946557 2.37846991215e-103 1.20682924678e-97 2.94358639852e-103
gave 2.29379246764e-103 1.98298149463e-103 0.00237846991215 1.43955090822e-103 6.80200469823e-41
gavst 6.30346259356e-91 3.90424884446e-59 2.43743846236e-58 3.71316514333e-83 0.00294358639852
gaze 2.29379246764e-103 0.00196179946557 2.37847962886e-103 1.43857265586e-103 2.94358639852e-103
gentle 2.29476408e-103 0.00392359893114 2.37846991215e-103 1.4416905836e-103 2.94358639852e-103
gift 2.29379246764e-103 1.96179946557e-103 2.37846991215e-103 1.4385497471e-103 0.00294358639852
gifts 2.29379246764e-103 7.79233519654e-103 0.00237846991215 1.85660664207e-94 2.94358639852e-103
gildst 2.29379246764e-103 1.97132515467e-103 0.00237846991215 1.44380284028e-103 3.18778974775e-103
give 0.00458758493528 6.29891620328e-63 2.387963443e-103 1.44213402787e-103 0.00294358639852
glass 0.00229379246764 1.96179946557e-103 2.37846991215e-103 1.43854947796e-103 2.94358639852e-103
glory 4.36558210853e-89 0.00237126390644 0.00188203851342 9.93465460666e-87 1.82542717819e-99
go 0.00229379246764 1.96179946557e-103 2.37846991215e-103 1.43854947796e-103 2.94358639852e-103
god 2.29379246764e-103 1.96881538792e-103 2.37846991215e-103 0.00143854947796 1.54044007941e-44
gold 2.29456820742e-103 0.00196179946557 2.37846991215e-103 1.49679636959e-103 2.94358639852e-103
golden 2.30587756825e-103 0.00196042821852 2.37846991215e-103 1.00550884923e-06 2.94358639852e-103
gone 0.00458758493528 1.96179946557e-103 2.37846991215e-103 1.43854947796e-103 2.94358639852e-103
good 0.00229379246764 1.96179946557e-103 2.37895343194e-103 0.00143854947796 2.94358639852e-103
goodly 2.29509293385e-103 0.00196179946557 2.37846991215e-103 1.21104695012e-76 2.94358639852e-103
goodness 0.00229379246764 1.96179946557e-103 2.37846991215e-103 1.43854947796e-103 2.94358639852e-103
grace 0.00229379246764 1.96216899707e-103 6.28243703086e-65 1.43854947796e-103 2.94358639852e-103
graced 2.29379474754e-103 0.00196179946557 2.37846991215e-103 1.43871709838e-103 2.94358639852e-103
graces 9.48564326825e-50 1.96895291862e-103 0.00240205127986 0.00142428696237 1.20342985163e-57
graciously 0.00229379246764 5.23530929462e-47 3.45773091247e-43 1.43855912197e-103 3.90781688557e-39
graven 2.31353171556e-103 1.96179946557e-103 2.37846991215e-103 0.00143854947796 2.94358639852e-103
great 2.2941442975e-103 0.00196179946557 2.37846991215e-103 1.44303955345e-103 2.94358639852e-103
greater 0.00229379246764 1.96179946557e-103 2.37846991215e-103 0.00143854947796 2.94358639852e-103
grew 2.30334796012e-103 2.4083055206e-36 5.56286736668e-59 0.00143854947796 2.94358639852e-103
griefs 0.00229379246764 1.96373373466e-103 6.08659327913e-49 1.43854947796e-103 2.94358639852e-103
grind 0.00229379246764 1.96179946557e-103 2.37846991215e-103 1.43854947796e-103 2.94358639852e-103
groans 1.26320332166e-88 1.96179946557e-103 2.37846991215e-103 0.00143854947796 2.94358639852e-103
ground 0.00229379246764 1.96179946557e-103 2.37846991215e-103 1.43854947796e-103 2.94358639852e-103
grow 0.00229379246764 1.96179946557e-103 2.37846991215e-103 1.43854947796e-103 2.94358639852e-103
growing 2.2970849554e-103 0.00196179946557 2.37846991215e-103 1.44321834244e-103 2.94358639852e-103
grown 0.000458105370358 1.96717872717e-103 0.00428192307567 1.43854947796e-103 2.94358639852e-103
grows 0.00228910463798 1.96621493133e-103 1.0974748326e-24 0.00144148944529 2.35615246555e-87
growst 0.00229379246764 1.96179946557e-103 2.37846991215e-103 1.43854947796e-103 2.94358639852e-103
guard 2.29379246764e-103 1.96395398222e-103 0.00237846991215 1.4649430839e-103 2.99573317989e-103
guess 2.29379436787e-103 1.96179946557e-103 2.37846991215e-103 0.00287709895592 2.97870541716e-103
guest 0.00229379246764 1.96179946557e-103 2.37846991215e-103 1.43854947796e-103 2.94358639852e-103
guilt 0.00229379246764 1.96649909207e-103 4.6300834087e-24 1.43854947796e-103 2.94358639852e-103
gulls 2.29379246764e-103 0.00196179946557 2.37849220295e-103 1.43854947796e-103 2.94358639852e-103
habitation 2.29379246764e-103 0.00196179945572 9.99415606954e-71 3.21792039058e-53 1.47773664536e-11
had 2.29379246784e-103 2.78451592499e-100 2.37846991215e-103 0.00575419791184 4.20194817656e-49
haply 2.31847797033e-103 2.81978450238e-81 2.37846991215e-103 0.00287709895592 7.18377923463e-39
happy 2.29379246764e-103 2.54255463697e-51 0.00229727282802 0.0029262086892 4.24070014476e-35
hard 2.29379246764e-103 1.96179946557e-103 2.37861178352e-103 0.00143854947796 2.94358639852e-103
harsh 2.29379246764e-103 1.96179946557e-103 2.37846991215e-103 0.00143854947796 3.74363507679e-90
haste 0.00229379246764 1.96179946557e-103 2.37846991215e-103 1.43854947796e-103 2.94358639852e-103
hate 0.00688139907228 1.96357921134e-103 0.00237844744284 1.44837269386e-103 3.00463028096e-103
hates 2.29379246764e-103 2.03245557464e-103 0.00237846991215 1.43854947796e-103 2.94358639852e-103
hath 0.00229380536236 1.96179946566e-103 2.37850530766e-103 0.00575418982494 1.11918016414e-79
have 2.29839929627e-103 0.00202318795626 0.00239597558163 0.00671284789692 0.00381179011064
having 2.30705898925e-103 3.99534712795e-75 2.44258758158e-103 0.00287709895592 2.94780237473e-103
he 2.1937175446e-66 0.0058521037049 0.00475708019863 0.00290142840591 4.94386795607e-59
health 2.29379246764e-103 1.96179946557e-103 2.37846991215e-103 0.00143854947796 2.96809440024e-103
hear 6.4078284116e-94 1.96179946557e-103 1.25571260535e-79 0.00143854947796 6.25350633735e-49
heart 0.00688216379486 0.00588472582353 2.37847143041e-103 1.43981045846e-103 2.94358639852e-103
hearted 2.29383022154e-103 0.00196179946557 2.37846991215e-103 1.44133003689e-103 2.94358639852e-103
hearts 2.55195644298e-103 1.52375940015e-67 2.37846991215e-103 0.00287709895592 2.95212480929e-103
heat 2.29379246764e-103 0.00198703024878 0.00234788031327 1.46096214716e-103 2.01818619208e-43
heaven 0.00462706486321 1.96179946557e-103 2.37846991215e-103 0.00141378968364 2.45925083968e-29
heavens 2.29463888506e-103 0.00392359893114 2.37846991215e-103 1.45103667818e-103 2.94358639852e-103
heavily 2.34884447382e-103 2.01134973632e-103 3.64976388562e-68 0.00143854947796 3.49598335529e-63
heavy 2.29379246764e-103 1.98298149451e-103 0.00237846991215 1.43854947796e-103 1.24983492677e-50
hell 0.00229379246764 6.67404270388e-34 6.06153172089e-85 1.83226528329e-50 0.00294358639852
her 2.30346925037e-103 0.00618768526118 2.37849452624e-103 9.83685796802e-45 0.0113207785918
herald 2.29569546043e-103 1.96179946557e-103 2.37846991215e-103 1.43854947796e-103 0.00294358639852
hid 0.00229379246764 1.96179946557e-103 2.37846991215e-103 1.43854947796e-103 2.94358639852e-103
hide 0.00458758493528 1.96179946557e-103 2.37846991215e-103 1.43854947796e-103 2.94358639852e-103
hied 2.29379246764e-103 1.96179946557e-103 2.37861197912e-103 0.00143854947796 2.94358639852e-103
him 2.87214334364e-68 0.00589482517903 0.00235866240587 0.00144361700489 2.41712243971e-99
hindmost 2.29383064624e-103 1.96179946557e-103 2.37846991215e-103 1.43854947796e-103 0.00294358639852
his 4.99637458545e-50 0.0206173298864 6.59350711265e-09 5.16301274368e-64 0.0308799874402
hits 0.00229379246764 1.96179946557e-103 2.37846991215e-103 1.43854947796e-103 2.94358639852e-103
holds 2.29379246764e-103 1.96484768802e-103 1.95913410866e-52 1.4385495311e-103 0.00294358639852
home 0.00229379246764 1.96179946557e-103 2.37846991215e-103 1.43854947796e-103 2.94358639852e-103
honour 2.34269785662e-103 1.06276104063e-101 0.00239190058697 0.00143042631855 2.94358639852e-103
hope 3.14121018434e-28 1.96179946557e-103 2.37846991215e-103 1.43854947796e-103 0.00294358639852
hours 0.00229379246764 1.96179946557e-103 2.37846991215e-103 1.43854947796e-103 2.94358639852e-103
how 6.62320882959e-90 1.96179946557e-103 7.8529540428e-67 0.00431564843388 2.95166303301e-103
humble 0.00229379246764 1.96179946557e-103 2.37846991215e-103 1.43854947796e-103 1.62766123695e-40
hung 2.29379246764e-103 1.03396505715e-57 2.37846991215e-103 0.00143772529045 1.68646763503e-06
husbandry 7.98339014687e-101 1.96432861221e-103 9.21705416238e-52 0.00143854947796 1.87273508723e-62
hush 2.29379246764e-103 1.98298149451e-103 0.00237846991215 1.43993533364e-103 1.01165568615e-46
hymns 2.30389136938e-103 1.96179946557e-103 2.37846991215e-103 1.43854947796e-103 0.00588717279704
if 2.30122153124e-103 5.74499033266e-35 2.37853840475e-103 0.00838166248055 0.00345439287274
ill 0.0045875859414 2.06098853497e-103 0.00475693878103 1.44071172359e-103 3.0024458966e-56
ills 2.30797633179e-103 1.96179946557e-103 2.37846991215e-103 0.00143854947796 4.02485111891e-94
importune 2.29386479056e-103 0.00196179946557 2.37846991215e-103 1.44373848361e-103 2.94358639852e-103
imprisoned 2.30657587397e-103 0.00196179946557 2.37846991215e-103 1.45849964584e-103 2.94358639852e-103
in 1.41085089345e-87 0.00968800682861 0.0242385824251 0.024082706292 0.012156653852
infection 0.00229379246764 1.96179946557e-103 2.37846991215e-103 1.43854947796e-103 2.94358639852e-103
influence 2.29379246764e-103 1.96179946557e-103 0.00237846991215 2.34130865603e-50 2.94358639852e-103
iniquity 0.00229379246764 1.96179946557e-103 2.37846991215e-103 1.43854947796e-103 2.94358639852e-103
injuries 0.00229379246764 1.96179946557e-103 2.37846991215e-103 1.43854947796e-103 2.94358639852e-103
injury 0.00229379246764 1.96179946557e-103 0.00237846991215 8.9744465425e-88 2.94358639853e-103
insults 2.29495956627e-103 0.00196179946557 2.37846991215e-103 3.68799880917e-81 2.94358639852e-103
intelligence 0.00229379246764 1.96179946557e-103 2.37846991215e-103 1.43854947796e-103 2.94358639852e-103
into 2.29379246764e-103 1.96179946557e-103 0.00237846991215 1.43854947796e-103 2.94358639852e-103
invocate 0.00229379246764 1.96179946557e-103 2.37846991215e-103 1.43854947796e-103 2.94358639852e-103
is 3.9170936455e-59 0.00395341923417 0.019158413646 0.00421475923952 3.61526382571e-42
it 0.00462725294617 0.0169445023475 0.0110773758852 0.00362173723003 0.00638904476566
jade 0.00229379246764 1.96179946557e-103 2.37846991215e-103 1.43854947796e-103 2.94358639852e-103
jewel 0.00229379223328 1.96397098456e-103 2.43012564815e-10 1.43854947796e-103 1.39350993842e-96
joy 2.29379246764e-103 1.96179946557e-103 2.37846991215e-103 0.00143854947796 2.94358639852e-103
judgement 2.33400398804e-103 0.00196179946557 2.37846991215e-103 1.43854947796e-103 2.94358639852e-103
judgments 2.30286541239e-103 0.00196179946557 2.37846991215e-103 1.44340108641e-103 2.94358639852e-103
just 2.29379246764e-103 0.00392359893114 2.37847170166e-103 1.43906621804e-103 3.83843845164e-55
keeps 2.29379246764e-103 2.34084226789e-77 2.37856734016e-103 8.63270101818e-67 0.00294358639852
kept 2.29379246764e-103 2.01125261749e-103 2.38031869922e-103 0.00143854947796 1.3468258059e-65
kind 0.00246265852419 1.98111066096e-103 0.00261167677407 0.00119159681395 2.72598824908e-50
kinds 2.29379246764e-103 3.95190436393e-84 0.00237846991215 6.68146676895e-89 2.94358639852e-103
kingly 2.29379246764e-103 2.02721071144e-50 2.37856475067e-103 2.30304878474e-82 0.00294358639852
kiss 2.29596775643e-103 1.96179946557e-103 2.37846991215e-103 1.43854947796e-103 0.00294358639852
knife 0.00229379246764 1.96179946557e-103 2.37846991215e-103 1.43854947796e-103 2.94358639852e-103
know 0.00229379246764 1.96179946557e-103 2.37846991215e-103 1.43854947796e-103 2.94358639852e-103
knowledge 0.00229379243981 1.96966251954e-103 1.00958292651e-21 1.44077352517e-97 3.57141490631e-11
known 2.29379246764e-103 0.00196179946557 2.37846991215e-103 1.43854947796e-103 2.94358639852e-103
knows 0.00229379246764 1.96179946557e-103 2.37846991215e-103 1.43854947796e-103 5.07866951451e-91
lamb 2.29379246764e-103 2.00579039141e-103 0.00237846991215 7.32940865278e-92 2.98630433201e-103
large 2.29380249857e-103 0.00201210674423 0.00231747777163 3.07445578088e-58 2.94411455807e-103
lawful 0.00229379246764 1.96179946557e-103 2.37846991215e-103 1.43854947796e-103 2.94358639852e-103
lay 2.30109628418e-103 1.96179946557e-103 2.37846991215e-103 1.43854947796e-103 0.00294358639852
leap 2.29379246764e-103 1.96395603675e-103 0.00237846991215 1.43860751798e-103 2.9954649071e-103
leases 2.29379246764e-103 0.00196179946557 2.62899208411e-50 1.43854947796e-103 2.94358639852e-103
least 2.29379246764e-103 6.52901571302e-48 2.37857276443e-103 5.92592361114e-63 0.00294358639852
leave 0.00458758493528 1.96395398222e-103 0.00237846991215 1.45928141713e-103 2.9956733112e-103
leaving 2.29379246764e-103 1.28785116063e-83 2.37846991215e-103 0.00143854947796 2.56457083884e-31
leisure 2.29379246764e-103 2.30595119721e-85 1.27069319218e-89 1.45254888242e-103 0.00588717279704
lend 0.00229379246764 1.96179946557e-103 2.37846991215e-103 1.43854947796e-103 2.94358639852e-103
lengths 2.29379246764e-103 1.96794225553e-103 0.00237846991215 1.43854947796e-103 2.94358639852e-103
less 2.38932696205e-103 1.20046609613e-31 2.37858239695e-103 0.00149466042017 0.00282877115662
lest 2.29379246764e-103 1.9751701779e-56 2.37846991215e-103 0.00143854947796 1.73061934656e-17
let 2.35675306588e-103 1.04099931198e-92 4.62607001146e-54 0.00287621642972 0.00588897863838
lie 0.00535314902575 0.00130703961055 2.37846991215e-103 1.43854947796e-103 2.94358639852e-103
lies 2.29379246764e-103 1.98298149451e-103 0.00237846991215 1.1974040129e-79 2.08329211444e-18
life 0.00229571225702 0.00392403310655 1.59362056904e-95 4.86882972735e-92 0.00294047130471
like 2.31675636587e-103 1.9754127134e-103 0.00240080423718 0.00421387715063 0.00312419178414
lines 1.65307481397e-37 0.00196777058716 0.0023712305723 4.29048187717e-93 2.94358640224e-103
lips 0.00229379246764 1.96179946557e-103 2.37846991215e-103 1.43854947796e-103 2.94358639852e-103
liquid 2.29379246764e-103 0.00196179946557 2.37846991215e-103 5.3458212604e-22 2.94358639852e-103
live 0.00458759393448 1.96821253994e-103 1.20669517117e-31 0.0043086644992 0.00295786550558
lively 2.29379246764e-103 0.00196179946557 2.37846991215e-103 5.51431401791e-99 2.94358639852e-103
lives 0.00229379246764 1.23698631907e-99 1.62408089736e-98 9.64201483176e-31 2.94358639852e-103
living 2.31731527011e-103 0.0058853983951 3.8745793636e-28 3.51564356207e-40 2.41742048333e-12
lodged 2.29379246764e-103 1.96179946557e-103 2.37846991215e-103 1.43854947796e-103 0.00294358639852
long 2.29379246764e-103 0.00196179946557 2.37846991215e-103 1.43854947796e-103 2.94358639852e-103
look 0.00229379246764 1.98005937836e-103 0.00237846991215 1.43854947796e-103 1.54501614796e-75
looking 2.29831353982e-103 1.97979494568e-103 0.00237846991215 2.9234030137e-28 3.98433452307e-79
looks 1.66042140119e-99 0.00196417555269 0.00226276137753 1.02400492521e-79 0.00602680808678
lose 0.00688137740292 2.06986504874e-103 2.38234942256e-77 1.43854947796e-103 2.94358639852e-103
losing 1.75954848457e-56 1.96405745854e-103 0.00237846991215 1.43854947796e-103 1.14533990006e-71
loss 0.00458758493528 1.96179946557e-103 2.37846991215e-103 1.43854947796e-103 2.94358639852e-103
love 0.00976622334558 0.007098199223 0.024599371147 0.00256291550559 4.62768130417e-14
lovely 2.29379246764e-103 1.96793638463e-103 0.00237846991215 1.43854947796e-103 2.94358639852e-103
lovers 2.29547062842e-103 0.00392359893114 2.37846991215e-103 1.43915291946e-103 2.94358639852e-103
loves 4.29293253883e-55 0.00174405966099 1.16287672649e-93 1.17791657667e-21 0.00621388097412
loving 2.29379246764e-103 0.00218710319613 0.00210531347917 3.5623176971e-102 1.21170328211e-29
low 3.12520087031e-47 1.96179946557e-103 2.37846991215e-103 1.43854947796e-103 0.00294358639852
mad 2.34243532668e-103 6.68322220377e-70 3.31420742048e-76 0.00431564843388 1.53607087839e-102
made 0.00458758821959 0.00196179946558 0.00475673682513 0.00143867019643 7.27044722434e-85
madness 2.30353732727e-103 0.00196179946557 2.40947704086e-103 1.44317636375e-103 2.94368085611e-103
make 6.81148045092e-36 1.31786152253e-34 9.30006249177e-09 0.00575419228697 5.58822064478e-83
makes 2.29567093341e-103 2.82776312753e-54 2.37856732261e-103 0.00287709895592 1.02252562211e-31
making 0.00229379246764 3.05728935175e-09 2.37846991215e-103 0.00287513952825 0.00294759122815
makst 0.00229379246764 1.96179946557e-103 2.37846991215e-103 1.43854947796e-103 2.94358639852e-103
many 2.31214468598e-103 0.00184828665602 2.37846991215e-103 0.0015217862184 2.94358639852e-103
mar 0.00229379246764 1.96179946557e-103 2.37846991215e-103 1.43854947796e-103 1.63407091399e-57
march 2.30955437751e-103 1.96179946557e-103 2.37846991215e-103 0.00143854947796 2.96444661022e-103
mark 2.29379246764e-103 1.96179946557e-103 2.37846991215e-103 0.00143854947796 9.06694021021e-88
masked 2.29379246764e-103 1.96179946557e-103 0.00237846991215 6.5867294339e-32 2.97235973182e-103
may 2.29390213391e-103 6.12023669501e-10 0.00252588015929 0.00710359007047 2.9161384003e-41
mayst 0.00229379246764 1.96179946557e-103 2.37846991215e-103 1.43854947796e-103 2.94358639852e-103
me 0.00946378591952 0.0123907455623 0.0102607681477 9.04392299742e-13 0.00954941910892
measure 2.33537366836e-103 1.86412734886e-41 2.37859221902e-103 0.00143854947796 2.94358639852e-103
men 0.00534049510408 1.96179946557e-103 2.37846991215e-103 1.44361612247e-103 0.00492097547821
mens 2.29380721848e-103 1.00152334668e-62 0.00237846991215 1.43877731667e-103 2.45083924688e-55
messengers 2.29379246764e-103 0.00196179946557 2.37846991957e-103 1.43854947796e-103 2.94358639852e-103
metre 3.96075186512e-31 1.96179946557e-103 0.002378469912 8.78939359659e-14 2.94358639852e-103
might 0.00458587672455 0.00386700032519 2.0112937464e-44 0.00148112343988 7.60039875918e-90
miles 0.00229379246764 1.96311140965e-103 2.38015695921e-103 1.43854947796e-103 2.94358639852e-103
mind 0.00458758493528 2.00821740694e-103 2.37846991215e-103 1.43854947796e-103 2.94358639852e-103
mine 0.00229941265604 1.98862198437e-103 0.00951383421444 0.00575070069628 4.17845458871e-45
mistaking 0.00229379246764 1.96179946557e-103 2.37846991215e-103 1.43854947796e-103 2.94358639852e-103
mistress 2.29633643284e-103 0.00197014170527 0.00236835584774 1.43934810558e-103 3.17916426275e-103
moan 0.00229379246764 1.96179946557e-103 2.37846991215e-103 1.43854947796e-103 2.94358639852e-103
moiety 2.29380238925e-103 1.96179946557e-103 2.37846991215e-103 1.83684289602e-26 0.00294358639852
more 0.0092026746649 8.80661113957e-81 7.27476094919e-17 0.0186838936113 2.55317805172e-59
most 0.00616258697917 2.42986650216e-47 4.99568553489e-14 4.67083894748e-62 0.00680958480442
mothers 1.31109700131e-56 0.00196179946557 2.37846991215e-103 1.43854947796e-103 2.94358639852e-103
motion 9.80011153441e-12 2.03008575097e-103 1.61989725955e-47 0.00287709894978 3.0060644423e-103
mourners 2.29691383539e-103 0.00196179946557 2.37846991215e-103 1.30993015048e-87 2.94358639852e-103
mournful 0.00229379246764 1.96179946557e-103 2.37846991215e-103 1.43854947796e-103 2.94358639852e-103
mow 0.00229379246764 1.96179946557e-103 2.37846991215e-103 1.43854947796e-103 2.94358639852e-103
muse 4.09236399797e-97 0.00196179946557 1.55206072647e-52 1.43854947796e-103 2.94358639852e-103
music 2.29379246764e-103 1.96179946557e-103 2.37846991215e-103 0.00143854947796 2.95916338805e-103
must 8.26895029057e-69 0.00588539839671 0.00237846991215 4.37450227021e-28 0.00294358639852
mute 0.00229379246764 1.96179946557e-103 2.37846991215e-103 1.43854947796e-103 2.94358639852e-103
mutual 2.297288515e-103 0.00197018075586 0.00236830850313 6.74975707673e-43 3.17859032205e-79
my 2.26622548201e-84 0.0377584791979 0.0591294199012 0.00209183165037 0.00717863605678
name 0.00229379246764 1.96179946557e-103 2.37846991215e-103 0.00143854947796 2.94358639852e-103
nature 2.30606785865e-103 3.33592171341e-56 1.27034552377e-94 0.00287709895592 2.94358639852e-103
need 0.00229379246764 1.96179946557e-103 2.37846991215e-103 1.43854947796e-103 2.94358639852e-103
needs 0.00229379246764 1.96179946557e-103 2.37846991215e-103 1.43854947796e-103 2.94358639852e-103
neglect 2.29379246764e-103 1.96794435206e-103 0.00237846991215 1.43854947796e-103 2.94358639852e-103
never 2.29379261809e-103 1.96179946557e-103 2.37846991215e-103 0.00143854947796 2.94358639852e-103
new 0.0137627548058 1.96179946557e-103 2.54204351242e-26 1.43854947796e-103 1.03451146532e-34
niggarding 0.00229379246764 1.96179946557e-103 2.37846991215e-103 1.43854947796e-103 2.94358639852e-103
night 0.00688137740292 1.96179946557e-103 2.37846991215e-103 1.43854947796e-103 2.94358639852e-103
nightly 2.29379246764e-103 1.96754855888e-103 0.00237846991215 1.43854947796e-103 6.51148598646e-93
nine 2.29621532668e-103 8.88676414867e-61 2.3784811376e-103 1.44349298894e-103 0.00294358639852
no 2.30702800606e-103 0.00190450229022 0.00711706223883 0.00580730977764 4.73017490493e-43
nor 2.2941582921e-103 0.0167774894344 2.74520752128e-86 0.00495998631263 9.32086441514e-23
not 2.22322152343e-71 2.48458686368e-63 0.0127823989747 0.0232915082813 0.00422352039414
note 2.29379246764e-103 1.96179946557e-103 0.00237846991215 1.43854947796e-103 2.94358639852e-103
nothing 0.0114689623382 3.77090432712e-69 5.33523903461e-102 2.33082310419e-38 5.47637911395e-18
nourished 2.3161683477e-103 0.00196179946557 2.37846991215e-103 1.44982289094e-103 2.94358639852e-103
now 0.00229379247901 2.02195864759e-103 1.30954872562e-67 0.00287709894879 2.94358639852e-103
numbered 2.29379246764e-103 0.00196179946557 2.37846991215e-103 1.43854947796e-103 2.94358639852e-103
numbers 6.67302904269e-63 1.96303740155e-103 0.00237846991215 7.83789291192e-55 2.9435864045e-103
nurse 0.00229379246764 1.96179946557e-103 2.37846991215e-103 1.43854947796e-103 2.94358639852e-103
oaths 2.29379246764e-103 2.39511113416e-83 2.37846991215e-103 0.00143854947793 5.96486622362e-14
oblation 2.29379246764e-103 0.00196179946557 2.37847720849e-103 1.45687065456e-96 2.94358639852e-103
odours 2.29379246764e-103 0.00196179946557 2.37846991215e-103 1.43854947796e-103 2.94358639852e-103
oer 0.00462706486321 1.96179946557e-103 2.37846991215e-103 0.00141378968364 2.94358639852e-103
of 2.30668198155e-103 0.0336309658126 0.0253943523148 0.0172638341941 0.0829486767632
offences 2.29412394897e-103 0.00196179946557 2.37846991215e-103 1.43854947796e-103 2.94358639852e-103
old 0.002788686834 5.04138656473e-45 0.00680665970568 1.45957943535e-103 0.00565894287929
on 1.42154977685e-85 0.00891053421786 0.0243039959774 1.5009791834e-81 0.00364900733271
once 2.29379246764e-103 0.00196179946557 2.37846991215e-103 1.43854947796e-103 2.94358639852e-103
one 2.33948272061e-103 1.96664232916e-103 0.00475702035113 0.0100697976414 3.1756607657e-103
only 0.00688137740292 1.81826659537e-93 9.87732585913e-65 2.47647934221e-91 9.40195079697e-33
or 2.35949327683e-103 3.95132651868e-33 1.27095770897e-65 0.0201396926905 1.9479514082e-12
ordering 0.00229379246764 1.96179946557e-103 2.37846991215e-103 1.43854947796e-103 2.94358639852e-103
ornament 7.14850887072e-85 2.90518622523e-25 0.00237846991215 3.19943509877e-39 2.94358845659e-103
orphans 2.56943625488e-103 1.96434296883e-103 2.51498110117e-103 1.43854947796e-103 0.00294358639852
other 2.29511996615e-103 0.00198261753244 0.00235323025511 1.43854947796e-103 6.68706586364e-54
others 6.86069742827e-33 0.00196179946557 2.37846991215e-103 1.4385500878e-103 0.00883075919556
our 2.32065852837e-103 5.79904837583e-20 2.37854099847e-103 0.00287709895592 2.95647879839e-103
out 2.30482702882e-103 0.00588539839671 2.37847314802e-103 1.4524696649e-103 2.94358639852e-103
outbraves 2.29379246764e-103 1.96793638463e-103 0.00237846991215 1.43854947796e-103 2.94358639852e-103
outlive 2.29379246764e-103 1.96794108325e-103 0.00237846991215 1.43854947796e-103 2.94358639852e-103
own 0.00229384240635 0.00196175675476 2.37846991215e-103 1.44222974528e-103 2.94358639852e-103
owst 0.00229379246764 1.96179946557e-103 2.37846991215e-103 1.43854947796e-103 2.94358639852e-103
pace 2.29499475231e-103 0.0019550390886 2.37846991215e-103 0.0014435067312 2.94590249279e-103
page 0.00229379246764 1.96179946557e-103 2.37846991215e-103 1.43854947796e-103 2.94358639852e-103
paid 2.294504576e-103 0.00196179946557 2.37846991215e-103 1.26192417233e-61 2.94358639852e-103
palate 2.29379246764e-103 1.96829689929e-103 0.00237846991215 1.43854947812e-103 2.96262237757e-103
parallels 2.32292633109e-103 1.96179994303e-103 2.09690773321e-99 0.00143854947796 2.94358639852e-103
pardon 0.00229379246764 1.77040524307e-48 2.46580353218e-59 3.7256675302e-70 1.46560719419e-85
part 0.0137627548058 1.98723899264e-103 4.7411126506e-59 4.17996641863e-51 6.40857306777e-74
parts 2.30225013971e-103 1.96179946557e-103 2.37846991215e-103 0.00143854947796 5.12540979929e-88
party 2.29379246764e-103 1.96179946557e-103 1.84028631299e-85 0.00143854947796 2.94358639852e-103
past 0.00229379246764 1.96179946557e-103 2.37846991215e-103 1.43854947796e-103 2.94358639852e-103
pattern 3.42021442788e-79 8.4770440691e-101 1.17478832244e-61 0.00287709895592 2.97718138136e-103
pay 2.30628178391e-103 1.96179946557e-103 2.37846991215e-103 1.43854947796e-103 0.00294358639852
peep 2.30039462912e-103 0.00196175396319 1.8026766216e-44 3.33660091468e-08 2.94358639852e-103
pen 0.00458758493528 1.96179946557e-103 2.37846991215e-103 1.43854947796e-103 2.94358639852e-103
penance 2.29420087609e-103 4.14285695042e-15 2.37848505517e-103 1.43854947796e-103 0.00294358639851
pencil 2.29379246769e-103 1.96179946557e-103 2.37846991215e-103 0.00143854947796 7.37901566626e-68
pent 2.30412721404e-103 1.96179946557e-103 2.37846991215e-103 1.43854947796e-103 0.00294358639852
perceived 0.00229379246764 1.96179946557e-103 2.37846991215e-103 1.43854947796e-103 2.94358639852e-103
perfectst 2.29379246764e-103 8.25351521953e-26 3.87469210696e-85 2.89586984225e-74 0.00294358639852
perhaps 8.18957104157e-52 1.96179946557e-103 2.37846991215e-103 1.43854947796e-103 0.00294358639852
perish 0.00229379246764 1.96179946557e-103 2.37846991215e-103 1.43854947796e-103 2.94358639852e-103
perpetual 0.00229379246764 1.96179946557e-103 2.37846991215e-103 1.43854947796e-103 2.94358639852e-103
petty 2.29728751459e-103 0.00196179946557 2.37846991215e-103 1.43854947796e-103 2.94358639852e-103
pine 2.32848108698e-103 1.96263007092e-103 0.00237846991215 2.32438433793e-17 3.00055473798e-103
pitied 2.29470531287e-103 0.00196179946557 2.37846991215e-103 5.01874203865e-86 2.94358639852e-103
pity 1.62933791744e-92 1.96564052719e-103 2.37847057537e-103 0.00287709895592 2.95441933771e-103
place 0.00688137740227 1.98795236005e-103 6.71215659508e-13 1.45805167465e-103 1.40377737674e-16
plain 2.29379549955e-103 0.00196179946557 2.37846991215e-103 1.43854947796e-103 2.94358639852e-103
play 9.87614310353e-58 1.96400575175e-103 0.00475693982429 7.41446869981e-62 1.14527338187e-78
pleasing 2.30364573147e-103 1.95954597208e-48 2.37854070593e-103 0.00287709895592 2.94358639852e-103
pleasure 2.29379246764e-103 1.98298150447e-103 0.00237846991215 1.44683390004e-103 3.43322518949e-39
points 2.29379246764e-103 7.05386308683e-49 2.37846991215e-103 0.00143669827492 3.78796571221e-06
poor 2.29383046793e-103 9.49403850386e-67 0.00475693982429 1.43855992436e-103 3.14231649286e-103
possession 2.30619316176e-103 1.96179946557e-103 2.37846991215e-103 1.43854947796e-103 0.00294358639852
posterity 0.00229379246764 1.96179946557e-103 2.37846991215e-103 1.43854947796e-103 2.94358639852e-103
potions 2.29379246764e-103 1.96986344475e-103 2.37846991215e-103 1.25021372355e-22 0.00294358639852
poverty 0.00229379246764 1.96179946557e-103 2.37846991215e-103 1.43854947796e-103 2.94358639852e-103
praise 2.63273011956e-69 7.92654807326e-58 0.00467633689051 0.00153212516547 0.00285186402671
praised 0.00229379246764 1.96179956086e-103 2.37848157311e-103 1.43854977091e-103 1.64734865487e-67
prefiguring 0.00229379246764 1.96179946557e-103 2.37846991215e-103 1.43854947796e-103 2.94358639852e-103
prepare 2.29379246764e-103 1.96793639721e-103 0.00237846991215 1.43854947796e-103 2.94358639852e-103
presagers 2.30580414221e-103 1.96179946557e-103 2.37846991215e-103 1.43854947796e-103 0.00294358639852
present 2.29379246764e-103 1.96443817668e-103 0.00474374953434 1.50192062307e-103 0.0029599106572
presents 2.29379246764e-103 1.97503454311e-103 2.37846991215e-103 0.00143854947796 1.43166553985e-40
pretty 3.77132261997e-10 1.96179946557e-103 2.37846991215e-103 1.43854947796e-103 0.00294358591455
prey 0.00229379245923 1.96677313757e-103 8.72007483279e-12 3.44588322822e-42 1.93891856098e-33
pride 0.00688137740292 0.00196179946557 2.37846991215e-103 1.43854947796e-103 2.94358639852e-103
prime 0.00229379246764 1.96179946557e-103 2.37846991215e-103 1.43854947796e-103 2.94358639852e-103
prisoner 0.00229379246764 1.96179946557e-103 2.37846991215e-103 1.43854947796e-103 2.94358639852e-103
privilage 2.29379246764e-103 1.98725034421e-103 0.00237846991215 7.29300144648e-76 2.94358639852e-103
prize 2.29379246764e-103 1.97117299992e-103 2.37847321476e-103 7.96746300204e-100 0.00294358639852
proof 2.29379246764e-103 1.96793638463e-103 0.00237846991215 1.43854947796e-103 2.94358639852e-103
proposed 2.29396089705e-103 1.96179946557e-103 2.37846991215e-103 0.00143854947796 2.94358639852e-103
proud 1.56377941077e-31 1.44810202837e-80 0.00257451629358 0.00265460972263 0.00315622161437
prouder 2.29379246764e-103 1.96179946557e-103 6.3523168034e-87 0.00143854947796 2.94358639852e-103
prove 0.00229379246764 1.96179946557e-103 2.37846991215e-103 1.43854947796e-103 2.94358639852e-103
proving 2.29379246764e-103 1.96255695903e-103 2.37846991215e-103 1.43855012586e-103 0.00294358639852
pupil 2.29386009782e-103 0.00196179946557 2.37846991215e-103 1.44353780802e-103 2.94358639852e-103
purpose 2.29458539872e-103 0.00196179946557 2.37846991215e-103 1.43854947796e-103 2.94358639852e-103
put 2.29380550144e-103 1.96410371871e-103 0.00237846991215 1.25233532224e-54 2.99728679693e-103
putst 2.29379246764e-103 1.96179946557e-103 2.37846991215e-103 0.00143854947796 2.94358639852e-103
quest 2.29797379546e-103 3.16056713077e-44 7.81035733871e-93 0.00287709895592 4.24878831715e-38
rage 2.3058965162e-103 1.96179946557e-103 2.37846991215e-103 1.43854947796e-103 0.00294358639852
random 1.66960130143e-100 5.00880527906e-65 3.21601377172e-59 7.91034824412e-08 0.00294342453552
rank 2.298026261e-103 0.00590165789928 0.00235875702185 8.76626236392e-58 7.92056905088e-61
ranks 6.25381346258e-68 1.18038807543e-16 1.02599530786e-54 0.00143854947796 2.94358639852e-103
read 0.00229379246764 1.96793638463e-103 0.00237846991215 1.43854947796e-103 2.98549939432e-103
reasons 2.29420696868e-103 1.96179946557e-103 2.37846991215e-103 1.43854947796e-103 0.00294358639852
receive 2.29383987795e-103 1.96179946557e-103 0.00237846991215 1.45372906439e-103 2.94358639852e-103
reckon 0.00229379246764 1.96179946557e-103 2.37846991215e-103 1.43854947796e-103 2.94358639852e-103
recounting 2.3305352885e-103 1.96179946557e-103 2.38869317953e-58 0.00143854947796 2.94358639852e-103
reeleth 2.33806830451e-103 0.00196179946553 3.52137278147e-72 3.01992089972e-14 2.94358639852e-103
refigured 2.29382460587e-103 0.00196179946557 2.37846991215e-103 1.44306173468e-103 2.94358639852e-103
region 2.29379246764e-103 1.96179946557e-103 2.37846991215e-103 0.00143854947796 5.16859766172e-99
remembered 0.00229379246764 1.96179946557e-103 2.37846991215e-103 1.43854947796e-103 2.94358639852e-103
remembrance 2.3386879348e-103 0.00196179946557 2.37849449709e-103 2.58284592326e-83 2.94358639852e-103
render 2.29519828837e-103 0.00196179946557 2.37846991215e-103 1.43854947796e-103 2.94358639852e-103
repent 2.29379246764e-103 1.96180631626e-103 2.37848172054e-103 0.00143854947796 2.94358639852e-103
respect 0.00229379246764 1.96179946557e-103 2.37846991215e-103 1.43854947796e-103 2.94358639852e-103
rest 0.00458758493528 1.96179946557e-103 2.37846991215e-103 1.43854947796e-103 2.98239042171e-103
return 2.29379246764e-103 1.96179946557e-103 2.37846991215e-103 0.00143854947796 4.25598349175e-47
returned 2.29379246764e-103 1.96793638463e-103 0.00237846991215 1.43854947796e-103 2.94358639852e-103
revolt 2.29379246764e-103 1.96884488963e-103 0.00237846991215 1.43854947796e-103 2.94384883364e-103
revolution 2.29379246764e-103 1.96179946557e-103 1.10231395631e-34 0.00143854947796 2.94358639852e-103
rhetoric 2.29379246764e-103 1.96793638463e-103 0.00237846991215 1.43854947796e-103 2.94358639852e-103
rhymers 2.29401430469e-103 0.00196179946557 2.37846991215e-103 1.08959652821e-73 2.94358639852e-103
rich 2.29968166209e-103 1.9887717737e-103 2.90240185392e-89 1.43854951953e-103 0.00588717279704
richer 2.29379246764e-103 1.96179946557e-103 2.37846991215e-103 0.00143854947796 6.99526690749e-89
ride 0.00229379246764 1.96179946557e-103 2.37846991215e-103 1.43854947796e-103 2.94358639852e-103
rigour 2.29391140582e-103 0.00196179946557 2.37847350621e-103 1.43854947796e-103 2.18645845017e-55
robbing 2.29379246764e-103 1.96450755623e-103 2.37846991215e-103 0.00143854947796 7.08920710112e-71
robe 2.29379246764e-103 1.97575829867e-103 0.00237846991215 1.43854947796e-103 1.48509317079e-68
room 0.00229379246764 1.96179946557e-103 2.37846991215e-103 1.43854947796e-103 2.94358639852e-103
rose 0.00229379246764 1.96179946557e-103 2.37846991215e-103 1.43854947796e-103 2.94358639852e-103
rude 2.29379246764e-103 1.96179946557e-103 0.00237846991215 1.43854947796e-103 2.94358639852e-103
sad 2.29379246764e-103 1.96179946557e-103 0.00237846991215 1.43854947796e-103 2.94358639852e-103
sake 0.00458758493528 1.96179946557e-103 2.37846991215e-103 1.43854947796e-103 2.94358639852e-103
salve 2.30654580978e-103 1.96179946557e-103 2.37846991215e-103 1.43854947796e-103 0.00294358639852
same 0.00229379246764 1.96179946557e-103 2.37846991215e-103 1.43854947796e-103 2.94358639852e-103
save 2.29379246764e-103 1.96275460714e-103 2.37846991215e-103 0.00431564843388 9.62022701e-85
say 2.30122813978e-103 1.96179950457e-103 2.37846992635e-103 0.00287709895592 2.94358639852e-103
scope 2.29379246764e-103 0.00196179946557 2.37846991215e-103 1.43854947796e-103 2.94358639852e-103
score 0.00229379246764 1.96179946557e-103 2.37846991215e-103 1.43854947796e-103 2.94358639852e-103
scorned 0.00229379246764 1.96179946557e-103 2.37846991215e-103 7.43452268745e-92 2.94358639852e-103
scythe 2.29379246764e-103 1.97694970754e-103 0.00237846991215 1.43987701317e-103 6.6434798905e-64
see 0.00458758493528 2.16151566559e-103 0.00475693982429 1.43854947796e-103 2.94393575256e-103
seem 0.00229379246764 1.96179946557e-103 2.37846991215e-103 1.43854947796e-103 2.94358639852e-103
sees 2.29521246097e-103 1.96179946557e-103 2.37846991215e-103 1.43854947796e-103 0.00294358639852
self 0.00841079317691 1.20309838492e-65 0.0160672018687 0.00215051375294 0.00907522648598
selfdoing 2.29379246764e-103 0.00196179946557 2.37846991215e-103 1.45936693379e-103 2.94358639852e-103
sense 0.00229379246764 1.96179946557e-103 2.37846991215e-103 0.00143854947796 2.94358639852e-103
service 2.29379246764e-103 1.96793838203e-103 0.00237846991215 1.43854947796e-103 2.94358639852e-103
serving 2.2944211581e-103 0.00196179946557 2.37846991215e-103 1.43854947796e-103 2.94358639852e-103
sets 2.29379246764e-103 1.31118164679e-62 2.37846991215e-103 0.00143854947796 2.30938931656e-50
shadow 0.000863796618224 1.99826830158e-103 0.0062397252769 2.34225215313e-47 2.94397128053e-103
shall 2.29914100675e-103 1.31407780385e-21 7.06526754915e-36 0.00993811280722 0.00321314198776
shalt 2.30635270408e-103 0.00196179946557 2.37846991215e-103 5.79649735575e-24 2.94358639852e-103
shame 0.00229379246764 2.9169963959e-92 0.00237846991215 1.65934156745e-71 2.95155666826e-103
shape 2.34502971432e-103 1.96365187679e-103 2.52943071553e-102 0.00287709895592 2.94415120244e-103
shapes 2.29415076076e-103 1.97009380448e-103 0.00237846991215 1.43854947796e-103 2.94358639852e-103
sharp 1.05040386989e-99 1.96179946557e-103 2.0568848864e-45 0.00143854947796 2.94358639852e-103
she 0.00229379246764 1.96179946557e-103 2.37846991215e-103 0.00143854947796 2.94358639852e-103
shifts 2.29379246764e-103 2.00778976699e-103 2.37846991215e-103 6.26820606038e-53 0.00294358639852
shoot 2.4692592569e-103 1.96179987628e-103 2.37846991251e-103 0.00143854947796 6.08617415298e-72
shore 2.29379246764e-103 1.96179946557e-103 2.37846991215e-103 0.00143854947796 2.94358639852e-103
short 2.29379246764e-103 1.19160336531e-21 0.00237846991215 1.43854947796e-103 2.94358639852e-103
should 2.2939920657e-103 0.00391460155163 1.34824299379e-07 1.43903604228e-103 0.00295691967864
shouldst 2.45596646156e-103 4.90829453489e-78 6.67047983634e-96 5.50729175848e-09 0.00588716152792
show 0.00458758493528 1.5044063407e-96 2.37846991215e-103 5.55181125244e-66 9.77514810415e-79
showers 0.00229379246764 1.96179946557e-103 2.37846991215e-103 1.43854947796e-103 2.94358639852e-103
shown 0.00229379246764 1.96179946557e-103 2.37846991215e-103 1.43854947796e-103 2.94358639852e-103
sick 1.78299078089e-85 1.96179946557e-103 2.37846991215e-103 0.00143854947796 2.94358639852e-103
sickles 2.29379246764e-103 1.98298149451e-103 0.00237846991215 1.43854947796e-103 6.45710845849e-46
side 0.00458758493528 1.96179946557e-103 2.37846991215e-103 1.43854947796e-103 2.94358639852e-103
sight 0.00229379246764 1.96179946557e-103 2.37846991215e-103 1.43854947796e-103 2.94358639852e-103
sightless 2.30788038528e-103 0.00392359893114 2.37847156189e-103 1.43855030931e-103 2.94358639852e-103
silence 0.00229379246764 1.96179946557e-103 2.37846991215e-103 1.43854947796e-103 2.94358639852e-103
since 2.29379246764e-103 1.9618125647e-103 2.37846991215e-103 0.00143854947796 4.66795806001e-55
sing 0.00458758493528 1.96179946557e-103 2.37846991215e-103 1.43854947796e-103 2.94358639852e-103
sings 0.00229379246764 1.96179946557e-103 2.37846991215e-103 1.43854947796e-103 2.94358639852e-103
situation 1.33406143257e-52 1.96405843418e-103 0.00237846991215 1.4385784912e-103 7.38503511961e-68
skill 0.00458758493528 1.96179946557e-103 2.37846991215e-103 1.43854947796e-103 2.94358639852e-103
slanderers 2.29751220912e-103 1.96179946557e-103 2.37846991215e-103 0.00143854947796 2.94358639852e-103
slandering 2.29379246764e-103 0.00196179946557 2.37846991215e-103 9.65391755635e-22 2.94358639852e-103
slave 2.29808514552e-103 1.96179946557e-103 2.37846991215e-103 0.00143854947796 2.94358639852e-103
sleep 2.29379246764e-103 0.00196179946557 2.37847321163e-103 1.43854947796e-103 2.94358639852e-103
smell 2.29379246764e-103 8.15863997796e-39 0.00237846991215 1.43854947796e-103 2.94358639852e-103
so 2.40124857887e-103 0.00798709830195 2.25679251205e-14 2.40621796182e-32 0.0174516044633
something 2.2938856259e-103 0.00196404852965 8.77567295088e-72 1.43958601651e-103 0.00294021178528
sometimes 2.29379246764e-103 1.96179946557e-103 2.37846991215e-103 0.00143854947796 2.95916338805e-103
song 0.00229379246764 1.96179946557e-103 2.37846991215e-103 1.43854947796e-103 2.94358639852e-103
sorrow 2.29379493476e-103 0.00196179946557 2.37846991215e-103 1.43854947796e-103 2.94358639852e-103
sound 0.00229379246764 1.96179946557e-103 2.37846991215e-103 1.43854947796e-103 2.94358639852e-103
soundless 0.00229379246764 1.96179946557e-103 2.37846991215e-103 1.43854947796e-103 2.94358639852e-103
sour 0.00229379246764 1.96179946557e-103 2.37846991215e-103 1.43854947796e-103 2.97584217959e-103
sparkling 9.99902038831e-52 1.96179946557e-103 2.37846991215e-103 1.43854947796e-103 0.00294358639852
speak 2.30572962488e-103 0.00196422228508 2.37847284663e-103 1.44822249571e-103 0.00293995107357
speaking 2.29963734911e-103 0.00196179946557 2.37846991215e-103 1.43925899231e-103 2.94358639852e-103
speechless 2.29895396611e-103 0.00196179946557 2.37846991215e-103 8.30244082867e-46 2.94358639852e-103
spending 2.29379246764e-103 1.96179946557e-103 2.37846991215e-103 1.43854947796e-103 0.00294358639852
spent 0.00229379246764 1.96179946557e-103 2.37846991215e-103 1.43854947796e-103 2.94358639852e-103
spite 0.00229379246764 1.96179946557e-103 2.37846991215e-103 1.43854947796e-103 2.94358639852e-103
splendour 2.29379246764e-103 7.39785939188e-23 3.41878115419e-88 7.55773153235e-103 0.00294358639852
spoil 0.00229379246764 1.96379403506e-103 1.06094252611e-46 1.43854947796e-103 2.94358639852e-103
spoils 2.29379246764e-103 2.77397810477e-58 0.00237846991215 1.43854947796e-103 2.94358639852e-103
spring 0.00229379246764 1.96179946557e-103 2.37846991215e-103 1.43854947796e-103 2.94358639852e-103
spurring 2.32066715582e-103 0.00196179946557 2.29171334065e-89 1.43854947817e-103 2.94358639852e-103
stand 2.31431674196e-103 1.96179946557e-103 2.37846991215e-103 0.00143854947796 2.96613159448e-103
stands 2.30689814453e-103 1.96179946557e-103 2.37846991215e-103 1.43854947796e-103 0.00294358639852
stars 2.29443165992e-103 1.96179946557e-103 2.37846991215e-103 1.43854947796e-103 0.00588717279704
starved 2.29379246764e-103 1.96179946557e-103 0.00237846991215 1.47501257751e-103 2.94358639852e-103
state 0.00917516987056 1.96179946562e-103 5.71474559092e-61 5.45455360027e-18 2.94358639903e-103
stay 0.00229379246764 1.96179946557e-103 2.37846991215e-103 1.43854947796e-103 2.94358639852e-103
steal 2.29890299571e-103 7.12355694668e-77 4.18017195916e-05 0.00285181638178 3.29538589658e-35
still 2.29400938251e-103 1.98715333574e-103 0.016649289385 1.44825577508e-103 5.73259762977e-60
store 0.00688137740292 1.96212489601e-103 6.64082152674e-97 1.43919403808e-103 2.16247205172e-101
stores 2.29379246764e-103 1.96179946557e-103 2.37846991215e-103 0.00143854947796 2.9437093039e-103
strained 2.29379246764e-103 1.9658589791e-103 0.00237846991215 1.43854947796e-103 3.1032797677e-103
straying 2.29695220307e-103 0.00196126390279 2.37846991215e-103 3.92717794085e-07 2.94358639852e-103
strength 0.00229379246764 1.96315467535e-103 6.90491405704e-51 1.43868695234e-103 2.98779020042e-103
stretched 2.29379246764e-103 2.01125261749e-103 2.37862858504e-103 0.00143854947796 2.32641118155e-75
strikes 2.29379246764e-103 1.96179946557e-103 2.37846991215e-103 0.00143854947796 7.02363748766e-91
strong 2.2945839845e-103 0.00196377663454 0.00475454272051 1.00097529715e-100 2.95940544878e-103
style 2.29379246764e-103 9.10121988005e-83 2.37857853438e-103 1.48173327683e-103 0.00294358639852
subject 2.29379246764e-103 1.9618663266e-103 2.38606920548e-103 2.38057935687e-43 0.00294358639852
subscribes 0.00229379246764 1.96179946557e-103 2.37846991215e-103 1.43854947796e-103 2.94358639852e-103
substance 2.29482169027e-103 0.00196179946557 2.37846991215e-103 1.43854947796e-103 2.94358639852e-103
succeeding 2.29470531287e-103 0.00196179946557 2.37846991215e-103 8.06703025498e-86 2.94358639852e-103
succession 2.29396189488e-103 0.00196179946557 2.37846991215e-103 1.45227522589e-103 2.94358639852e-103
such 2.29393907276e-103 0.00196793654571 0.00237102936549 0.00143854947796 1.04913501034e-83
suit 2.29799258017e-103 1.96179946557e-103 2.37846991215e-103 0.00143854947796 2.97291928476e-103
suited 9.70587184286e-33 1.96527464707e-103 1.6783226451e-57 9.23938145613e-53 0.00294358639852
sullen 2.29379246764e-103 1.98065995725e-103 0.00237846991215 1.43854947796e-103 1.9192691001e-69
sullied 2.30092116311e-103 0.00196179946557 2.37846991215e-103 1.44193190343e-103 2.94358639852e-103
sum 2.29379246764e-103 2.05394752278e-103 0.00237846991215 1.44439484785e-103 2.80710247869e-76
sun 7.58545424215e-62 1.98802863183e-103 0.00237846991215 1.78875635311e-100 3.24567783903e-77
suppose 0.00229379246764 1.96179946557e-103 2.37846991215e-103 1.43854947796e-103 2.94358639852e-103
surmise 2.29379246764e-103 0.00196179946557 2.37846991215e-103 1.43854947796e-103 2.94358639852e-103
suspect 2.29379246764e-103 1.96179946562e-103 2.37846991215e-103 0.00143854947796 5.7539550232e-89
swear 0.00229379246764 1.96179946557e-103 2.37846991215e-103 1.43854947796e-103 2.98791394457e-103
sweet 1.51150026952e-10 0.00736306727255 1.68066475268e-06 0.00144834449275 0.015422223901
sweetest 2.29379246764e-103 1.96793638463e-103 0.00237846991215 1.43854947796e-103 2.94358639852e-103
sweetly 2.29379246764e-103 1.96793638463e-103 0.00237846991215 1.43854947796e-103 2.94358639852e-103
sweetness 2.29571278884e-103 0.00196179946557 2.37846991215e-103 5.7942849151e-100 2.94358639852e-103
sweets 2.29379246764e-103 2.01125261749e-103 2.37868658749e-103 0.00143854947796 6.99950284302e-67
swift 2.29379246764e-103 2.12748312595e-75 0.00237846991215 1.43854947796e-103 8.90386137129e-67
tables 1.22933369044e-100 1.96193852395e-103 2.38160674733e-103 0.00143854947796 2.9271685525e-41
take 4.89222414464e-97 1.98252759439e-67 3.1890188287e-53 0.00575419791184 1.14062311675e-56
tall 2.29379246764e-103 1.96179946557e-103 2.37846991215e-103 0.00143854947796 2.94358639852e-103
tallies 2.29551496316e-103 1.96179946557e-103 2.37846991215e-103 1.43854947796e-103 0.00294358639852
tanned 2.29379246764e-103 0.00196179946557 2.37846991215e-103 1.43854947796e-103 2.94358639852e-103
tears 0.00229379246764 1.96179946557e-103 2.37846991215e-103 1.43854947796e-103 2.94358639852e-103
tell 0.0114143007896 4.67500867326e-05 2.37846991215e-103 1.43854947796e-103 2.94358639852e-103
telling 2.29380742243e-103 0.00196179946557 2.37846991215e-103 1.43854947796e-103 2.94358639852e-103
ten 2.31247930791e-103 3.26406072339e-45 0.00231608756413 3.38101507292e-81 0.00302079058353
tenants 3.58342060799e-98 0.00196179946557 2.1998603425e-59 2.3656965518e-36 2.94358639852e-103
tender 2.31070612578e-103 4.42949844247e-18 2.37846991215e-103 0.00287709895592 2.95480314791e-103
than 2.29726268787e-103 0.00232623425358 0.00948452797679 0.00982036590673 2.20126083596e-28
that 1.58416049237e-77 0.000162717061242 1.33511164231e-40 0.0458632023399 0.0148224194572
the 2.3411575653e-103 0.0772381293814 6.06330360843e-09 0.0214420821324 0.0197914559146
thee 0.0399685579354 0.00713910116142 0.0129417142552 0.000711923201062 5.82468056636e-07
their 3.516272549e-63 0.00608036550888 0.00535985990891 2.49210792596e-49 0.00484846207951
them 0.00229113973081 0.00588766718858 9.92272158742e-60 1.95287693486e-83 3.17877666458e-50
themes 2.29844298038e-103 1.96179946557e-103 2.37846991217e-103 0.00143854947796 2.94358639852e-103
then 2.29599971142e-103 2.99682228214e-53 0.00458649676423 0.00585728552032 4.84084547287e-30
thence 0.00230695821921 1.96179946557e-103 2.37846991215e-103 1.43854947796e-103 0.00292669100462
there 0.00458758493528 2.01499832356e-103 3.33409213963e-44 1.43854947796e-103 2.94358639852e-103
therefore 2.29379246764e-103 1.96179946557e-103 2.37846991215e-103 1.43854947796e-103 0.00294358639852
therein 2.29379246764e-103 1.967937793e-103 0.00237846991215 1.43854947796e-103 2.94358639852e-103
these 0.00229379246764 1.96179946557e-103 2.37846991215e-103 1.43854947796e-103 6.48681028383e-31
they 2.29379246764e-103 0.00357835141456 0.0047136685812 0.00603190670237 3.32691984129e-06
thine 0.0090114035194 0.00395600695813 0.00488746052834 1.18765013697e-75 4.65117046637e-46
thing 2.3122855496e-103 1.99581485791e-103 0.00475693982429 5.19898397938e-37 5.04066521386e-77
things 2.29379246764e-103 1.96179946557e-103 2.37846991215e-103 0.00143854947796 2.97656463745e-103
think 2.29820005669e-103 1.96179946557e-103 0.00237846991215 1.44309628969e-103 2.94358639852e-103
thinking 2.3034063759e-103 1.04244172267e-81 4.65859407329e-61 0.00143854947796 2.94358639852e-103
this 4.55686458666e-73 0.00473138223775 0.00252234333788 0.0100739336257 0.00154512539091
thither 2.29379246764e-103 1.96179946557e-103 2.37846991215e-103 0.00143854947796 2.96610747398e-103
those 0.00639305020975 1.99084849067e-103 0.00475708033833 0.00318326784378 1.55392020949e-64
thou 2.33678052933e-103 0.0110825374541 1.4050413551e-26 0.0182903840914 0.0195347215271
though 2.30360768488e-103 0.00255729393945 9.75663268944e-99 0.00675608284811 6.95995217367e-26
thoughts 2.0990519576e-46 0.000450836878501 0.00718870256756 0.00107572689959 7.950479341e-97
thousand 2.29379246764e-103 1.96179946557e-103 2.37854070472e-103 0.00287709895592 1.83164238498e-98
thrall 0.00229379246764 1.96179946557e-103 2.37846991215e-103 1.43854947796e-103 2.94358639852e-103
three 2.29379246764e-103 1.96179946557e-103 2.37846991215e-103 0.00143854947796 3.21937990307e-89
through 2.29390338824e-103 5.55000136552e-74 2.37846991215e-103 5.46310655885e-23 0.00883075919556
thrusts 2.29379246764e-103 1.96179946557e-103 2.37863645073e-103 0.00143854947796 2.94358639852e-103
thus 9.55463484315e-92 1.96179946557e-103 2.37846991215e-103 1.4847128356e-103 0.00294358639852
thy 0.00012387987114 0.0410952844287 0.0163443722716 0.026508892201 0.0108881122766
tie 0.00229379246764 1.96179946557e-103 2.37846991215e-103 1.43854947796e-103 2.38889724353e-58
till 2.2939427846e-103 4.93036259528e-24 2.37846991215e-103 0.00287709895592 1.6708480239e-102
time 0.00466827121357 1.9783548954e-103 0.00491523964225 0.00560785248332 7.1135237536e-61
times 3.697285995e-60 1.97743911913e-103 0.00661743406706 0.00287516793394 0.0035885826451
to 5.77646683504e-65 0.0591362921256 0.0546372017809 0.0260271525668 0.00821815541147
toiled 0.00229379246764 1.96179946557e-103 2.37846991215e-103 1.43854947796e-103 2.94358639852e-103
told 0.00229379246764 1.96179946557e-103 2.37846991215e-103 1.43854947796e-103 2.94358639852e-103
tomb 0.00229379246764 1.96179946557e-103 2.37846991215e-103 1.43854947796e-103 2.94358639852e-103
tongue 0.00229679638857 1.96179946557e-103 2.37846991284e-103 0.00143666557218 2.94358639852e-103
too 2.29379246764e-103 0.00196179946557 2.37846991215e-103 3.32354581479e-22 2.94358639852e-103
took 0.00229379246764 1.98298149451e-103 0.00237846991215 1.43854947796e-103 4.0218509457e-50
touch 2.29379246764e-103 1.98298149451e-103 0.00237846991215 1.438826911e-103 2.92821026714e-48
touches 2.29379246764e-103 0.00196179946557 2.37846991957e-103 1.43854947796e-103 2.94358639852e-103
tract 2.29379246764e-103 1.96487370263e-103 7.68954055809e-62 2.47617339695e-52 0.00294358639852
translate 0.00229379246764 1.96179946557e-103 2.37846991215e-103 1.43854947796e-103 2.94358639852e-103
treads 2.29379246764e-103 3.02117669365e-61 8.27030083468e-87 2.96632252231e-85 0.00294358639852
trial 2.29423052149e-103 0.00196179946557 2.37846991215e-103 1.47147766338e-103 2.94358639852e-103
tribes 0.00229379246764 1.96179946557e-103 2.37846991215e-103 1.43854947796e-103 2.94358639852e-103
triumphant 5.87354435609e-46 1.96179946557e-103 2.37846991215e-103 1.43854947796e-103 0.00588717279704
trophies 0.00229379246764 1.96394671343e-103 2.47887438301e-43 1.43855483714e-103 2.94416625943e-103
true 0.00229379246764 1.98521252751e-103 0.00951387964858 1.43854947796e-103 5.38277120791e-103
trust 2.29379246764e-103 1.96179946557e-103 2.37846991215e-103 0.00143854947796 2.95883308869e-103
truth 0.00458757990594 1.97680994564e-103 0.00713541495144 1.45329425424e-103 4.76697283641e-71
turns 2.29669164759e-103 1.96179946557e-103 2.69831140995e-58 0.00143854947796 2.94358639852e-103
twire 2.29379246764e-103 1.33966592707e-83 2.37852014021e-103 1.02064201333e-39 0.00294358639852
two 2.29379246764e-103 1.96179946557e-103 0.00237846991215 1.43854947796e-103 2.96382799506e-103
twofold 2.29379246764e-103 0.00196179946557 2.37846991215e-103 1.43854947796e-103 2.94358639852e-103
unfathered 2.29895396611e-103 0.00196179946557 2.37846991215e-103 2.45197949443e-46 2.94358639852e-103
unfolding 2.30654930519e-103 1.96179946557e-103 2.37846991215e-103 1.43854947796e-103 0.00294358639852
unkind 2.29642765738e-103 0.00196179946557 2.37846991215e-103 1.43927344488e-103 2.94358639852e-103
unless 2.29379246764e-103 1.96179946557e-103 2.37846991215e-103 0.00143854947796 7.8794721169e-77
unrespected 2.31353171556e-103 1.96179946557e-103 2.37846991215e-103 0.00143854947796 2.94358639852e-103
unrest 0.00229379246764 1.96179946557e-103 2.37846991215e-103 1.43854947796e-103 2.94358639852e-103
untrue 0.00229379246764 1.96179946557e-103 2.37846991215e-103 1.43854947796e-103 2.94358639852e-103
unused 2.29379246764e-103 1.96179946557e-103 0.00237846991215 1.47132521126e-103 2.94358639852e-103
unwooed 2.29812487814e-103 1.96179946557e-103 2.37846991215e-103 0.00143854947796 2.05369161307e-101
up 0.00229379246764 1.96179946557e-103 2.37846991215e-103 1.43854947796e-103 0.00588717279704
uphold 0.00229379246764 1.96179946557e-103 2.37846991215e-103 1.43854947796e-103 2.94358639852e-103
upon 2.30023169047e-103 1.45062924627e-82 0.00237847551696 1.31098623645e-80 0.00588716586054
use 0.00229379246764 1.98990864126e-103 0.00475693982429 1.45447981022e-103 2.94358639852e-103
user 0.00229379246764 1.96229167781e-103 3.27819229201e-80 1.43854947796e-103 2.94358639852e-103
usurer 2.29860735051e-103 1.96179946557e-103 2.37846991215e-103 0.00143854947796 3.00740183129e-103
vainly 2.29387505662e-103 0.00196179946557 2.37846991215e-103 1.43854947796e-103 2.94358639852e-103
vantage 2.29386598183e-103 0.00392359893114 2.37847555505e-103 1.32562610462e-100 1.03390109244e-30
varying 2.2938332117e-103 0.00196179946557 2.37847961953e-103 1.43854947796e-103 1.98930641951e-59
vassal 2.29379246764e-103 1.96179946557e-103 2.37889335889e-103 0.00143854947796 2.94358639852e-103
veins 0.00229379246764 1.96179946557e-103 2.37846991215e-103 1.43854947796e-103 2.94358639852e-103
vermilion 2.29507557827e-103 1.96179946557e-103 2.37846991215e-103 1.43854947796e-103 0.00294358639852
very 2.29379246764e-103 3.66715570597e-35 0.00237856634685 1.15964372938e-82 0.00294346705126
vexed 2.29379246764e-103 1.96793638463e-103 0.00237846991215 1.43854947796e-103 2.94358639852e-103
victor 2.29379246764e-103 1.96179946557e-103 0.00237846991215 1.43854947796e-103 2.94358639852e-103
victories 2.29379246764e-103 1.96179946557e-103 0.00237846991215 1.43854947796e-103 2.94358639852e-103
view 0.00458758493528 1.96179946557e-103 2.37846991215e-103 1.43854947796e-103 2.94358639852e-103
voices 2.60356047778e-95 1.96186585852e-103 2.38626564104e-103 6.21981350453e-73 0.00294358639852
wakened 2.3159637456e-103 0.00196179946557 2.37846991215e-103 1.43920371146e-103 2.94358639852e-103
walks 2.30706527501e-103 1.96179946557e-103 2.37846991215e-103 1.43854947796e-103 0.00294358639852
walls 2.29379246764e-103 2.67731718748e-76 0.00237846991215 1.44607665026e-103 1.65072298314e-60
war 2.29379246764e-103 1.96179946557e-103 5.9731995317e-21 0.00143854947796 2.94358639852e-103
wardrobe 0.00229379246764 1.96629525054e-103 2.37847804372e-103 2.34861115334e-44 2.94358639861e-103
was 0.00229389915614 0.00208207957697 0.00221968694822 0.00144631882975 3.43619009727e-54
waste 2.30040966828e-103 1.96179946557e-103 2.37846991215e-103 1.43854947796e-103 0.00588717279704
wastes 0.00229379246764 1.96329406557e-103 1.27685919593e-45 1.43854947796e-103 2.94358639852e-103
watching 0.00229379246764 1.96203816823e-103 2.26144549385e-98 1.43854947796e-103 2.94358639852e-103
watchman 2.29379246764e-103 1.96793638463e-103 0.00237846991215 1.43854947796e-103 2.94358639852e-103
way 0.00229379246764 1.96179946557e-103 2.37846991215e-103 1.43854947796e-103 2.94358639852e-103
we 2.31353171556e-103 1.96179946557e-103 2.37846991215e-103 0.00143854947796 2.94358639852e-103
wealth 2.29379246764e-103 1.96179946557e-103 2.37846991215e-103 0.00143854947796 2.94358639852e-103
wear 2.32664104235e-103 1.96247311756e-103 1.81888295865e-36 0.00143854947796 3.02609022192e-103
weed 2.29379246764e-103 0.00196179946557 2.37846991957e-103 1.43854947796e-103 2.94358639852e-103
weeds 0.00229379246764 1.96179946557e-103 2.37846991215e-103 1.43854947796e-103 2.94358639852e-103
weighs 2.29379246764e-103 1.96179946557e-103 2.37846991215e-103 0.00143854947796 8.33468348338e-88
well 0.00688137740292 2.02699063092e-103 1.48685580216e-85 1.44381293515e-103 4.51957855551e-53
were 2.33336983308e-103 0.00198670802747 2.37846991215e-103 0.00285883399085 1.17962713565e-30
what 2.31214547745e-103 7.87446228084e-22 0.00290898009194 0.00569804073313 0.00534552502693
when 2.29663613886e-103 0.00208739907254 0.00237834032307 3.58967396228e-09 0.0233603880106
whence 0.00229379121616 1.96181129527e-103 2.37846991684e-103 2.02784372366e-100 1.60600099766e-09
where 0.00229612955517 1.96182595768e-103 2.38638983517e-103 0.00719128168788 3.05180314968e-103
wherefore 2.29379246764e-103 1.96179946557e-103 2.37846991215e-103 0.00143854947796 2.96610747398e-103
whether 2.29379246764e-103 1.96179946557e-103 2.37846991215e-103 0.00143854947796 2.94358639853e-103
which 2.29750077658e-103 1.60281416143e-34 0.000896005132439 0.0164179694461 0.0241680839915
while 2.29379246764e-103 1.33524779294e-60 2.37846991215e-103 0.00143854947796 7.33982378651e-19
whilst 2.29379246764e-103 1.96739035349e-103 2.37846991215e-103 0.00431564843388 4.37092230747e-59
who 2.29379246764e-103 1.96179946557e-103 0.00237846991215 0.00143854947796 1.38957763093e-59
whom 0.00229379246764 0.00199742578772 0.00233527684534 1.84136150597e-14 4.9641266498e-42
whose 2.29379246764e-103 8.50788865145e-58 2.37846991215e-103 0.00143854947796 6.40634712989e-19
wide 2.29379246764e-103 5.09269917312e-64 2.37856538341e-103 3.67503308615e-80 0.00294358639852
will 0.00234045871825 0.00196748080982 2.38457795067e-103 0.00428221572554 4.79700188275e-101
with 2.30526749998e-103 0.021220155155 0.0110921389022 4.54370007077e-65 0.0250786503113
within 2.29379246764e-103 1.95163284976e-84 2.37846991215e-103 1.67783060025e-29 0.00883075919556
without 2.29379246764e-103 0.00196339066914 2.37846991215e-103 0.00143738143325 2.54961711014e-09
woe 2.29444709398e-103 0.00392359893114 2.41598405381e-103 1.43854947796e-103 2.94358639852e-103
wonder 2.29923486509e-103 1.96179946557e-103 2.37846991215e-103 1.43854947796e-103 0.00294358639852
wondring 1.02248205088e-42 1.96934022622e-103 2.37853513369e-103 0.00143854947796 3.28706084034e-103
wondrous 2.29379246764e-103 1.96574970711e-103 0.00237846991215 1.43854947796e-103 2.94358639852e-103
woo 2.2939082238e-103 1.96615508356e-103 3.48937817114e-53 1.45889099987e-103 0.00294358639852
wood 2.29379246764e-103 1.96179946557e-103 2.37846991215e-103 1.43854947796e-103 0.00294358639852
words 0.00688137740292 2.03202147922e-103 2.37853244202e-103 1.59870565472e-80 2.94358639852e-103
works 2.30313419626e-103 1.08103187744e-89 3.20290656878e-69 0.00143854947796 2.25495957151e-34
world 2.29379246764e-103 2.00094677277e-103 0.00713540973644 1.44014615246e-103 3.07882197415e-103
worlds 2.29379246764e-103 1.98298149451e-103 0.00237846991215 1.43854947796e-103 1.17783595186e-51
worms 2.29379247029e-103 1.98300932369e-103 0.00237846991215 1.44269827296e-103 9.60576081495e-30
worse 2.30247161754e-103 1.96179946557e-103 2.37846991215e-103 0.00143854947796 2.97409559613e-103
worst 2.29379246764e-103 0.00196179946557 2.37848177072e-103 1.43854947796e-103 2.94358639852e-103
worth 2.29379246764e-103 6.85326033243e-72 0.00237846991215 1.44782215553e-103 2.9437096978e-103
worthy 2.2938779253e-103 1.97636034833e-103 2.00737456446e-49 1.44950563113e-103 0.00294358639852
would 2.34467164713e-103 1.547679978e-63 2.37846991215e-103 1.44097827237e-103 0.00883075919556
wouldst 2.29379246764e-103 0.00196718376959 2.37884967974e-103 0.00143460127231 3.33398647578e-103
wounded 2.29379246764e-103 1.98578142142e-103 0.00237846991215 1.43854947796e-103 1.74746116055e-56
wretch 2.29379246764e-103 1.96179946557e-103 0.00237846991215 6.68607856257e-95 2.94358639852e-103
wrinkle 2.29379246764e-103 1.96179946557e-103 2.37846991215e-103 0.00143854947796 2.94358639852e-103
wrinkles 2.33160871573e-103 2.06013310536e-103 3.82362014532e-103 0.00143854947796 2.94358639852e-103
wrong 2.29379246764e-103 1.96179946557e-103 4.34263589898e-47 0.00143854947796 1.66641559429e-95
wrought 2.2937947085e-103 1.96179946557e-103 9.15492875485e-75 0.00143854947796 4.23899945541e-38
years 2.29571615978e-103 0.00196179946557 2.37846991215e-103 1.44259527183e-103 2.94358639852e-103
yet 2.33908633247e-103 6.44377012635e-65 0.00256689550685 0.00420168460381 2.72744317193e-46
you 0.00263791813385 0.00320505896524 0.00307732042655 0.017150987368 3.59813425209e-103
your 1.20132398819e-93 0.0117665086643 0.00899186624969 0.0089499009654 5.42603185337e-07
youth 0.00229379246764 9.15010941196e-11 0.00100081698971 3.36024538473e-63 0.00759215130322
