1.736635010278705094e-01 1.332074390567508058e-60 1.832626993591201262e-18 5.350934125822091048e-01 2.919815417019251575e-31 1.222764626390583642e-02 1.018403639565215629e-17 1.138280634977310406e-33 2.790154401260144246e-01 1.160799314353460761e-24 3.372351258757349845e-103 8.260990673835320328e-37
3.747537187519713895e-14 1.519978809378312176e-53 6.114177223675015647e-36 1.479056779547999190e-01 2.815318279507739477e-40 4.755978442851798404e-75 1.316356036787098005e-01 7.162576673649597714e-01 4.201051001493246416e-03 4.681355075770204746e-66 3.289473684210528599e-103 3.289473684210528599e-103
2.450216636002144441e-20 5.635304707133121390e-62 6.938937481105562955e-22 2.718878816871013877e-05 2.599659142179556182e-01 2.921330572813971935e-19 7.898908962547163587e-40 1.957675717252070624e-02 7.204301398213549534e-01 7.998402744854177833e-19 6.091779494338702490e-103 2.676590824935301740e-42
7.063651752976747451e-28 8.146354273881573449e-28 5.702113569336962895e-01 4.422918560698712992e-17 4.297884526813233741e-01 8.585465549109238415e-20 3.666427834836822144e-28 5.854216419310770956e-36 1.903849804474258057e-07 9.382079426260284640e-24 3.813585817914848996e-103 1.059896146605796262e-23
4.187153380906249306e-02 3.065741002745576815e-38 7.352283845616436331e-02 2.248273940058595882e-44 3.113266063285743860e-29 9.231590769990425174e-03 2.518680846455174649e-01 8.388805869789596133e-30 3.218363660859662116e-11 6.235059522832737677e-01 5.856535732432906719e-103 3.807975897595852614e-12
3.153295344774759840e-02 2.400617128570137271e-48 1.368837186119021026e-39 2.712048584092476376e-22 6.142576664407575837e-16 1.823671261890553280e-14 7.280067894160988462e-48 1.177366382376314468e-53 6.591953828355046669e-14 9.684658609122392958e-01 4.648582585524190546e-103 1.185639928283825624e-06
8.706857626323024624e-01 9.098306679480374246e-52 2.688281022282343189e-28 1.600113913591362517e-06 6.018468800604322155e-02 2.768244479737182309e-18 6.912792960102920325e-02 4.845133018114048093e-19 1.964671157275152371e-08 5.371654446101869029e-52 4.659544541636231703e-103 2.692269172502396007e-38
1.925571348872248678e-01 1.340336656206883358e-36 1.318311682623029076e-26 2.549843734996588007e-01 2.078613353840021399e-04 6.635338509916306333e-27 5.081878300679065763e-01 3.825822707482990498e-02 5.804573134996037290e-03 2.020156766298282243e-60 4.352639984692791112e-103 4.741599351651252129e-98
1.562344753274227153e-19 3.190629403876498788e-85 9.161783748651010147e-17 1.815350108831674084e-29 8.583909270653651379e-21 7.501183452298105792e-01 2.372299456180893798e-43 1.684688422133467662e-46 2.398730639255537700e-01 2.580547185787701679e-08 3.662087383854411517e-103 1.000856503916371099e-02
2.560011060978547388e-31 3.177339762705564950e-103 6.609344026501823809e-03 5.586366632093067015e-31 7.659003932441806224e-03 1.614887363156319172e-02 5.625559460866219787e-66 3.971941306520509335e-74 1.256985233945878515e-02 9.118737074028354353e-22 3.176630051978950382e-103 9.570129260700342977e-01
6.418435346022942648e-38 1.000000000000000000e+00 3.797664407342931666e-64 1.179333762629136993e-72 9.111594274158779628e-54 1.727501465940804814e-90 1.825781974094501961e-40 1.434448298307027830e-40 3.114229824948388399e-95 3.290416314723906916e-103 3.289473684210526616e-103 3.289473684210526616e-103
0.000000000000000000e+00 0.000000000000000000e+00 0.000000000000000000e+00 0.000000000000000000e+00 0.000000000000000000e+00 0.000000000000000000e+00 0.000000000000000000e+00 0.000000000000000000e+00 0.000000000000000000e+00 0.000000000000000000e+00 0.000000000000000000e+00 0.000000000000000000e+00
