5.566693266450047229e-17 9.012015390161736209e-03 9.148047743941348971e-30 5.732922673811241543e-01 1.058957819174243474e-28 5.330919148257356100e-22 3.504942302927069222e-65 4.018035374428569617e-01 1.589217978585705932e-02 3.172469040914297047e-34 4.230735727953906312e-103 4.246260884919949616e-103
1.660372167758275667e-57 4.002633138082187288e-103 4.864549369559752473e-82 3.050939635016323148e-01 2.848299802153200221e-38 5.957697126531571309e-71 4.017457037453972684e-103 1.706535733060449228e-58 6.949060364983676852e-01 4.104509188684931639e-48 3.954197692300714027e-103 3.956940748742821155e-103
9.039371420786295745e-31 6.017762963479142055e-103 1.608055841707839162e-01 1.527977463616659315e-01 3.008324149484754630e-26 6.863966694675500690e-01 1.970177698558138633e-24 1.091321878041059090e-44 7.016872645118414953e-49 6.571005899117773925e-24 6.004522496804797873e-103 8.912179000682578467e-62
3.571811192704056442e-29 1.524969211636298906e-44 1.424577671936205249e-02 9.643862631868270882e-25 5.052932586897951328e-01 7.150881981639527385e-42 1.957329279711084472e-22 6.607968313150370784e-43 2.311796090412148422e-84 4.804609645908429205e-01 3.650692285159375100e-103 4.858415411786356921e-18
5.626856750067824543e-34 1.850522184908305675e-60 4.947695887805073078e-01 1.342617107395785137e-35 5.323049875437770174e-26 1.628359955423840372e-24 6.051693617242125198e-31 1.838658424687097701e-22 2.301622712509000127e-58 4.251655844972171971e-01 4.867882041901783526e-103 8.006482672227543951e-02
4.898682982705935227e-58 1.903169039750342170e-66 1.232868080792045712e-01 2.139736103963798192e-41 1.019154640506295827e-27 6.690836880552412073e-26 8.187219031118885271e-01 3.065206447669991347e-49 1.011961235920419334e-93 6.957723334207139556e-26 4.320063159100850659e-103 5.799128880890697807e-02
9.918797739295763634e-37 1.139757449747151442e-91 1.470186632778875020e-02 6.108535558994887030e-53 3.403894971542767449e-61 4.427688744654609903e-34 1.029919264712790689e-01 6.578193141663021324e-36 3.231304760899522653e-103 8.361998986237647799e-03 3.188079730647686981e-103 8.739442082146945401e-01
3.752985451903516360e-25 3.120210295787485558e-31 2.308743756978483150e-37 1.732235124505625001e-01 8.385090509651220089e-03 4.037508109340662843e-01 1.765567244760890649e-22 4.146405861057199105e-01 7.325059068865058221e-62 9.206265179694275442e-41 4.837289299422254940e-103 4.643943900482840771e-22
9.007735350337446878e-01 3.405501340679875949e-78 2.168680414507756327e-47 1.943309860883208798e-35 1.105849270320542134e-47 1.834458889370931315e-66 1.181553773672017395e-66 9.922646496625529833e-02 5.573826136585062966e-20 5.604131201389281193e-40 3.810934777462604490e-103 2.149695669711291810e-92
7.425388654487056742e-56 4.528270799000792522e-103 1.811925927920123230e-37 5.976379755726571417e-38 2.946421425931934346e-01 1.520881355274015800e-01 4.145240091127131987e-01 7.755918562362225471e-71 1.387457127666917589e-01 4.844885804714565749e-55 4.513204546107333180e-103 1.867974378446622108e-42
8.944191112557205248e-43 8.248870830515793173e-01 3.516022813253431335e-03 3.339132873972023009e-103 4.022609400492011490e-103 3.294122634652908477e-103 3.289946275627696620e-103 4.388559925701477124e-83 1.715968941351673216e-01 1.865274236430468920e-94 3.289473684210526616e-103 3.289473684210526616e-103
0.000000000000000000e+00 0.000000000000000000e+00 0.000000000000000000e+00 0.000000000000000000e+00 0.000000000000000000e+00 0.000000000000000000e+00 0.000000000000000000e+00 0.000000000000000000e+00 0.000000000000000000e+00 0.000000000000000000e+00 0.000000000000000000e+00 0.000000000000000000e+00
