 0 1 2 3 4
abide 1.71638353417e-103 1.95696211338e-103 0.00222729686903 2.54258240355e-103 2.22206210901e-103
able 1.71638353417e-103 0.00195696211338 6.14691608934e-65 5.00726349868e-99 1.27722100575e-90
absence 1.71638353417e-103 1.72970105775e-95 2.22729686903e-103 2.54209461424e-103 0.00222206210901
abundance 1.71655803689e-103 1.96833913168e-103 0.00222729686903 2.54209461424e-103 2.22206210901e-103
abuse 1.71638389769e-103 2.42636442428e-76 0.00222730909331 2.54961429613e-103 0.00222204991346
accents 4.08310726422e-97 1.95711625892e-103 2.22735962515e-103 0.00254209461424 2.22221377201e-103
accident 1.71638353417e-103 1.95696211338e-103 0.00222729686903 2.54232644229e-103 2.22206210901e-103
accidents 1.71638353417e-103 1.95696211338e-103 0.00222729686903 2.54209461424e-103 2.22206210901e-103
accuse 1.71639280675e-103 1.95749501496e-103 2.2334664394e-103 2.54209461424e-103 0.00222206210901
acquainted 1.71638353417e-103 1.95696211338e-103 2.22729686903e-103 0.00254209461424 2.22206210901e-103
added 1.41678269814e-61 0.00195696211338 2.22729686903e-103 2.54209461424e-103 2.22206210901e-103
adjunct 1.71638353417e-103 1.95706681072e-103 2.22729686903e-103 2.54209461424e-103 0.00222206210901
admire 1.71638353417e-103 1.95696211338e-103 3.28309970993e-63 0.00254209461424 2.22206210901e-103
adonis 0.00171638353417 1.97353462615e-103 2.22729686903e-103 9.44513721007e-75 2.22206210901e-103
adore 1.71657456371e-103 1.96029439286e-103 2.22992369637e-103 3.92852798864e-78 0.00222206210901
adulterate 1.71638353417e-103 1.02053939641e-40 4.65847272357e-72 2.54209461424e-103 0.00222206210901
affords 1.71638353417e-103 1.95696211338e-103 0.00222729686903 2.54244408813e-103 2.22206210901e-103
afresh 1.71638353417e-103 1.95709399422e-103 2.22729686903e-103 2.54209461424e-103 0.00222206210901
after 3.57358791241e-99 1.95706777714e-103 2.22729686903e-103 0.00254209461424 2.22206210901e-103
again 0.00169489696802 0.00198146036511 2.65035913286e-66 2.5556836668e-103 2.22206210901e-103
against 0.00171638353417 2.00750461556e-103 2.22729686903e-103 2.54209461424e-103 2.22206210901e-103
age 6.54232384691e-56 1.95784570489e-103 2.2272995946e-103 0.00254209461424 2.22206210901e-103
ages 1.71638353417e-103 1.95709948166e-103 2.22729686903e-103 2.54209461424e-103 0.00222206210901
ah 0.00171638353417 1.96741956494e-103 2.22729686903e-103 2.54209461424e-103 2.22206210901e-103
alive 1.71638353417e-103 1.95696211338e-103 0.00222729686903 2.7139595899e-103 2.22206210901e-103
all 0.00843812893089 1.23654052798e-59 0.00556211393607 0.0142014768214 1.16814508823e-92
almost 1.71642707323e-103 2.35181790411e-103 0.00222729686903 2.54209461424e-103 2.22206210901e-103
alone 1.71638353417e-103 1.95696211338e-103 0.00445459373805 2.54919251881e-103 2.22206210901e-103
alter 1.71638353417e-103 1.45659237249e-64 0.00222729686903 2.54400927344e-103 2.22305311671e-103
although 4.37652326939e-48 1.96228858787e-103 2.22729722686e-103 0.00508418922848 2.22206210901e-103
am 1.71638353417e-103 1.96495244446e-103 2.22729686903e-103 2.54209461424e-103 0.00444412421803
amiss 1.71638353417e-103 1.95696211338e-103 0.00222729686903 1.83948527258e-47 2.22206210901e-103
an 1.38150283126e-40 0.00195867001747 2.22729686903e-103 0.00762406527459 1.19023854906e-89
and 0.0713574485928 0.0399723157623 6.48062433106e-36 1.20171189525e-25 7.20703046428e-17
anew 1.71638353417e-103 1.95696211338e-103 0.00222729686903 2.54663063021e-103 2.22206210901e-103
anon 3.6777421315e-70 0.00195696211338 4.65173866045e-94 0.00254209461424 2.22206210901e-103
another 2.61614593118e-48 0.00199956458427 2.22729686903e-103 2.54209461424e-103 0.00439575060074
answer 0.00171638353417 6.82613075263e-96 2.22729686903e-103 2.54209461424e-103 2.22206210901e-103
antique 1.7163877429e-103 1.95714411823e-103 0.00445459373805 2.54209461424e-103 2.22206210901e-103
any 1.71638353417e-103 0.00195696211338 2.22729686903e-103 1.387781253e-51 2.22676035501e-103
appear 1.71638353417e-103 1.95696211338e-103 1.40503475742e-64 0.00254209461424 2.22206210901e-103
approve 1.71638353417e-103 1.95696211338e-103 4.14162241159e-83 0.00508418922848 2.22206210901e-103
april 1.71638517273e-103 1.95716524898e-103 2.22735197013e-103 2.54209461424e-103 0.00222206210901
aprils 7.64996988934e-39 0.00195695295574 1.04226798876e-08 2.54209461424e-103 2.22206210901e-103
are 0.00454197534838 0.0082068524579 0.00791770342927 0.00140761626887 0.00900270990777
argument 1.71638353417e-103 1.95696211338e-103 2.22729686903e-103 0.00254209461424 2.22206210901e-103
art 0.00857871177402 0.000180172508141 2.24896897267e-103 0.00231279862696 2.22433845916e-103
as 0.0105363275259 0.0091048376168 1.28529844287e-50 0.0103900368788 0.0136025517449
asked 1.71640434699e-103 1.95696211338e-103 0.00222729686903 2.5457157467e-103 2.22314902368e-103
assured 1.71638353417e-103 1.95696211338e-103 7.20757147362e-65 0.00254209461424 2.22206210901e-103
at 0.00175212262973 1.26575407948e-50 2.23627023004e-103 0.00503125690855 2.24506248571e-103
attainted 1.71638353417e-103 1.95696211338e-103 0.00222729686903 2.54209461424e-103 2.22206210901e-103
aught 1.88587679141e-103 0.00195696211338 2.22729686903e-103 6.78813739345e-86 2.66721538141e-103
autumn 1.71638353417e-103 1.95696211338e-103 2.22729686903e-103 2.54209461424e-103 0.00222206210901
away 1.71638353417e-103 1.95696211338e-103 0.00222729686903 2.54209461424e-103 2.22206210901e-103
backward 1.71638353417e-103 1.95996891035e-103 2.22729686903e-103 2.54209461424e-103 0.00222206210901
bad 1.71638353417e-103 0.00195696211338 2.22729686903e-103 6.03764626659e-77 2.22280163627e-103
bait 1.71638353417e-103 1.95696211338e-103 0.00222729686903 2.54209461424e-103 2.22206210901e-103
bark 1.71638353417e-103 1.95696211338e-103 5.82147356933e-83 0.00508418922848 2.25843755872e-103
barren 1.71681415789e-103 0.00195689868626 1.22245888685e-97 8.23918572112e-08 8.61785219921e-82
basest 1.71668152946e-103 1.9699299403e-103 0.00222729686903 2.54209461424e-103 2.22206210901e-103
bath 0.00171638353417 1.17088402866e-94 2.22729686903e-103 2.54209461424e-103 2.22206210901e-103
be 5.32258143695e-16 0.00589824243909 2.87996746237e-48 0.0082737484837 0.0194015438613
bear 4.84363266912e-54 1.95696211338e-103 2.22729686903e-103 0.00254209461424 2.22277284155e-103
bearing 1.46706115561e-98 0.00195696211338 2.22729686903e-103 2.54209461424e-103 2.22206210901e-103
bears 1.7167284068e-103 1.95709593326e-103 2.22983049035e-103 2.54209461424e-103 0.00222206210901
beast 2.2351804785e-44 1.62937862708e-58 4.31703077124e-103 0.00508418922848 2.22234708012e-103
beauteous 1.71638353417e-103 8.98590704313e-87 2.22729686903e-103 2.54209461424e-103 0.00666618632704
beauty 0.0118424544213 0.00206362400544 0.00677265841801 2.024385458e-39 0.00223336935456
beautys 1.71638353417e-103 1.99527797597e-103 2.22729686903e-103 2.54209461424e-103 0.00444412421803
beck 1.71638353417e-103 1.95696211338e-103 4.58287643816e-64 0.00254209461424 2.22206210901e-103
becoming 2.42642836763e-96 0.00195696211338 6.69415634256e-22 2.54219894004e-103 2.22206210901e-103
been 1.50516883074e-85 1.95707776436e-103 2.22729686903e-103 0.00233079226805 0.00240676292007
before 0.00343276706833 1.45332937073e-74 2.22729686903e-103 8.75655386059e-88 2.22206210901e-103
behold 1.71638353417e-103 1.95696211338e-103 2.22729686903e-103 0.00254209461424 2.22206210901e-103
being 4.11120816382e-68 1.96736471197e-103 0.00222744337004 2.54209461424e-103 0.00888810227936
belongs 1.71638353417e-103 1.95696211338e-103 2.22729686903e-103 0.00254209461424 2.22206210901e-103
best 0.00343223691909 2.01288186536e-98 0.00668257856505 7.58317836723e-88 2.22206210901e-103
betray 1.71638353417e-103 1.95696211338e-103 0.00222729686903 2.54209461424e-103 2.22206210901e-103
betraying 2.4439070522e-40 3.04415045545e-30 2.24484385102e-103 2.54209461424e-103 0.00222206210901
better 2.80005656385e-91 0.00391392422676 2.23002667343e-103 2.54373464509e-103 7.11440829225e-95
bettring 1.71725788427e-103 1.9695682507e-103 0.00222729686903 2.56300914165e-103 2.22223697497e-103
bide 2.19501414539e-55 1.95696211338e-103 2.22729686903e-103 0.00254209461424 2.22206210901e-103
birds 1.17077125118e-54 2.96776198345e-27 0.00222729686903 2.54209461424e-103 2.22206210901e-103
birth 0.00171638353417 1.97351086451e-103 2.22729903767e-103 3.39437388133e-40 2.22206210901e-103
bitterness 1.71641766574e-103 1.95772555137e-103 0.00222729686903 2.54308518557e-103 2.22210527071e-103
black 7.29326114379e-79 0.00195696211338 2.23794702009e-103 2.54209461424e-103 2.22206210901e-103
blame 0.00171638353417 6.29301753033e-90 2.22729686903e-103 2.54209461424e-103 2.22206210901e-103
blamed 2.05890576774e-68 1.25255216939e-63 0.00222729686903 2.54209461424e-103 2.22206210901e-103
blazon 1.71646925452e-103 1.97745193247e-103 0.00222729686903 1.0836223218e-26 9.3857170124e-93
blenches 2.65754225888e-75 0.00195696211338 2.22729686903e-103 2.54209461424e-103 2.22206210901e-103
blooms 1.81257149179e-103 0.00195696211338 2.22729686903e-103 2.54407253508e-103 2.47945339004e-70
blow 1.71641766574e-103 1.95772555137e-103 0.00222729686903 2.54308518557e-103 2.22210527071e-103
blunt 0.00171627039297 1.77156483735e-53 0.00222744368879 8.21694803137e-33 2.22396877215e-103
body 8.94480154362e-42 1.98647348649e-103 0.00222729686903 2.55473799207e-103 2.22206210901e-103
bold 1.71638353417e-103 1.95696211338e-103 0.00222729686903 6.22353380975e-93 2.22206210901e-103
bonds 1.71638353417e-103 0.00195696211338 1.64959041722e-15 2.54209461424e-103 3.21203512853e-74
book 1.71638353417e-103 1.95696211338e-103 2.22729686903e-103 0.00254209461424 2.22206210901e-103
born 1.53784644605e-29 0.00391392422676 2.22729686903e-103 2.67316674581e-92 1.14376697379e-76
borrowed 2.32295481766e-09 0.00195695946483 2.22729686903e-103 3.15609162646e-51 2.22206210901e-103
bosoms 1.72170043072e-103 1.72195457025e-92 0.00222729686903 2.54209461424e-103 2.22206210901e-103
both 0.00171638353417 1.95696211338e-103 2.22729686903e-103 2.54209461424e-103 2.22206210901e-103
bower 1.71638353417e-103 1.95696211338e-103 0.00222729686903 2.54209461424e-103 2.22206210901e-103
boy 0.00171638353417 2.72567993861e-91 2.22729686903e-103 2.54209461424e-103 2.22206210901e-103
brain 0.00171619791373 1.97395033895e-103 2.22735193513e-103 2.74917985737e-07 2.22206210901e-103
brand 1.71638353417e-103 1.95696211338e-103 0.00222729686903 2.54209461424e-103 2.22206210901e-103
breach 1.92214910097e-51 1.95696211338e-103 2.22729686903e-103 0.00254209461424 2.22230823705e-103
break 1.71638353417e-103 1.95696211338e-103 0.00222729686903 2.54631301584e-103 2.22206210901e-103
breast 1.02177219625e-44 1.96043263585e-103 2.22729686903e-103 0.00254209461424 2.22206210901e-103
breath 1.71645592094e-103 1.97101167631e-103 9.4878858209e-101 0.00254209461424 5.96192436091e-79
breed 1.71668587415e-103 1.9708147156e-103 8.65876495153e-18 0.00254209461424 2.55926991999e-78
brief 1.28015228438e-32 1.95947944599e-103 0.00445459373805 2.27385300495e-64 2.22206210901e-103
bright 1.71638353417e-103 1.95701948423e-103 0.00668189060708 2.54209461424e-103 3.57845314974e-50
buds 1.1227357695e-91 1.95696211338e-103 2.22729686903e-103 0.00254209461424 5.27019470623e-70
builded 1.7174413733e-103 2.84728169703e-83 2.2272977708e-103 2.54209461424e-103 0.00222206210901
burden 1.88709576381e-53 1.95696211338e-103 2.22729686903e-103 0.00254209461424 9.74509237035e-60
buried 1.71638353417e-103 1.95696211338e-103 0.00222729686903 2.54209461424e-103 2.22206210901e-103
burn 1.71638353417e-103 1.95696211338e-103 0.00222729686903 4.18101952616e-19 2.22206210901e-103
burned 1.71638353417e-103 1.95696211338e-103 0.00222729686903 2.54209461424e-103 2.22206210901e-103
but 0.0308660242842 4.37194859082e-20 0.00259993457621 0.0123279406412 2.62715798581e-87
by 0.010259952123 0.00982853488554 3.12959326166e-83 2.07662554489e-18 2.23051966953e-103
call 1.71660553685e-103 1.97088347981e-103 2.62049678884e-28 0.00254209461424 7.38149620866e-81
can 7.11180499752e-14 0.0110576903055 2.60812913099e-30 2.54241134987e-103 0.00744293796358
cancelled 4.20088908037e-86 0.00195696211338 2.22729686903e-103 2.54209461424e-103 2.22206210902e-103
canker 0.00141078003672 1.97343687864e-103 2.22729686903e-103 0.00299471664742 2.22206210901e-103
cannot 0.00173338480168 0.00193757784656 2.23014453902e-103 2.54209461424e-103 2.22206210904e-103
canst 2.47928655049e-89 0.00195696211338 2.2318280672e-103 2.24459289308e-36 2.23300290307e-103
care 1.71638353417e-103 1.95696211338e-103 0.00222729686903 2.54209461424e-103 2.22206210901e-103
cars 2.5597481721e-98 1.95799945167e-103 2.22733246085e-103 0.00254209461424 9.12054355383e-66
case 1.98403539318e-100 1.95706777714e-103 2.22729686903e-103 0.00254209461424 2.22206210901e-103
cause 1.73065652848e-103 2.40680337356e-54 3.3761987837e-90 0.00254209461424 5.8144670519e-75
cease 1.71638353417e-103 1.95696211338e-103 0.00222729686903 2.54302507419e-103 2.22206210901e-103
chase 1.71638353417e-103 1.95696211338e-103 0.00222729686903 2.54472350397e-103 2.22206210901e-103
check 1.71638353417e-103 1.95696211338e-103 7.68792465589e-65 0.00254209461424 2.22206210901e-103
checked 0.00171638353417 1.97446449951e-103 2.22729686903e-103 1.02074122837e-68 2.22206210901e-103
cheek 0.00171638353417 6.9628754545e-86 1.52829491841e-42 0.00254209461424 2.22206210901e-103
chide 3.72394245098e-99 1.95774513388e-103 2.22800131773e-103 0.00254014862153 0.00222376311441
child 1.71638353417e-103 0.00195696211338 2.22729686903e-103 2.54209461424e-103 2.22206210901e-103
clear 1.71656043938e-103 1.96749814543e-103 0.00222729686903 2.54209461424e-103 2.22206210901e-103
clearer 1.71638353417e-103 1.95696211338e-103 2.22729686903e-103 2.54209461424e-103 0.00222206210901
climbed 2.95625995816e-88 6.71812592988e-69 2.22800128444e-103 0.00254209461424 2.22441814625e-103
cloud 1.71638706357e-103 1.95743162457e-103 0.00222729686903 2.55298223269e-103 2.22323642855e-103
clouds 1.71960440052e-103 1.95696211338e-103 2.22729686903e-103 0.00254209461424 6.26686986926e-68
cloying 1.71638353417e-103 1.61868719059e-89 2.22729686903e-103 2.54209461424e-103 0.00222206210901
come 1.72716205699e-103 1.96194888702e-103 0.00325984128464 0.00390570887663 8.1498477418e-46
comes 0.00171638353417 1.18148827339e-97 2.22729686903e-103 2.54209461424e-103 2.22206210901e-103
committed 1.71638353417e-103 1.95696211338e-103 0.00222729686903 1.13039566458e-44 2.22206210901e-103
common 1.71638353417e-103 6.78694626728e-72 2.22729686903e-103 2.54209461424e-103 0.00222206210901
compare 0.00171638353417 7.05831934e-90 0.00222729686903 2.54209461424e-103 2.22206210901e-103
compeers 0.00171638353417 1.97372265991e-103 2.22737288556e-103 9.85287749305e-71 2.22206210901e-103
complain 1.71638353417e-103 1.95696211338e-103 0.00222729686903 2.5423987179e-103 2.22206210901e-103
compound 1.71638353417e-103 0.00195696211338 2.23004151574e-103 2.48809861207e-32 2.22869816367e-103
concealed 1.71638353417e-103 3.58783082912e-97 2.22729686903e-103 2.54209461424e-103 0.00222206210901
conceit 1.71638353417e-103 1.95696211338e-103 0.00222729686903 2.54209461424e-103 2.22305311667e-103
concord 1.71641819693e-103 0.00195696211338 2.22729686903e-103 2.54426574564e-103 3.54819491952e-82
confined 1.71638353417e-103 1.95696211338e-103 2.22729686903e-103 0.00254209461424 2.22206210901e-103
confound 1.71638353417e-103 1.95696211338e-103 2.22729686903e-103 0.00254209461424 2.22206210901e-103
confounds 1.71638353417e-103 1.95696211338e-103 2.22729686903e-103 0.00254209461424 2.22206210901e-103
constancy 1.71734307376e-103 1.99931937311e-103 0.00222729686903 2.54209461424e-103 2.22206210901e-103
contracted 9.29579621721e-74 0.00195696211338 2.23441718288e-103 7.15046695537e-22 2.53758335796e-103
controlling 1.71638353417e-103 1.95696211338e-103 0.00222729686903 6.49158344032e-41 2.22206210901e-103
converted 1.71832707653e-103 0.00195696211338 2.23397965441e-103 1.92572436366e-89 2.22543865664e-103
corrupt 0.00171679576408 1.4550398843e-98 2.22873638734e-103 0.00254148407038 2.22206210901e-103
corrupting 1.71638353417e-103 0.00195696211338 8.2955710994e-69 2.54209461424e-103 2.22206210901e-103
cost 1.71638353417e-103 0.00195696211338 2.22729686903e-103 2.54209461424e-103 2.22206210901e-103
could 0.00348008115222 0.00190301620458 2.22729686903e-103 5.4140957186e-89 2.22206210901e-103
counterfeit 1.71638353417e-103 1.95696211338e-103 0.00222729686903 4.21263507965e-38 2.22206210901e-103
counting 0.00343276706833 8.69816201021e-97 2.23063134169e-103 2.54209461424e-103 4.07101319498e-95
couplement 1.73485447438e-71 0.00195696211338 2.22729686903e-103 2.54508712362e-103 2.22206210901e-103
cover 1.71639268598e-103 1.95837289131e-103 2.23433595598e-103 2.54209461424e-103 0.00222206210901
creating 0.00171638353416 1.08390019675e-14 2.22729686903e-103 2.54209461424e-103 2.22206210901e-103
credit 2.81598191484e-100 1.95706777714e-103 2.22729686903e-103 0.00254209461424 2.22206210901e-103
crooked 0.00171638353417 9.87910658117e-99 2.22729686903e-103 2.54209461424e-103 2.22206210901e-103
crown 2.80796203736e-48 1.95953497129e-103 2.22729686903e-103 0.00254209461424 2.22206210901e-103
crowned 1.71638353417e-103 1.9570939291e-103 1.88973942239e-66 0.00254209461424 0.00222206210901
cruel 1.71668486514e-103 1.970200757e-103 0.00222729686903 2.55428445906e-103 3.524943296e-26
cunning 4.68931798817e-71 1.95936031916e-103 2.22730074622e-103 0.00254209461424 2.22206210901e-103
damasked 1.71638353417e-103 0.00195696211338 2.22729686903e-103 2.54209461424e-103 2.22206210901e-103
dare 1.3233390298e-91 0.00391392422676 2.22729686903e-103 2.54211479985e-103 2.22206886279e-103
dates 1.71653451984e-103 1.97094438148e-103 5.04954961667e-94 0.00254209461424 3.47421343105e-73
day 1.64246524926e-75 1.95696211338e-103 2.22731411044e-103 0.00508418922848 8.29045662027e-76
days 1.71638353417e-103 1.95696211338e-103 0.00222729686903 1.2466472088e-50 2.22206210901e-103
dead 1.61142849439e-70 1.95744129889e-103 0.00445459373805 3.82047288129e-69 2.22206210901e-103
dearest 0.00171638353417 1.1730881771e-92 2.22930983773e-103 2.5499523992e-103 2.22206210901e-103
deaths 1.71638353417e-103 1.95696211338e-103 0.00222729686903 2.54209461424e-103 2.22305311671e-103
decay 1.71638353417e-103 1.95696211338e-103 0.00222729686903 2.55750841793e-103 2.22206210901e-103
decease 1.71638353417e-103 1.95696211338e-103 0.00222729686903 2.54209461424e-103 2.22206210901e-103
deceased 1.71638353417e-103 1.95696211338e-103 0.00222729686903 2.54209461424e-103 2.22206210901e-103
deceivest 1.71638353417e-103 1.95696211338e-103 0.00222729686903 2.54209461424e-103 2.22206210901e-103
declines 1.71638353417e-103 1.95696211338e-103 0.00222729686903 2.54365810156e-103 2.22206210901e-103
decrease 1.71638353417e-103 1.95696211338e-103 7.68408633349e-64 0.00254209461424 2.22206210901e-103
deep 1.71638353417e-103 9.41207355491e-94 0.0022263034991 2.54209461424e-103 0.00222305314425
defendant 3.7671276371e-61 1.95971880198e-103 2.22759296592e-103 0.00254209461424 2.22206542744e-103
define 1.71638353417e-103 1.95696211338e-103 0.00222729686903 2.54209461424e-103 2.22206210901e-103
delight 1.71638353417e-103 1.95696211338e-103 0.00222729686903 2.54209461424e-103 2.22206210901e-103
delighted 1.71638353417e-103 1.95696211338e-103 0.00222729686903 2.54209461424e-103 2.22206210901e-103
delivers 0.00171638353417 2.15819624097e-61 2.22729686903e-103 8.23124952837e-68 2.22206210901e-103
denote 1.71638353417e-103 1.95696211338e-103 0.00222729686901 1.80634474702e-14 2.22206210901e-103
deny 1.71638353417e-103 1.95696211338e-103 0.00222729686903 2.54209461424e-103 2.22206210901e-103
describe 0.00171638353417 1.06527429024e-100 2.22729686903e-103 2.54209461424e-103 2.22206210901e-103
desire 1.72181771321e-103 1.95705476712e-103 2.22753597442e-103 0.00762628384272 2.22224122044e-103
desiring 6.13248137307e-69 0.00195696211338 2.22729686903e-103 2.54209461424e-103 2.22206210901e-103
desperate 0.00171638353416 1.97346308239e-103 2.22730049105e-103 9.86562775006e-15 2.22206210901e-103
despised 7.86075368329e-76 0.00195696211338 2.22729686903e-103 2.54209461424e-103 2.22206210901e-103
devil 1.71638353417e-103 1.95696211338e-103 0.00222729686903 2.5443541301e-103 2.22206210901e-103
devise 3.50513937788e-96 1.96025664962e-103 2.22748111894e-103 0.00254209461424 2.22254827379e-103
dials 1.71638353417e-103 4.8556746188e-56 0.00222729686903 1.46573646254e-22 1.21045503762e-89
did 1.71638353417e-103 0.0038934370841 2.72321732424e-55 2.54596457715e-103 0.00224532454374
discontent 1.71638353417e-103 1.95696211338e-103 0.00222729686903 2.54209461424e-103 2.22206210901e-103
disgrace 1.71781116231e-103 1.96575699818e-103 2.22732304985e-103 2.54209461424e-103 0.00444412421803
disgraced 1.71638353417e-103 1.95696211338e-103 0.00222729686903 2.54209461424e-103 2.22206210901e-103
dispraise 0.00171638353417 4.11346349261e-55 2.230240992e-103 2.54209461424e-103 4.50766537455e-76
divided 1.71638353417e-103 0.00195696211338 2.22729686903e-103 2.54209461424e-103 2.22206210901e-103
divine 1.71638353417e-103 1.95696211338e-103 0.00222729686903 2.54209461424e-103 2.22206210901e-103
do 1.621457538e-26 0.0234595784594 7.61896847726e-64 2.69884395731e-57 0.00447133779699
doom 1.71638353417e-103 1.95696211338e-103 2.07370921933e-75 0.00254209461424 2.22206210901e-103
dost 1.71705497155e-103 1.61854368585e-66 0.00288293830029 0.00169177965749 0.00453328978362
dote 1.71638353417e-103 1.95696211338e-103 2.27258064035e-103 0.00254209461424 2.22206210901e-103
doth 4.18813021987e-82 0.0168654658938 3.0714560291e-78 0.00201198673167 0.0190882794509
drooping 1.71638353417e-103 1.95748164555e-103 2.22729686903e-103 2.54209461424e-103 0.00222206210901
drown 9.52533284681e-93 8.96469264953e-71 0.00222729686903 8.01986901005e-54 2.22206210901e-103
due 1.71638353417e-103 1.95696211338e-103 0.00222729686903 2.55331098667e-103 2.22206210901e-103
dumb 0.00170889850562 4.18264632171e-33 0.00223700995488 2.54632443066e-103 2.22206210901e-103
duty 0.00171638353417 2.80094456685e-101 2.22729686903e-103 2.54209461424e-103 2.22206210901e-103
dwell 1.71638353417e-103 1.95696211338e-103 0.00222729686903 4.2303514993e-46 2.22206210901e-103
dwellers 0.00171638353417 1.98139350498e-103 2.23114510609e-103 2.54209461424e-103 2.22206210901e-103
dye 1.71638353417e-103 1.95696211338e-103 0.00222729686903 3.77735119129e-29 2.22206210901e-103
dyers 1.71641144396e-103 1.95863173614e-103 0.00222729686903 2.54209461424e-103 2.22206210901e-103
each 1.80388621905e-88 0.00782784845352 2.22893388838e-103 1.67292193852e-48 2.22601728112e-103
ear 3.54472474493e-101 1.9623122684e-103 0.00222729686903 2.54763700627e-103 2.22206240906e-103
earth 0.00179937955942 9.6245108961e-79 2.23071408726e-103 0.00496126579989 2.23032762942e-103
eclipse 1.71638353417e-103 1.95709438413e-103 2.22729686903e-103 2.54209461424e-103 0.00222206210901
eclipses 0.00171638353417 1.97346825389e-103 2.22729686903e-103 2.64844396414e-70 2.22206210901e-103
effect 1.71638353417e-103 1.95696211338e-103 0.00222729686903 2.54209461424e-103 2.22206210901e-103
eithers 1.71705361951e-103 2.37482161007e-94 0.00222729686903 2.54209461424e-103 2.22206210901e-103
elements 1.73084335132e-103 0.00195696211338 2.22729686903e-103 3.69007888916e-88 2.22206210901e-103
else 1.72728664673e-103 1.96990728193e-103 2.84687655207e-99 0.00254209461424 2.41535333978e-84
elsewhere 0.00171638353417 3.54937069525e-41 2.22729686903e-103 2.54209461424e-103 2.22206210901e-103
end 1.71638353417e-103 1.95696211338e-103 2.22729686903e-103 2.54209461424e-103 0.00222206210901
endured 1.71638353417e-103 1.95696211338e-103 0.00222729686903 2.54209461424e-103 2.22206210901e-103
enemies 1.71638454632e-103 1.9570208029e-103 0.00222729686903 2.55294315676e-103 2.22323492826e-103
enforced 0.00171638353417 1.75382746585e-78 2.22730049398e-103 2.16383487776e-68 2.22207349175e-103
enjoyed 0.00171638353417 1.48104721701e-99 2.22729686903e-103 2.54209461424e-103 2.22206210901e-103
enjoyer 1.72179909387e-103 0.00195696211338 2.22731570457e-103 4.68921114669e-52 2.22206210901e-103
enough 1.72511484422e-103 0.00195696211338 1.49528509997e-43 2.54209489102e-103 2.22206210901e-103
entitled 0.000128812230743 0.00181009479015 2.22729686903e-103 2.54209461424e-103 2.22206210901e-103
envy 1.71638353417e-103 1.97107388447e-103 5.20091529231e-94 0.00254209461424 3.76565225208e-77
err 2.69909113031e-99 1.95706848711e-103 2.22729686903e-103 0.00254209461424 2.22206210901e-103
errors 1.71638353417e-103 1.95696211338e-103 0.00445459373805 2.54209461424e-103 2.22206538244e-103
esteem 1.71638353417e-103 1.95696211338e-103 2.22729686903e-103 0.00254209461424 2.22206210901e-103
even 0.00686119179111 1.19052673206e-13 0.00223293134992 5.06838265849e-10 4.02087572356e-101
ever 1.71638353417e-103 0.00391392422676 8.2624357256e-37 1.78484040996e-76 3.20752566671e-76
every 0.00702365942734 1.06843384983e-99 2.22731288967e-103 0.00739208825543 4.22240447867e-68
evil 1.71638353417e-103 1.95696211338e-103 2.22729686903e-103 0.00254209461424 2.22206210901e-103
excess 1.71638353417e-103 1.95696211338e-103 0.00222729686903 1.58170070076e-53 2.22206210901e-103
exchanged 1.71638353417e-103 1.95696211338e-103 2.22729686903e-103 0.00254209461424 2.22206210901e-103
excuse 8.13801249194e-27 0.00391392422676 2.24082972522e-103 6.4571441411e-60 4.56771823058e-55
expressed 1.71638353417e-103 1.95696211338e-103 0.00222729686903 2.54383473273e-103 2.22206210901e-103
eye 1.7644288579e-67 3.17632556659e-82 0.00464101062433 0.00989229884681 0.00227740640961
eyelids 1.71638353417e-103 1.95696211338e-103 0.00222729686903 2.54209461424e-103 2.22305311671e-103
eyes 0.00302096061179 0.00255073265481 0.00658680340046 0.00757341882854 1.80097085639e-30
face 3.07626456928e-39 1.9608869402e-103 3.45870153173e-82 0.00508418922848 2.22206571381e-103
faces 1.71638353417e-103 1.95696211338e-103 0.00222729686903 2.54209461424e-103 2.22206210901e-103
fading 1.71638353417e-103 1.95709438413e-103 2.22729686903e-103 2.54209461424e-103 0.00222206210901
fair 3.67691985257e-27 0.00519189333332 0.00521522402156 4.56422458758e-17 0.00445625446195
fairest 1.43829849259e-55 1.95784353514e-103 2.22729686903e-103 0.00254209461424 2.22206210901e-103
faith 1.71638353417e-103 1.95696211338e-103 0.00222729686903 2.54209461424e-103 2.22305311671e-103
false 1.72155070652e-103 1.55704581842e-98 1.21206425091e-22 0.0146110045407 0.00278285679639
falsehood 1.48695297954e-101 4.58837699501e-60 2.25566250198e-103 2.54209461424e-103 0.00222206210901
famine 1.71638353417e-103 0.00195696211338 2.22729686903e-103 6.14131288589e-69 2.22206210901e-103
far 0.00171638353417 1.59868439564e-66 0.00668189060708 4.38192111038e-57 2.22557579663e-103
faults 0.00169485642378 0.00198150659229 2.24968105017e-103 5.38075459875e-69 2.22440403658e-103
favour 1.71638353417e-103 1.95696211338e-103 2.2625967015e-66 0.00254209461424 2.22206210901e-103
favourites 1.71638353417e-103 0.00195696211338 2.22729686903e-103 2.01996699435e-72 2.22206210901e-103
fear 1.71686664014e-103 0.00128569933183 3.47074439668e-24 0.00341406525181 1.27056231732e-76
feast 1.71638353417e-103 1.95696211338e-103 0.00222729686903 2.56281594405e-103 2.22206210901e-103
feasts 0.00171638353417 2.1196754902e-94 2.23055845881e-103 1.28471715204e-75 2.22206210901e-103
feathers 1.07000299958e-76 1.95748384146e-103 2.23032607014e-103 0.00254209461424 2.22251653698e-103
female 1.71727775034e-103 1.99638042775e-103 0.00222729686903 2.54209461424e-103 2.22206210901e-103
fight 1.71638353417e-103 1.95696211338e-103 0.00222729686903 2.54209461424e-103 2.22206210901e-103
fill 1.71638353417e-103 1.95696211338e-103 0.00222729686903 2.5499980776e-103 2.22206210901e-103
find 2.11430964552e-79 1.95860929418e-103 1.36292729024e-82 0.00508418922848 1.18121096957e-29
finger 1.71964400666e-103 9.95795267305e-79 0.00222729686903 1.5315677629e-63 2.22364891067e-103
fire 1.71667237509e-103 8.12385035195e-52 0.00448168372372 0.00251117583209 3.02735832634e-75
firm 1.71638353417e-103 1.95770256635e-103 2.22729686903e-103 2.54209461424e-103 0.00222206210901
first 2.1697818984e-59 1.95706777664e-103 2.22729686903e-103 0.00254209461424 2.22206210901e-103
fitted 1.71638353417e-103 1.95696211338e-103 0.00222729686903 2.54209461424e-103 2.22206210901e-103
fixed 1.71638353417e-103 1.95709438413e-103 2.22729686903e-103 2.54209461424e-103 0.00222206210901
fleetst 1.71638353417e-103 1.95696211338e-103 0.00222729686903 3.1723650306e-27 2.22206210901e-103
flies 0.00171638353417 1.01347439788e-96 2.22729686903e-103 2.54209461424e-103 2.22206210901e-103
flow 1.71638353417e-103 1.95696211338e-103 0.00222729686903 2.54231330509e-103 2.22206210901e-103
flowers 1.33201004997e-79 1.95728827708e-103 0.0022296130812 0.00253945103736 2.22206210901e-103
follow 0.00171638353417 1.98144937542e-103 9.10002351625e-101 2.57875402667e-103 2.22206210901e-103
fond 0.00171638327697 2.93251945894e-10 6.28880503822e-88 8.30597626919e-21 3.90024159453e-25
foot 3.07462900592e-103 1.95706815563e-103 2.22733311647e-103 0.00254209461424 2.22206330536e-103
for 0.0415203943182 0.00974014422071 1.56934208913e-40 1.97717683369e-61 0.00184919356286
forbidden 1.71638353417e-103 1.84973759842e-89 2.22729686903e-103 2.54209461424e-103 0.00222206210901
forged 1.71638353417e-103 1.62867299853e-76 2.22729686903e-103 2.54209461424e-103 0.00222206210901
forget 3.03176715117e-64 1.95696211338e-103 2.22729686903e-103 0.00254209461424 3.92450251813e-95
forgetful 0.00171638353417 8.97765761339e-97 2.22729686903e-103 2.54209461424e-103 2.22206210901e-103
forgoing 1.71638353417e-103 1.96730722946e-103 0.00222729686903 2.54579238802e-103 2.22314931674e-103
forgot 1.71638353417e-103 1.95696211338e-103 0.00222729686903 2.21380690761e-61 2.22206210901e-103
forlorn 1.71638781761e-103 1.97615054275e-103 0.00222729686903 4.99141567527e-35 1.10858333368e-78
form 0.00343276706833 1.97858394221e-103 2.22907968558e-103 1.54661851788e-71 2.22206210901e-103
forsaken 1.71638353417e-103 1.95696211338e-103 0.00222729686903 2.54209461424e-103 2.22206210901e-103
fortune 1.71662174771e-103 5.43001582761e-64 1.50377521669e-91 0.00254209461424 2.35447996728e-82
found 1.57961596975e-99 1.95712738608e-103 2.22729707072e-103 0.00254209461424 4.76067934885e-28
four 2.99289236225e-11 5.99868585196e-64 2.22729686903e-103 7.53289223544e-76 0.00222206207027
frailer 1.71638353417e-103 7.54723215077e-103 2.22729686903e-103 2.54209461424e-103 0.00222206210901
frailties 3.77380053164e-99 1.96854567014e-103 7.35949617727e-67 0.00254209461424 2.24554176622e-103
free 1.71638353417e-103 1.95696211338e-103 0.00222729686903 1.86499360507e-52 2.22206210901e-103
frequent 4.28784403465e-68 0.00195696211338 8.74012822089e-40 7.33636520495e-86 2.22206587882e-103
friend 1.71638353417e-103 1.95696211338e-103 0.00222729686903 5.69294981372e-18 2.22206210901e-103
from 0.0016407324525 0.00333505497911 2.95229538925e-43 0.00368175433159 0.0130914134879
front 1.71638353418e-103 1.9613968011e-103 0.00222729686903 2.5420946143e-103 2.22315650285e-103
frost 3.4505835492e-67 1.95935192611e-103 2.22729686903e-103 0.00254209461424 2.22206210901e-103
fulfil 1.71804624519e-103 0.00195696211338 2.2360737357e-103 2.04774849466e-25 3.13525647023e-82
full 0.00174613207377 1.62879040788e-76 0.00441598999489 2.54695744506e-103 2.22208755335e-103
gain 1.71638353417e-103 1.95696211338e-103 0.00222729686903 2.54209461424e-103 2.22206210901e-103
gainst 2.0832220635e-78 0.00195696211338 2.22729686903e-103 2.54626512098e-103 2.22206210902e-103
gave 1.85002307945e-103 1.96064027507e-103 2.23191578233e-103 0.00254209461424 2.23324178956e-103
general 1.71639062361e-103 2.25551873185e-90 0.00222729686903 2.56470583265e-36 1.26206315311e-100
gentle 0.00173371093162 0.00193720600429 2.22729686903e-103 2.54209461424e-103 2.22206210901e-103
gift 1.71867710481e-103 1.95928477574e-103 0.00222729686903 1.89583353882e-62 2.23727298447e-103
gilded 1.71638353417e-103 0.00195696211338 2.23386075592e-103 1.18950117851e-16 1.54323617969e-92
girded 1.71638353417e-103 1.87134463874e-90 2.22729686903e-103 2.54209461424e-103 0.00222206210901
give 0.00261792178185 0.000929058874178 0.00222729686903 2.54209461424e-103 2.22206210901e-103
giving 0.00171638353417 1.97398385308e-103 2.22731308812e-103 2.88022642888e-28 2.22206210901e-103
glad 0.00171638353417 5.19221138158e-97 2.22729686903e-103 2.54244975687e-103 2.22206210901e-103
glass 2.69987880458e-26 1.27697233599e-20 3.57250883062e-60 1.20431303349e-10 0.00222206200374
glory 1.71638353417e-103 2.36651152121e-100 2.22729686903e-103 2.54209461424e-103 0.00222206210901
go 1.71638353417e-103 1.95717759785e-103 2.22729686903e-103 2.54209461424e-103 0.00222206210901
goes 6.66298333979e-75 0.00195696211338 2.22729686903e-103 2.90019605064e-70 2.22206211208e-103
golden 1.71638353417e-103 1.95771222763e-103 2.22729686903e-103 2.54209461424e-103 0.00222206210901
gone 1.71638353417e-103 1.95696211338e-103 0.00445459373805 2.55032045103e-103 2.22206210901e-103
good 1.71638353417e-103 1.96654138123e-103 2.22729686903e-103 2.54209461424e-103 0.0111103105451
graces 1.71638353417e-103 1.95696211338e-103 0.00222729686903 2.54209461424e-103 2.22206210901e-103
gracious 2.48523370074e-98 1.95710153674e-103 0.00222771512431 0.00254161724433 5.45701276093e-68
grant 2.57409828014e-93 0.00195696211338 2.22729686903e-103 2.54209461424e-103 2.22206210901e-103
granting 1.71638353417e-103 1.95696211338e-103 0.00222729686903 1.57459683285e-70 2.22206210901e-103
grave 1.71638353417e-103 1.95696211338e-103 0.00222729686903 2.54209461424e-103 2.22206210901e-103
great 0.00341550794359 0.00197664035742 2.59723010136e-11 2.54209461433e-103 2.22206210901e-103
green 1.71638354861e-103 0.00195696211319 2.23152817228e-13 2.54209461424e-103 8.72476597268e-28
grew 0.00171638353417 2.53526801858e-97 2.22796123785e-103 2.54209461424e-103 2.22206210901e-103
guest 1.71638353417e-103 1.95696211338e-103 0.00222729686903 2.54209461424e-103 2.22206210901e-103
half 1.14161903342e-53 1.95696211338e-103 2.22729686903e-103 0.00254209461424 2.22206210901e-103
hand 1.71640025175e-103 1.96397864842e-103 2.23630335742e-103 0.00508418922848 5.94235671052e-103
hang 0.00166927450393 0.00201067422698 2.23368491077e-103 4.89095258896e-19 2.52470105204e-97
hanging 1.71638353417e-103 1.95709416934e-103 2.22729686903e-103 2.54209461424e-103 0.00222206210901
haply 1.72751627033e-103 0.00195696211338 4.60835717596e-67 2.54209461424e-103 7.1783213301e-19
happy 1.71638353417e-103 3.25393728549e-95 2.22729686903e-103 2.54209461424e-103 0.00222206210901
harvest 2.50047928986e-80 0.00195696211338 2.23105817991e-103 2.54209461424e-103 2.22206210901e-103
hast 6.89538389921e-84 1.95708777252e-103 0.00222738301139 0.00254199629684 2.00241340838e-48
hate 1.71638353417e-103 1.95696211338e-103 0.00222729686903 2.54209461424e-103 2.22206210901e-103
hated 1.71638353417e-103 0.00195696211338 2.22729686903e-103 2.54209461424e-103 2.22335119324e-103
hateth 1.71714324022e-103 0.00195696211338 2.22729686903e-103 2.54209461427e-103 2.22206210908e-103
hath 0.00523655626037 0.00181559998159 2.22792808666e-103 0.00495943040862 0.00904465573328
hatred 1.71649546069e-103 1.97102710297e-103 3.35322330334e-45 0.00254209461424 2.29412690297e-73
have 0.0157445576204 2.01569733424e-30 0.00303641406935 1.01274231746e-49 0.00991845627056
having 1.23088917413e-63 0.0019570894559 2.23129941621e-103 0.00254192919625 2.22212972471e-103
he 0.010323520899 0.00192820747622 5.67970349436e-71 1.5990319772e-84 2.22232487114e-103
head 1.71638353417e-103 1.95696211338e-103 0.00222729686903 2.54209461424e-103 2.22206210901e-103
heart 1.7208980414e-103 1.98131204247e-103 0.0049623506678 0.00956492486386 0.00224298141799
hearts 1.71638353417e-103 1.96591863814e-103 2.22729686903e-103 2.54209461424e-103 0.00444412421803
heaven 1.71638353417e-103 4.38613533171e-96 0.00222729686903 2.54269615692e-103 0.00222206210901
heavenly 1.71638353417e-103 1.95696211338e-103 2.22729686903e-103 2.54209461424e-103 0.00222206210901
heavens 1.71638353417e-103 6.49000164785e-87 2.22729686903e-103 2.54209461424e-103 0.00222206210901
height 2.13659241181e-100 0.00195696211338 2.22729686903e-103 2.54209461424e-103 2.22206210901e-103
helens 0.00171638353417 1.29140528015e-91 2.22729686903e-103 2.54209461424e-103 2.22206210901e-103
hell 1.71660553685e-103 1.97088347981e-103 8.25839073652e-21 0.00254209461424 2.4621553789e-78
hence 1.71638353417e-103 1.9614469379e-103 0.00222729686903 5.99811469619e-38 6.22263815928e-103
her 1.72558336034e-103 0.0136987347937 8.42659028281e-35 2.54437833894e-103 2.93088725882e-95
herein 0.00171638353417 2.5874720035e-100 2.22729686903e-103 2.54209461424e-103 2.22206210901e-103
hide 1.71638353417e-103 1.95696211338e-103 0.00222729686903 2.54209461424e-103 2.22206210901e-103
high 1.7177368158e-103 0.00195696211338 9.04244933214e-44 2.54528163073e-103 1.22993515002e-78
hill 1.71638353417e-103 1.95696211338e-103 0.00222729686903 2.54209461424e-103 2.22206210901e-103
him 0.00170190747197 0.00197346722702 2.15873100112e-23 1.36774017149e-33 2.33268129664e-84
his 0.00679985290899 1.42227686939e-34 0.0112295374804 0.00228731042593 0.00910315472616
history 1.71638353417e-103 1.95696211338e-103 0.00222729686903 2.54209461424e-103 2.22206210901e-103
hoisted 2.08501458124e-66 0.00195696211338 3.54857472772e-41 2.54209461424e-103 2.22206210901e-103
hold 1.72156232235e-103 0.00193898143618 2.23372119045e-103 9.36274401179e-24 0.00446454064879
holds 1.19446512545e-100 1.95706777714e-103 2.22729686903e-103 0.00254209461424 2.22206210901e-103
holy 2.6593535186e-97 1.96199844388e-103 2.11731789843e-59 0.00254209461424 0.00444412421803
home 1.71640204493e-103 1.99215203843e-103 0.00222729686903 2.20676434755e-17 8.61915412398e-86
honey 1.71638353423e-103 0.00195694538224 1.9042377987e-08 2.54209461424e-103 2.22206210901e-103
honour 1.71638353417e-103 1.95709438413e-103 2.22729686903e-103 2.54209461424e-103 0.00222206210901
hooks 1.71638353417e-103 1.95696211338e-103 0.00222729686903 2.54209461424e-103 2.22206210901e-103
hope 0.00171636257804 3.08671024354e-85 0.00222732406312 1.96161102705e-29 2.2221323352e-103
hot 1.71729714244e-103 2.94006790846e-26 0.00449089370714 0.00250066414433 3.31987388749e-75
hour 1.71638353417e-103 1.95696211338e-103 0.00222729686903 2.54209461424e-103 2.22206210901e-103
hours 1.71638353417e-103 1.95696211338e-103 0.00445459373805 2.54209461424e-103 2.2225574776e-103
how 0.00858191767083 9.38547425781e-60 2.22729896689e-103 2.16600265968e-77 2.2220671723e-103
hue 1.72465076903e-103 4.75458507341e-08 0.00445453962422 1.01214190435e-83 2.22206210901e-103
hues 3.71422842106e-96 0.00195696211338 2.22729686903e-103 2.54426511995e-103 2.22292387016e-103
humour 1.66917292578e-64 0.00195696211338 2.22729686903e-103 5.06079671781e-76 2.23268474833e-103
hungry 1.71638353417e-103 1.97431118817e-103 0.00222729686903 3.18347644013e-103 2.23182810239e-103
hymn 2.53133829408e-23 0.00195696211338 2.22729686903e-103 2.54211060625e-103 2.22206210901e-103
idle 1.71638353417e-103 1.95709438413e-103 2.22729686903e-103 2.54209461424e-103 0.00222206210901
if 0.0302054150128 5.6566382581e-48 2.2326390155e-103 0.00356327969744 1.62796224559e-72
ill 1.88322048693e-29 1.96550401575e-103 1.22808365763e-50 0.00762628384272 2.22206259891e-103
image 7.95019632221e-82 1.99303239177e-103 2.32866307987e-64 0.00254209461424 2.22432775172e-103
imitate 1.71983105376e-103 1.95696211338e-103 2.22729686903e-103 2.54209461424e-103 0.00222206210901
immortal 1.7179226657e-103 1.95696211338e-103 2.22729686903e-103 2.54209461424e-103 0.00222206210901
impregnable 1.71638353417e-103 4.27406134868e-75 2.22729686903e-103 2.54209461424e-103 0.00222206210901
in 0.0213504365948 0.0104611122675 2.23838037283e-103 0.03289269703 0.0317221652007
incertainties 0.00171638353417 1.96743722865e-103 2.22729686903e-103 2.54209461424e-103 2.22206210901e-103
increase 1.71638353417e-103 1.95696211338e-103 0.00228468674401 0.00247659347061 2.22206210901e-103
indigest 1.71638353417e-103 1.95696211338e-103 7.54891373828e-65 0.00254209461424 2.22206210901e-103
indirectly 1.71638353417e-103 1.95934949267e-103 2.22729686903e-103 2.54209461424e-103 0.00222206210901
inferior 1.71638353417e-103 1.88093798568e-67 2.22729686903e-103 2.54209461424e-103 0.00222206210901
inherit 1.71638353417e-103 1.97107388447e-103 1.42888132143e-46 0.00254209461424 1.80725630275e-82
inheritors 1.71638353417e-103 0.00195696211338 2.22729686903e-103 2.54209461424e-103 2.22309588588e-103
instinct 1.71645753514e-103 1.97101040677e-103 3.43951195581e-21 0.00254209461424 4.2715563889e-76
intents 1.71638353417e-103 1.95696211338e-103 0.00222729686903 2.54209461424e-103 2.22206210901e-103
interest 2.26442943951e-68 0.00195696211338 2.23351493656e-103 7.30117818625e-75 2.22260996135e-103
invent 1.71638353417e-103 1.95696211338e-103 0.00222729686903 2.54209461424e-103 2.22206210901e-103
invention 1.71638353417e-103 1.95697054763e-103 2.22729686903e-103 2.54209461424e-103 0.00222206210901
invited 1.71638353417e-103 1.95696211338e-103 0.00222729686903 2.5443541301e-103 2.22206210901e-103
is 0.00877490924137 0.0250914309514 0.00234195619141 2.39264515934e-13 0.00225418597924
it 0.0199056969703 1.18743908471e-61 2.22767920325e-103 2.18073882393e-26 0.00756064538471
jacks 1.71638353417e-103 1.95696211338e-103 0.00222729686903 2.54209461424e-103 2.22206820332e-103
jewels 1.71638353417e-103 1.97107388447e-103 7.82733819033e-15 0.00254209461423 6.8143772739e-74
jump 1.71638376084e-103 1.95696211338e-103 0.00222729686903 2.54209461424e-103 2.22206210901e-103
junes 1.71638353417e-103 3.15695547359e-93 2.22729686903e-103 2.54209461424e-103 0.00222206210901
just 0.00171638353417 6.00158318411e-86 2.22729686903e-103 2.54209461424e-103 2.22206210901e-103
keep 0.00171630474103 2.95804810309e-83 0.00222739488091 4.83412053206e-09 2.22229782959e-103
kill 1.71638353417e-103 1.95696211338e-103 0.00222729686903 2.54226561278e-103 2.22206210901e-103
kind 0.00168954096018 0.00393355802677 0.00223978361887 9.84628938444e-50 9.00609821385e-91
know 1.71638353417e-103 1.95696211338e-103 0.00445459373805 2.54209461424e-103 2.22206210901e-103
knowing 1.71638353417e-103 1.95696211338e-103 0.00222729686903 2.54209461424e-103 2.22305299153e-103
knowledge 8.96644763027e-86 0.00195696211338 4.85114416639e-16 2.55088782221e-103 2.2233615323e-103
land 1.71638353417e-103 1.95696211338e-103 1.28498583676e-71 0.00254209461424 2.22206210901e-103
large 2.39120208121e-29 1.96174165901e-103 2.22759076859e-103 0.00508418922848 2.22206210901e-103
lay 1.71638353417e-103 1.95696211338e-103 0.00222729686903 2.54231330509e-103 2.22206210901e-103
lays 1.71647086951e-103 3.94670036435e-62 0.00245021127708 0.00228767432387 2.09696235137e-74
leads 8.92175238453e-53 1.95696211338e-103 2.22729686903e-103 0.00254209461424 2.22206210901e-103
lean 0.00171638353417 1.20400906574e-99 2.22729686903e-103 2.54209461424e-103 2.22206210901e-103
leap 1.71638353417e-103 1.95696211338e-103 0.00222729686903 2.54209461424e-103 2.22206210901e-103
learned 0.00171638353417 1.64066173144e-94 2.22751875053e-103 2.54209461424e-103 2.22384097643e-103
learneds 1.71638353417e-103 1.95712415544e-103 2.22729686903e-103 2.54209461424e-103 0.00222206210901
lease 1.71638353417e-103 1.95696211338e-103 0.00445459373805 2.56514398648e-103 2.22206210901e-103
least 3.13823477626e-38 1.95921821521e-103 0.00222729686903 4.13934693557e-35 2.22206210901e-103
leaves 1.71638353417e-103 1.95696211338e-103 0.00445409723643 2.54223438963e-103 0.00222255744372
left 0.00171638353417 2.9806877671e-90 2.22770965949e-103 2.54209461424e-103 3.70865072159e-65
leisure 1.71638353417e-103 1.27054148966e-102 2.22729686903e-103 2.54209461424e-103 0.00222206210901
less 3.11781716276e-74 0.00195696211338 2.22729686903e-103 2.54232346968e-103 2.22206210901e-103
let 1.98601159867e-86 0.00391392422676 2.54195941288e-50 2.54209461424e-103 2.22206210901e-103
lie 1.71638353417e-103 1.95696211338e-103 0.00445459373805 2.54352486796e-103 2.22206210901e-103
lies 1.71638353417e-103 1.95696211338e-103 3.49510709171e-71 0.00762628384272 0.00222206210901
life 1.71638353417e-103 2.03880001004e-103 0.0044908686486 0.00250069274455 3.4544970209e-72
light 1.71638353417e-103 1.95696211338e-103 0.00445459373805 2.54239534999e-103 2.22206210901e-103
like 0.00512069430878 0.00394636693759 1.32236402123e-24 2.84114330972e-09 2.48468046691e-74
line 1.71638353417e-103 7.87102882495e-96 2.22729686903e-103 2.54209461424e-103 0.00222206210901
lips 1.71985688913e-103 2.36523442959e-80 0.00445459373805 2.54209461424e-103 2.22255749549e-103
live 3.17263634285e-99 4.78150566976e-89 5.53962591859e-35 0.010168378457 1.39007083848e-92
lives 0.00171638353417 2.88176814152e-94 2.22729686903e-103 2.54209461424e-103 2.22206210901e-103
living 1.7165000763e-103 1.96214568795e-103 5.88738281821e-63 2.54209461424e-103 0.00222206210901
lofty 0.00171638353417 2.5694611551e-102 2.22965777185e-103 2.54209461424e-103 2.22206210901e-103
long 0.00343276706833 1.96915371092e-103 9.6060661779e-72 2.54237065061e-103 2.22206210901e-103
look 1.71638353417e-103 1.95696211338e-103 0.00222729686903 2.54209461424e-103 2.22206210901e-103
looked 1.71638353417e-103 5.13040662828e-21 0.00222729686903 4.10717446874e-26 1.55192937571e-96
looks 1.72465265117e-103 0.00195699668429 3.50414894433e-78 0.00508414432086 2.8473835458e-76
lords 2.07750453266e-47 1.96011576534e-103 0.00222729686903 2.57952768813e-103 2.22206210901e-103
lourst 0.00171638353417 7.59886137232e-87 2.22818194127e-103 2.54386443219e-103 2.22209089799e-103
love 9.10879927249e-32 1.32086870302e-05 0.0220845853968 0.0153145459261 0.000118766938635
lovely 1.71700007561e-103 2.30266938515e-103 0.00222729686903 2.54209461424e-103 2.22206210901e-103
loves 1.71652676719e-103 3.47788034462e-20 0.0111364843451 2.54299581671e-103 4.32253559e-95
loving 0.00171638353417 1.48249237953e-98 2.22729686903e-103 2.54209461424e-103 2.22206210901e-103
lovst 0.00171638353417 9.22203569189e-94 2.228230124e-103 2.54209461424e-103 2.22206210901e-103
lusty 1.71638353417e-103 1.95725439667e-103 2.2275021214e-103 1.60168456148e-87 0.00222206210901
made 1.71638353417e-103 1.95696211338e-103 0.00222729686903 2.54209461424e-103 2.2220985361e-103
main 1.71638482364e-103 1.96098210074e-103 0.00445459373805 1.8033027368e-39 2.23456126635e-103
make 0.010298301205 3.95211278669e-73 2.22990357198e-103 2.54873402175e-103 0.00222206210901
making 0.00343276706833 1.96741956494e-103 2.22729686903e-103 2.54209461424e-103 2.22206210901e-103
man 3.57125411327e-83 0.0019724649918 2.22758071966e-103 1.49663812129e-101 0.0022044591322
mans 3.78338471254e-96 0.00391392415274 8.42489969388e-11 2.54209941769e-103 2.22206210901e-103
many 1.69984138841e-77 0.00195696211338 2.22729686903e-103 2.54209461424e-103 2.22206210901e-103
manys 2.25015463829e-73 0.00195696211338 2.23076747089e-103 2.54525594528e-103 2.22206210901e-103
mark 1.71638353417e-103 1.95696211338e-103 0.00222729686903 2.54209461424e-103 2.22206210901e-103
mars 0.00171638353417 1.67011465895e-86 2.22729686903e-103 2.54209461424e-103 2.22206210901e-103
matter 4.61323912628e-18 1.96883142687e-103 2.22730534134e-103 0.00254209461424 2.22206210901e-103
may 1.71638353628e-103 1.95702824639e-103 2.85566146061e-74 0.00254209461424 0.00444412421803
mayst 1.71638353417e-103 1.95696211338e-103 2.22729686903e-103 2.54209461424e-103 0.00222206210901
me 0.0155766214118 1.67864078623e-32 0.030932953515 0.00263520861661 1.0537149307e-77
measure 1.71638353417e-103 1.95696211338e-103 0.00222729686902 2.08081983871e-15 2.22206210901e-103
meetness 1.71638353417e-103 1.95696211338e-103 0.00222729686903 2.54237327403e-103 2.22206210901e-103
men 0.00460987473129 0.00257182611529 2.23767448481e-103 1.48647083701e-57 2.22210626801e-103
mercy 1.71650599376e-103 1.96240283314e-103 2.82137364219e-57 2.54209461424e-103 0.00222206210901
methinks 0.00171638353417 1.96747273803e-103 2.22729686903e-103 2.54209461424e-103 2.22206210901e-103
might 1.71638353417e-103 0.00195696211338 0.00222729686903 5.01382429607e-69 2.22206210901e-103
millioned 1.71638353417e-103 1.95709438413e-103 2.22729686903e-103 2.54209461424e-103 0.00222206210901
mind 1.71641391949e-103 1.95739290618e-103 0.00222729686903 2.55282226452e-103 2.2232212184e-103
minded 4.42725846242e-26 1.97198014468e-103 2.22732922353e-103 0.00254209461424 2.22212856109e-103
minds 1.71638353417e-103 1.95696211338e-103 0.00222729686903 2.54209461424e-103 2.22206210901e-103
mine 1.0842209955e-59 0.0130974192489 0.00707734464919 0.000405315310794 0.0021560214288
minutes 0.00171638353417 1.95696211338e-103 2.22729686903e-103 2.54209461424e-103 2.22206210901e-103
misplaced 1.71638353417e-103 1.95696211338e-103 2.22729686903e-103 0.00254209461424 2.22206210901e-103
misuse 1.71641522384e-103 1.95941166644e-103 2.24197619251e-103 2.54209461424e-103 0.00222206210901
modern 6.81234902264e-75 0.00195696211338 2.22729686903e-103 2.54209461424e-103 2.22206210901e-103
monsters 0.00171638353417 5.53410460825e-89 1.41482444017e-98 2.543326712e-103 2.22206210901e-103
moon 1.71638353859e-103 0.00195696211338 2.22729687162e-103 2.54209461595e-103 2.22206210901e-103
more 7.62180746352e-25 1.24587798576e-72 2.22729686903e-103 0.0025420946142 0.00888824843609
morning 1.71638353417e-103 1.95709069077e-103 2.22729686903e-103 2.54209461424e-103 0.00222206210901
morrow 1.71638353417e-103 1.95696211338e-103 0.00222729686903 2.54209461424e-103 2.22206210901e-103
mortal 1.97621411709e-19 1.96195023483e-08 2.23848025741e-103 0.00508416374274 2.22206210901e-103
most 0.00171638353417 1.02082810616e-89 2.22729686903e-103 2.54209461424e-103 2.22206210901e-103
mounted 1.71638353417e-103 1.95696211338e-103 0.00222729686903 2.54209461424e-103 2.2220658581e-103
much 1.71638353417e-103 1.95996058724e-103 0.00222729686903 2.55319813696e-103 2.22324056743e-103
murdrous 1.71638353417e-103 1.95709438413e-103 2.22729686903e-103 2.54209461424e-103 0.00222206210901
muse 0.00343276706833 3.25114262391e-102 2.22729686903e-103 4.17686285028e-96 2.22206210901e-103
must 0.00174787135048 0.00192106077645 8.4342730619e-78 2.59945640366e-103 2.22206210901e-103
my 0.00115227364654 0.0535799175686 5.78871737187e-38 8.85657781206e-06 0.0398772360159
name 2.16561703544e-60 1.97644389989e-103 3.36217616631e-20 0.010168378457 2.99520495628e-92
nativity 0.00171638353417 1.96741956494e-103 2.22729686903e-103 2.54209461424e-103 2.22206210901e-103
natures 1.71638353417e-103 1.07984942488e-87 2.22729686903e-103 2.54209461424e-103 0.00222206210901
nay 0.00343276706833 5.38663635271e-99 2.22729686903e-103 2.54209461424e-103 2.22206210901e-103
near 1.71638353417e-103 1.95696211338e-103 0.00222729686903 2.54209461424e-103 2.22206210901e-103
need 1.36382570118e-22 0.00195696211338 3.60496804928e-53 2.54209461424e-103 2.22206210901e-103
needst 0.00171638353417 7.03717709395e-94 2.22820133634e-103 2.5482384781e-103 2.2282651597e-103
neer 1.71638353417e-103 1.97107388447e-103 6.36737901891e-92 0.00254209461424 2.40255573258e-77
neglected 1.31399786636e-101 1.95706777714e-103 2.22729686903e-103 0.00254209461424 2.22206210901e-103
neither 0.00171638353417 3.83069401738e-98 2.22954971262e-103 2.54930161968e-103 2.22206210901e-103
never 1.71638353417e-103 0.00195696211338 2.23004151574e-103 7.16846244246e-27 2.22869811327e-103
new 0.00171638353417 1.97349023352e-103 2.41348907283e-69 1.017983959e-44 2.22206210901e-103
niggard 1.71638353417e-103 1.95696211338e-103 0.00222729686903 2.54209461424e-103 2.22305258956e-103
night 1.72043057747e-103 1.96089659837e-103 2.11696017274e-91 0.010168378457 2.23318359544e-103
nimble 1.71638353417e-103 4.5943735684e-63 2.22729686903e-103 2.54209461424e-103 0.00444412421803
no 0.00958810709811 0.0184175063186 8.89981620831e-80 3.08770651511e-59 0.00222761664661
none 8.27035575485e-71 0.00195811737604 2.22729686903e-103 2.54209461424e-103 0.00222075034862
nor 0.0226938045702 6.56486219618e-22 2.22922265175e-103 0.00197807325241 1.78276507918e-94
not 0.00681652563316 3.08159331011e-39 2.23650506461e-103 0.0380812637477 0.00899553699025
nothing 0.00171638353417 1.08369728835e-99 2.22729686903e-103 2.54209461424e-103 2.22206210901e-103
now 0.00168637888745 0.00981902084432 2.22729686903e-103 2.54209461424e-103 2.22206210901e-103
oaths 5.40999527568e-85 1.96623791332e-103 0.00445459373805 2.54209461424e-103 2.22574189312e-103
objects 9.34931637445e-98 1.98736981392e-103 3.79463401271e-95 0.00254209461424 2.2256670827e-103
oblivion 2.18626744015e-54 1.95696211338e-103 2.22729686903e-103 0.00254209461424 2.22356675313e-103
obsequious 1.71638353417e-103 1.95709438413e-103 2.22729686903e-103 2.54209461424e-103 0.00222206210901
ocean 1.71638353417e-103 1.95707456807e-103 2.22729686909e-103 2.54209461424e-103 0.00444412421803
of 0.0169304380347 0.00148165276688 3.72440273537e-42 0.0505883293903 0.0521709272097
offenders 0.00171638353417 3.62103588493e-97 2.22729686903e-103 2.54209461424e-103 2.22206210901e-103
oft 1.71982092731e-103 2.92908058813e-30 0.00222729686903 2.54731181043e-103 1.55322131488e-97
old 0.00343276706833 1.40349922461e-57 2.22905937859e-103 2.56785851612e-103 3.5482974554e-63
on 0.00725988232565 9.56608456992e-34 6.35393487239e-71 0.022205118805 0.00230044592829
once 3.38294188076e-30 0.00195696211338 2.22729686903e-103 2.5634052434e-103 2.22206210901e-103
one 2.57179644185e-62 3.3422237524e-66 8.09653496898e-51 0.00760957496665 0.00223666745069
only 1.71638353417e-103 1.95742439573e-103 2.22729686903e-103 2.54209461424e-103 0.00222206210901
open 1.71638353417e-103 1.95696211338e-103 2.22729686903e-103 2.54209461424e-103 0.00222206210901
or 0.00372930223062 0.0114036733765 2.22729686903e-103 2.54209471459e-103 2.22992916888e-103
other 1.95565772507e-80 0.00392808446678 0.00221118053199 1.59421511409e-12 1.85421547208e-76
others 4.84080745793e-93 6.12797830507e-15 0.00445459373804 7.43122416184e-40 2.22218068535e-103
our 3.59932271689e-81 0.00588597706782 0.00221012150815 4.26603875966e-63 2.22665396484e-103
out 1.71665059554e-103 0.00391393181933 0.00445458509664 2.26852091644e-62 2.22307785717e-103
outward 0.00343276706833 3.46024237953e-103 4.58067292938e-95 2.54209461424e-103 2.91247056649e-85
over 0.00343276489742 1.97341269664e-103 2.22729686903e-103 3.21528784527e-09 2.22206210901e-103
overturn 1.71638353417e-103 1.95696211338e-103 0.00222729686903 2.54209461424e-103 2.22206210901e-103
own 1.71662768047e-103 1.95752913406e-103 2.22890552469e-103 1.80410529261e-84 0.0111103105451
owners 2.26487096329e-73 0.00195696211338 2.22729686903e-103 2.54508712362e-103 2.22206210901e-103
painter 1.72179061669e-103 1.95701993868e-103 0.00222729686903 2.54349810962e-103 2.22206210901e-103
painting 1.71638353417e-103 2.38029120251e-100 0.00222729686903 2.54209461424e-103 2.22385350499e-103
part 1.71638353417e-103 1.95696211338e-103 0.00445459373805 1.16925411661e-62 2.22206210901e-103
partial 5.48703744501e-94 0.00195696211338 2.22729686903e-103 2.54209461424e-103 2.22206210901e-103
particulars 0.00171638353417 1.51941536612e-81 2.22729686903e-103 5.37557223743e-71 2.22206210901e-103
parts 1.50341520055e-89 1.95752429663e-103 3.13930732111e-99 0.00254209461424 2.22221707382e-103
pass 1.71638353417e-103 1.95696211338e-103 0.00222729686903 2.54209461424e-103 2.22206210901e-103
past 1.99326024563e-70 0.00195696211338 2.22729686903e-103 2.54209461424e-103 2.22206210901e-103
patience 0.00171638353409 1.97344723722e-103 2.22729686903e-103 1.08721211334e-13 2.22206210901e-103
pen 4.44403339388e-49 0.00160054403927 2.22966058754e-103 0.00300508184349 3.11818416305e-31
pencil 1.71638353417e-103 6.92099398577e-20 3.24528267148e-83 0.00254209461424 1.18808213895e-77
penury 0.00171638353417 3.35434712769e-92 2.22729686903e-103 2.54209461424e-103 2.22206210901e-103
perceive 0.00171638353417 1.97595787762e-65 2.23198638391e-103 2.5466961876e-103 2.22206210901e-103
perfect 1.71638353417e-103 1.95709438413e-103 2.22729686903e-103 2.54209461424e-103 0.00222206210901
perfection 1.71638353417e-103 1.95696211338e-103 0.00222729686903 2.54209461424e-103 2.22305311671e-103
perfumes 6.93739847755e-98 1.95707481103e-103 0.00222772931254 0.00254160105079 6.033717721e-79
permit 1.71645753514e-103 1.97101040677e-103 4.46869547434e-95 0.00254209461424 1.16624732269e-77
philomel 1.1484186634e-28 0.00195696211338 2.23349115768e-103 3.04676404997e-45 2.22257306215e-103
physician 9.64289972333e-100 1.95724398305e-103 5.25076702954e-70 0.00254209461424 2.22262008075e-103
picture 1.80069942767e-47 1.95696211338e-103 2.22729686903e-103 0.00254209461424 2.22206210901e-103
placed 1.71638353417e-103 2.2789593578e-37 2.22729686903e-103 2.54209461424e-103 0.00222206210901
plants 1.72422872708e-103 3.52955049154e-30 1.44012224151e-76 2.54209461424e-103 0.00222206210901
play 4.7942866118e-90 0.00195695866688 2.2377853774e-103 4.47701118576e-09 7.50026831541e-88
plea 1.71638353417e-103 2.54400245084e-86 2.22729686903e-103 2.54209461424e-103 0.00222206210901
plead 4.37964445738e-47 1.97059792214e-103 0.00222729686903 1.01991671808e-91 2.22277842662e-103
pleasure 1.71638353417e-103 1.95696211338e-103 0.00222729686903 2.54209461424e-103 2.22206210901e-103
poet 1.71646856192e-103 2.318580998e-102 0.00445459373805 2.54573895279e-103 2.2226135653e-103
poor 5.28048726764e-70 4.10215876462e-47 0.00226230965469 0.0024190008344 0.00451679082818
possessed 4.46901618656e-22 1.96637913004e-103 2.22729686903e-103 0.00254209461424 4.22259599852e-72
power 1.71638353417e-103 1.95696211338e-103 0.00222729686903 2.54209461424e-103 2.22206210901e-103
praise 0.00171648255573 5.97754260709e-16 0.00668176210991 2.00662180347e-68 2.2267021191e-103
prayers 1.71638353417e-103 2.88024432964e-85 2.22729686903e-103 2.54209461424e-103 0.00222206210901
pride 1.71638353417e-103 1.95696211338e-103 0.00222729686903 2.54209461424e-103 2.22305311671e-103
prime 1.71638353417e-103 1.95696211338e-103 0.00222729686903 2.54410559093e-103 2.22206210901e-103
princes 0.00343276706833 1.97347199531e-103 3.0367637008e-76 1.27285727614e-33 2.22206210901e-103
private 1.71647092258e-103 0.00195696211338 2.22729686903e-103 9.76701440197e-99 2.4503636207e-93
profitless 2.89614489711e-65 0.00195696211338 2.22729686903e-103 2.54209461424e-103 2.22206210901e-103
proud 3.95614585287e-36 8.2576517017e-89 2.22736374794e-103 0.00254209461424 0.00222206210901
prove 1.71638353417e-103 1.95696211338e-103 1.05085345957e-71 0.00508418922848 2.22206210901e-103
put 1.71651765444e-103 1.96279164723e-103 0.00222729686903 2.54453213962e-103 2.22210742033e-103
queen 1.71638353417e-103 1.95696211338e-103 0.00222729686903 2.54209461424e-103 2.22206210901e-103
quick 5.87210327201e-77 0.00391392422676 2.26529240448e-103 2.54209461424e-103 2.22206210901e-103
quicker 0.00171638353417 1.97346825389e-103 2.22729686903e-103 2.0151721967e-65 2.22206210901e-103
quill 2.2442740794e-103 1.96347846678e-103 2.23558715573e-103 0.00254209461424 2.38636531268e-103
quite 1.71638353417e-103 1.95696211338e-103 0.00222729686903 2.54209461424e-103 0.00222206210901
rainy 1.71638353417e-103 1.61327571241e-90 2.22729686903e-103 2.54209461424e-103 0.00222206210901
ranged 1.71638353417e-103 1.95696211338e-103 0.00222729686903 1.37857658703e-46 2.22206210901e-103
rare 1.71638353417e-103 1.95696211338e-103 7.52143435194e-48 0.00508418922848 2.22206210901e-103
rather 0.00171638353417 2.3379482418e-96 2.22796123785e-103 2.54209461424e-103 2.22206210901e-103
razed 1.71647272624e-103 1.96255073452e-103 0.00222729686903 2.54209461424e-103 2.22206210901e-103
read 1.34446315369e-76 0.00195696211338 2.23152220029e-103 5.83907318182e-101 7.55745534758e-52
reap 1.71638353417e-103 1.95696211338e-103 1.19325034423e-64 0.00254209461424 2.22206210901e-103
reason 2.96317554004e-90 1.95731119067e-103 2.22729743963e-103 0.00508418922848 2.22206210901e-103
receipt 7.3667100177e-85 1.95720040257e-103 2.22730216703e-103 0.00254209461424 8.00854679833e-85
receives 1.71638353417e-103 5.23974974949e-93 2.22729686903e-103 2.54209461424e-103 0.00222206210901
receivest 1.71638353417e-103 1.95696211338e-103 2.23378297327e-103 0.00254209461424 2.22206210901e-103
reckoning 1.19613031973e-58 0.00195696211338 2.22729686903e-103 2.54209461424e-103 2.22206210901e-103
record 0.00171638353417 2.25298504675e-92 2.22744908897e-103 2.5433843752e-103 2.22206210901e-103
red 1.26161965065e-91 1.95707344394e-103 2.22735633953e-103 0.00254209461424 2.22206210901e-103
redeem 1.71638353417e-103 1.95696211338e-103 0.00222729686903 1.38299680764e-16 2.22206210901e-103
reign 1.71638353417e-103 1.95696211338e-103 2.22729686903e-103 0.00254209461424 2.22206210901e-103
remember 1.71638353417e-103 1.95696211338e-103 0.00222729686903 2.54209461424e-103 2.22206210901e-103
removed 3.78792748727e-77 1.95698712292e-103 2.22729686903e-103 2.71637958255e-28 0.00222206210901
report 1.71638353417e-103 1.95696211338e-103 2.90853647059e-64 0.00254209461424 2.22206210901e-103
reserve 0.00171638353417 1.33283929743e-94 2.22729686903e-103 2.54209461424e-103 2.22206210901e-103
respect 1.71638353417e-103 1.95696211338e-103 0.00222729686903 2.54209461424e-103 2.22206210901e-103
resting 1.7164331517e-103 1.95709485739e-103 2.22730183543e-103 2.54209461424e-103 0.00222206210901
return 0.00171638353417 4.25620417501e-100 2.22729686903e-103 2.54209461424e-103 2.22206210901e-103
review 1.71638353417e-103 1.95696211338e-103 0.00222729686903 1.4462999e-53 2.22206210901e-103
reviewest 7.19357518398e-82 0.00195696211338 1.31349977316e-27 1.28139160475e-81 2.59487701105e-88
rhyme 1.71638353417e-103 1.95696211338e-103 0.00222729686903 2.54209461424e-103 2.22206210901e-103
rich 1.71638353417e-103 1.95696211338e-103 0.00222729686903 2.54209461424e-103 2.22305311671e-103
ride 1.71638353417e-103 1.95696211338e-103 0.00222729686903 2.50681287947e-17 2.22206210901e-103
right 1.71638353417e-103 6.12808446272e-43 2.22729686903e-103 2.54209461424e-103 0.00444412421803
rightly 8.4746424705e-28 1.9636499991e-103 2.22729686903e-103 0.00254209461424 2.22206210901e-103
rocks 1.71638353417e-103 1.36852073284e-25 1.09773686926e-92 0.00254209461424 9.43420701042e-79
rolling 1.71638353417e-103 1.95696211338e-103 0.00222729686903 1.81143013154e-72 2.22206210901e-103
roof 1.71638353417e-103 1.95696211338e-103 0.00222729686903 2.54209461424e-103 2.22305311671e-103
roses 1.0135825104e-46 1.96447378665e-103 2.22729686903e-103 0.00254209461424 2.22206210901e-103
ruinate 1.71638353417e-103 1.95696211338e-103 0.00222729686903 2.54231330509e-103 2.22206210901e-103
sacred 0.00171638353417 2.13588522404e-80 2.22729686903e-103 2.54261559565e-103 2.22206210901e-103
sail 5.03491146248e-89 1.95979400092e-103 2.23082318903e-103 0.00254209461424 2.2305859993e-103
saint 1.77423210093e-101 1.95724788355e-103 2.4639755916e-103 0.00254209461424 2.22260670557e-103
sake 0.00171638353417 1.97926210877e-103 1.52929494135e-19 2.54209461427e-103 1.91533324979e-16
salve 1.72087063237e-103 4.03549596247e-81 2.22730740649e-103 0.00254209461424 2.9709833287e-66
salving 1.71645919822e-103 1.97100897967e-103 3.63019636755e-91 0.00254209461424 7.009960892e-77
same 1.71638353417e-103 1.95696211338e-103 0.00222729686903 2.54544280907e-103 2.22206210901e-103
sap 0.00343276706833 1.96471704183e-103 2.22729686903e-103 2.54209461424e-103 2.22206210901e-103
saucy 2.47453133544e-52 1.67101805663e-30 0.00222729686903 2.54209461424e-103 2.22206210901e-103
savour 1.71638353417e-103 1.95696211338e-103 0.00222729686903 2.54209461424e-103 2.22206210901e-103
say 2.05196840202e-35 3.57514739898e-88 0.00290149271103 0.014483083544 1.32863686353e-61
scaped 1.71638353417e-103 2.82570421487e-24 0.00222729686903 2.5616692621e-103 1.97061532885e-91
scope 1.71638353417e-103 1.95696211338e-103 2.92530504772e-65 0.00254209461424 2.22206210901e-103
sea 0.00171638353417 1.97374970857e-103 2.22729686903e-103 4.08145160262e-76 2.22206210901e-103
sealed 1.55919571001e-92 0.00195696211338 2.23127154914e-103 2.54209461424e-103 2.22206210901e-103
seasons 0.00171638350113 3.7669720798e-11 2.22729686903e-103 3.05352272194e-71 2.22206210901e-103
second 1.71638353417e-103 3.54269998511e-87 2.22729686903e-103 2.54209461424e-103 0.00444412421803
see 0.00511904771628 0.00394824651351 2.23040864423e-103 4.46599653292e-37 2.22958749942e-103
seek 1.71638353417e-103 1.9585712764e-103 0.00222729686903 2.54209461424e-103 0.00222206210901
seeking 1.26631999972e-06 0.0019555182984 2.22729686903e-103 2.54209461424e-103 2.22206210901e-103
seem 1.71977989344e-103 0.00195080082128 2.22729686903e-103 0.00255009813529 2.68728926664e-54
seen 0.00169856175184 0.00328398498275 0.00296738268897 3.38383524796e-80 2.22234006165e-103
seest 2.34819247379e-103 0.00195696211338 5.59720331017e-86 5.36348880414e-25 1.15958447976e-102
seeting 0.00171638353417 4.8956031834e-95 2.22729686903e-103 2.54209461424e-103 2.22206210901e-103
self 7.33223598282e-77 7.01610198271e-85 2.04298431432e-29 0.0201783178183 0.00236055479497
selfs 1.71638353417e-103 1.95709438413e-103 2.22729686903e-103 2.54209461424e-103 0.00222206210901
sendst 1.33978493788e-99 0.00195696211338 2.69810447394e-59 8.17535696335e-26 1.49482547161e-102
separation 1.71638353417e-103 0.00195696211322 1.84264684942e-13 2.54554125364e-103 3.51526857715e-75
set 1.71638353417e-103 1.95696211338e-103 1.89559047627e-32 0.00254209461424 2.22206210901e-103
shadow 1.71638353417e-103 1.95706215749e-103 2.22729686903e-103 2.54209461424e-103 0.00222206210901
shadows 1.71638353417e-103 1.95696211338e-103 0.00222729686903 2.54209461424e-103 2.2223215252e-103
shady 1.71638353417e-103 1.95696211338e-103 2.22729686903e-103 2.54209461424e-103 0.00222206210901
shaken 1.71638353417e-103 1.95696211338e-103 0.00222729686903 2.54209461424e-103 2.22206210901e-103
shall 1.80079542283e-32 0.0079087975056 4.77747065386e-90 0.00238105243907 0.00449297745289
shalt 1.71638353417e-103 2.87292492792e-16 0.00222729686902 8.28391045565e-48 2.12365376455e-100
shamefully 1.71638353417e-103 1.95696211338e-103 0.00222729686903 2.54209461424e-103 2.22206210901e-103
shames 5.86507716767e-96 1.95706777714e-103 2.22729686903e-103 0.00254209461424 2.22206210901e-103
sharpst 1.71638353417e-103 1.9577122697e-103 2.22729686903e-103 2.54209461424e-103 0.00222206210901
she 5.34573039971e-51 0.0013864548803 7.60959583449e-18 0.00582527836592 5.27551623958e-82
sheaves 1.71638353417e-103 1.95696211338e-103 0.00222729686903 2.54333874007e-103 2.22206210901e-103
shines 1.71638353417e-103 1.95696211338e-103 0.00222729686903 8.056991031e-27 2.22206210901e-103
shop 4.5275244039e-50 1.95696211338e-103 2.22729686903e-103 0.00254209461424 3.9911635561e-58
short 1.71638353417e-103 1.9570951039e-103 0.00222729686903 2.54209461424e-103 0.00222206210901
should 0.00342451171885 9.98635096977e-30 2.45058415155e-92 0.00493227819439 0.00680966031946
show 0.00171638353417 5.01122967947e-53 0.00222729686903 2.54209461456e-103 2.22206210901e-103
sick 0.00329502858638 0.000157044731181 2.23229282056e-103 2.54252124854e-103 2.22206210901e-103
sight 1.71638353417e-103 1.95696211338e-103 0.00445459373805 1.5135190074e-17 2.22206210901e-103
simple 1.71638353417e-103 1.95696211338e-103 2.22729686903e-103 2.54209461424e-103 0.00222206210901
simply 2.8367360577e-71 0.00195696211338 2.22729686903e-103 2.54209461424e-103 2.22206210901e-103
since 0.0051491506025 1.973465317e-103 2.22729686903e-103 2.02162000917e-48 2.22206210901e-103
sing 0.00171638353417 1.71672755587e-86 0.00445459373805 2.5475495026e-103 2.22206210901e-103
sit 1.71638353417e-103 1.95696211338e-103 0.00222729686903 2.54209461424e-103 2.22206210901e-103
skill 1.71638353417e-103 1.95696211338e-103 0.00445459373805 2.55532951696e-103 2.22206210901e-103
slander 1.71638353417e-103 1.95696211338e-103 0.00222729686903 2.54209461424e-103 2.22305311671e-103
slept 0.00170839921261 9.10345180301e-06 2.22729686903e-103 2.54229882902e-103 2.22206210901e-103
smell 1.19532951148e-75 0.00195696211338 0.00222729686903 2.60138766333e-82 2.22206210901e-103
so 0.0166940829906 0.0259612544365 6.99753410739e-91 2.44626170416e-73 0.00223892227424
soil 1.71638353417e-103 1.95696211338e-103 0.00222729686903 2.54209461424e-103 2.22206262477e-103
sole 1.71638353417e-103 1.95696211338e-103 2.22729686903e-103 2.54209461424e-103 0.00222206210901
solemn 0.00171638353417 2.33616715654e-97 2.23015312407e-103 2.56068929637e-103 2.22206210901e-103
some 2.32023086492e-90 0.00780763395757 5.07102120452e-74 2.55596426621e-103 0.00446707707195
sometime 1.71638353417e-103 0.00195699330325 2.22729686903e-103 2.54209461424e-103 0.00222202669401
son 1.71638353417e-103 1.95696211338e-103 0.00222729686903 2.54209461424e-103 2.22206210901e-103
soon 4.92209231217e-46 1.95883281256e-103 2.22729686903e-103 0.00254209461424 2.22206210901e-103
sooner 0.00171638353417 1.21142806983e-37 2.23815450003e-103 2.54209461424e-103 2.22206210901e-103
sorrow 1.71638353417e-103 1.95696211338e-103 0.00222729686903 2.54209461424e-103 2.22206210901e-103
sorry 0.00171638353417 2.78173544667e-95 2.2283402274e-103 2.54209464635e-103 2.22206210901e-103
soul 3.19291145298e-86 1.95755405419e-103 2.22729686903e-103 0.00254209461424 2.22206210901e-103
sounds 1.71638353417e-103 1.95696211338e-103 0.00222729686903 2.54209461424e-103 2.22206210901e-103
sour 1.71638353417e-103 1.95696211338e-103 0.00222729686903 2.54209461424e-103 2.22206210901e-103
spacious 1.71638353417e-103 1.95696211338e-103 2.55788189469e-66 0.00254209461424 2.22206210901e-103
speak 1.71638353417e-103 1.95696211338e-103 0.00222729686903 7.77304928306e-23 2.22206210901e-103
speaking 1.71638353417e-103 2.39915051833e-91 2.22729686903e-103 2.54209461424e-103 0.00222206210901
spend 1.71638353417e-103 1.95696211338e-103 0.00222729686903 2.54226593057e-103 2.22206210901e-103
spheres 1.71638353417e-103 1.95696211338e-103 0.00222729686903 2.54209461424e-103 2.22305311671e-103
spies 1.71638353417e-103 1.95696211338e-103 0.00222729686903 2.54209461424e-103 2.22206210901e-103
spirit 0.00343276706833 1.00954545169e-78 6.60149981987e-93 7.59785514954e-87 0.00222206210901
spirits 3.62098341656e-72 0.00195696211338 1.32337374122e-102 2.55577019423e-103 2.22206210901e-103
spread 1.71638353417e-103 1.95696211338e-103 0.00222729686903 7.42769518067e-101 2.22206210901e-103
spring 1.71638353417e-103 1.95696211338e-103 0.00222729686903 2.39232314121e-46 2.22206210901e-103
springs 1.71638353417e-103 1.95696211338e-103 0.00222729686903 2.54209461424e-103 2.22305311671e-103
spur 1.71822609971e-103 1.15339455408e-16 0.00222729686903 2.55623280157e-103 1.17423985303e-89
stand 1.50350442494e-54 1.95914943139e-103 6.16847738897e-08 0.00508411882542 2.22206260638e-103
star 0.00179541870444 2.73099821181e-34 2.78263703984e-79 0.00242503751326 2.22206210901e-103
state 1.71667274308e-103 1.97086494879e-103 2.4213457967e-96 0.00254209461424 3.48799059276e-79
statues 1.71638353417e-103 5.85719054548e-102 2.22729686903e-103 2.54209461424e-103 0.00222206210901
stealth 1.71638353417e-103 1.95696211338e-103 0.00222729686903 2.54209461424e-103 2.22305311671e-103
steep 1.71638353417e-103 1.9570892012e-103 2.22729686903e-103 2.54209461424e-103 0.00222206210901
steepy 1.71638353417e-103 1.95696211338e-103 0.00222729686903 2.54209461424e-103 2.22206210901e-103
still 1.71638353417e-103 1.79236558073e-102 0.00445459373805 1.2857713638e-100 0.00444412421803
stones 0.00171638353417 1.40330207002e-88 2.2282229483e-103 2.54562559128e-103 2.22209794665e-103
story 1.71640116232e-103 1.26277016887e-15 0.00445459373805 2.54258748053e-103 2.22208358787e-103
stout 1.71638353417e-103 1.95696211338e-103 2.07051061599e-28 0.00254209461424 2.22206210901e-103
straight 6.02943808227e-10 0.00198987526526 1.58664670557e-67 0.00254209461424 0.00218468959436
strangely 1.71638353417e-103 1.95696211338e-103 2.22729686903e-103 2.54209461424e-103 0.00222206210901
strength 0.00197669697206 1.44822683141e-101 2.2272979842e-103 0.0021565506054 2.22206210901e-103
strive 1.71638353417e-103 1.95696211338e-103 1.23656915383e-72 0.00254209461424 2.22206210901e-103
such 0.00339898744895 2.39378036776e-06 0.00449570402932 2.54209461424e-103 2.22206210901e-103
suffer 1.71638353417e-103 7.28833428445e-99 2.22729686903e-103 2.54209461424e-103 0.00222206210901
sufferance 1.71647272624e-103 1.96255073452e-103 0.00222729686903 2.54209461424e-103 2.22206210901e-103
summer 1.71638353417e-103 0.00195696211338 2.22729686903e-103 2.54209461424e-103 2.22206210901e-103
summers 8.19857447563e-10 3.70066991501e-98 2.22729686903e-103 0.00508416628028 0.00666620532481
sun 1.71638353417e-103 1.95696211338e-103 0.00222729686903 2.54209461424e-103 2.22305311671e-103
sunken 1.71733827531e-103 1.95696211338e-103 2.23683353223e-103 2.54209461424e-103 0.00222206210901
surety 0.00171638353417 9.98672722261e-89 2.22729686903e-103 2.54242379578e-103 2.22206210901e-103
swallowed 1.71638353417e-103 9.18418947667e-100 2.22729686903e-103 2.54209461424e-103 0.00222206210901
sweet 0.00343288550994 6.77447485642e-17 0.00211974099023 2.54441025933e-103 0.00899539819226
sweetest 1.71639632828e-103 1.9577365725e-103 0.00222729686903 2.54209461424e-103 2.22206210901e-103
sweetly 1.71638353417e-103 0.00195696211338 2.22729686903e-103 9.4138369256e-61 7.77341873664e-81
sweetness 1.71638353417e-103 1.95696211338e-103 0.00222729686903 2.54209461424e-103 2.22206210901e-103
sweets 1.71638353417e-103 1.95696211338e-103 0.00222729686903 2.54209461424e-103 2.22206210901e-103
sword 0.00171638353417 1.68549500875e-92 2.22729686903e-103 2.54209461424e-103 2.22206210901e-103
take 1.71638353417e-103 1.95709172454e-103 2.22729686903e-103 2.54209461424e-103 0.00222206210901
taken 1.71638353417e-103 1.95696211338e-103 0.00445459373805 3.06278620359e-71 2.22206210901e-103
tame 1.73944076891e-103 0.00195696211338 2.22729686903e-103 1.39752937625e-102 2.22206210902e-103
tan 0.00171638353417 2.05666653461e-99 2.22729686903e-103 2.54209461424e-103 2.22206210901e-103
taste 0.00171638353417 1.79173559263e-45 2.22729686903e-103 2.54209461424e-103 2.22206210901e-103
taught 6.57328049255e-66 0.0016918595535 1.65472868886e-102 0.00288646295183 1.36844133854e-102
teach 1.71638353417e-103 1.95709438413e-103 2.22729686903e-103 2.54209461426e-103 0.00222206210901
tear 1.71638353417e-103 1.95696211338e-103 0.00222729686903 2.54209461424e-103 2.22206210901e-103
tell 0.00176104826944 2.19045190849e-89 3.06931743276e-49 0.0126443211997 2.23087700028e-103
tells 6.17727780031e-103 0.00195696211338 2.2297728042e-103 3.91006155409e-35 2.2281463386e-103
testy 0.00171638353417 2.21257728481e-96 2.22831916561e-103 2.54280135593e-103 2.22206210901e-103
than 0.00171638353417 1.95696211338e-103 2.22729686903e-103 2.54209461424e-103 2.22206210901e-103
thanks 1.3248182161e-67 1.96246828591e-103 0.00222729686903 2.54209461424e-103 2.22206210901e-103
that 0.0482626408509 0.00611037659398 8.57785486085e-53 0.0272132158976 0.00456364319444
thats 0.00171638353417 3.41355806807e-101 2.22729686903e-103 2.54209461424e-103 2.22206210901e-103
the 0.00168796124093 0.0492335333093 5.91705001078e-16 2.59613224227e-20 0.110788497214
thee 1.36241381138e-36 7.75293497094e-14 0.0288767169443 0.00263128131283 1.05123839734e-76
their 1.71897778807e-103 4.98511950806e-101 2.22734082976e-103 4.57414143335e-51 0.0177764968721
theirs 0.00171638353417 1.97346825389e-103 2.22729686903e-103 3.50916855657e-80 2.22206210901e-103
them 0.0051491506025 1.97654501651e-103 2.22729686903e-103 2.76983964552e-68 2.22206210901e-103
themselves 1.71638353417e-103 0.00391392422676 1.37125562518e-50 1.6646644339e-60 5.11169391963e-100
then 0.00546944336335 0.0211613963378 2.26507718516e-103 3.2610502695e-93 8.87989329284e-89
thence 0.00171638353417 3.3049395821e-96 2.22729686903e-103 2.54209461424e-103 2.22206210901e-103
there 0.00332517763591 5.59689252939e-84 1.4794455618e-73 0.00524353736442 2.55625699227e-73
therefore 0.010298301205 7.14832514818e-73 2.22754405891e-103 3.260167829e-37 2.2241431341e-103
these 0.0051491506025 4.36833051639e-89 2.22852430181e-103 2.54209461424e-103 2.22206210901e-103
they 0.00171535334218 0.00587206092999 2.20205659441e-88 2.54209461424e-103 2.22206210901e-103
thine 0.00171644134197 5.30486298148e-25 0.0155886291455 2.70944354729e-06 5.45795559073e-50
thing 0.00171638353417 2.09712963983e-89 0.00222729686903 1.35252798095e-31 8.85805783488e-96
things 1.37649274851e-48 0.00782784845352 1.20536602501e-45 2.54215383979e-103 2.22206210905e-103
think 1.71988683911e-103 0.00391392422676 2.22729686903e-103 1.00475095598e-89 2.22206210901e-103
thinking 0.00171638353417 1.18494665366e-58 2.22729686903e-103 2.55914222707e-103 2.22206210901e-103
thinks 1.71661620171e-103 4.05443131859e-97 2.22732015529e-103 2.54209461424e-103 0.00222206210901
thinly 1.71638353417e-103 1.33336542691e-39 5.33956914613e-96 0.00254209461424 2.32349432191e-75
this 1.48974879847e-16 4.7486059742e-39 0.00416545463669 0.017799805696 0.0113942742125
thorns 0.00171638353417 1.98106243378e-103 2.22730047349e-103 1.35011493295e-96 2.22206210901e-103
those 1.71638353417e-103 1.97508798905e-103 2.22729686903e-103 2.54209461424e-103 0.00666618632704
thou 0.0324711275379 0.0126006610289 0.00233956425941 0.00297831744144 0.0142673414379
though 1.71638353417e-103 0.00195702824534 2.22729686903e-103 2.63411224572e-64 0.0044440491275
thought 1.71638353417e-103 1.95696211338e-103 0.00222729686903 2.54209461424e-103 2.22305311671e-103
thoughts 2.79638850267e-98 1.97156427662e-103 0.00668189060708 1.37273573441e-56 1.93373708597e-79
thralled 1.71638353417e-103 3.63687883287e-94 2.22729686903e-103 2.54209461424e-103 0.00222206210901
three 1.71748687332e-103 0.00587088634014 7.11271717596e-43 2.54209461424e-103 8.03601704462e-21
throned 1.71638353417e-103 4.36853531585e-95 2.22729686903e-103 2.54209461424e-103 0.00222206210901
through 1.71997506111e-103 0.00391392422676 6.09348649858e-58 2.32296675848e-47 2.50211912264e-89
thus 0.0051491506025 1.78254147455e-17 2.22729686903e-103 2.54362207525e-103 2.22206210901e-103
thy 0.00335641769355 0.0140074580638 1.55538615593e-21 8.05862551806e-55 0.0308571683622
tibey 0.00171638353349 7.74777941531e-13 2.22729686903e-103 2.54209461424e-103 2.22206210901e-103
till 0.00171638353417 1.96741956494e-103 2.22729686903e-103 2.54209461424e-103 2.22206210901e-103
time 0.000975781322187 3.35391121893e-34 0.0132075241226 0.006359419337 1.34063775121e-22
times 1.71638353417e-103 1.95743086087e-103 0.00222729686903 2.55286819449e-103 2.22323614279e-103
tired 2.38463634699e-52 1.95696211338e-103 2.22729686903e-103 0.00254209461424 4.50574941024e-57
tis 1.36096261932e-31 0.00195696211338 2.22729686903e-103 2.54209461424e-103 2.22206210901e-103
to 0.00508314168572 0.0620294650649 6.20596447438e-103 9.89236329591e-24 0.0429783334866
today 1.71638353417e-103 0.00391392422676 2.23286914197e-103 2.76788575739e-17 4.87963859592e-59
toil 1.71720385945e-103 1.97090397265e-103 2.24525989129e-103 0.00254209461424 2.26581092343e-103
tomb 1.71638353417e-103 1.95696211338e-103 0.00222729686903 1.68049329918e-73 2.22206210901e-103
tomorrow 0.00171638353417 1.63946497899e-99 2.22729686903e-103 2.54209461424e-103 0.00222206210901
tongue 0.00171592354143 6.85066706703e-30 0.00222789378712 2.54236992097e-103 2.22206210901e-103
tongues 1.71638353417e-103 1.95996058724e-103 0.00222729686903 2.55319813696e-103 2.22324056743e-103
too 1.71648519251e-103 2.91484078212e-101 2.23072070185e-103 2.54209461424e-103 0.00444412421803
took 1.71638353417e-103 1.95709438413e-103 2.22729686903e-103 2.54209461424e-103 0.00222206210901
top 1.71719212402e-103 1.97005182424e-103 0.00222729686903 5.66827846994e-75 2.22299005927e-103
travelled 6.19961165526e-14 0.00195696211331 2.22989085381e-103 2.54211243563e-103 2.22206238746e-103
treasure 1.71644253121e-103 1.95772216483e-103 0.00222729686903 2.54298285765e-103 2.22210079354e-103
trees 0.00171638353417 8.61621297635e-99 2.22729686903e-103 2.54242564015e-103 2.22206210901e-103
tresses 1.71638353417e-103 1.95696211338e-103 0.00222729686903 2.54209461424e-103 2.2220983681e-103
trifles 1.71638353417e-103 1.986787293e-47 2.22729686903e-103 2.54209461424e-103 0.00222206210901
true 0.0017867944749 4.24888429219e-80 2.22729686903e-103 0.00243781065342 2.22206210901e-103
truly 1.70216360176e-40 0.00195695924578 2.23139321291e-103 2.5422963007e-103 0.00222206536508
trust 1.71653711072e-103 1.58562265112e-19 0.00222729686903 2.54209461424e-103 2.22206210901e-103
truth 1.71638353417e-103 1.95696211338e-103 0.00445459373805 2.54501694939e-103 2.22255749551e-103
tune 1.71638353417e-103 1.95696211338e-103 2.22729686903e-103 2.54209461424e-103 0.00222206210901
tuned 1.71638353417e-103 1.95696211338e-103 2.22729686903e-103 2.54209461424e-103 0.00222206210901
turned 1.71638353417e-103 1.95696211338e-103 0.00222729686903 2.54209461424e-103 2.22206210901e-103
twilight 1.71638832836e-103 1.95743131666e-103 0.00222729686903 2.55287034465e-103 2.22323449188e-103
two 1.71638353417e-103 1.963048985e-103 2.22729686903e-103 2.54209461424e-103 0.00666618632704
tyrant 0.00171638353417 4.45834747935e-91 2.22796141409e-103 2.54212094321e-103 2.22235318691e-103
under 5.52354312307e-98 0.00195696211338 2.22729686903e-103 2.54209461424e-103 2.22206210901e-103
uneared 1.71638353417e-103 1.95696213887e-103 2.22729686903e-103 2.54209461424e-103 0.00222206210901
unkindness 1.71638353417e-103 1.95747771347e-103 2.22729686903e-103 2.54209461424e-103 0.00222206210901
unknown 1.71638353417e-103 1.9570833889e-103 2.22729686903e-103 2.54209461424e-103 0.00222206210901
unless 0.00171638353417 5.937587631e-77 2.22729686903e-103 2.54209461424e-103 2.22206210901e-103
unused 1.71638353417e-103 1.95696211338e-103 0.00222729686903 2.54209461424e-103 2.22305311671e-103
up 1.71638353417e-103 1.95696211338e-103 0.00668189060708 2.54209461424e-103 2.2230518761e-103
upon 1.71638353417e-103 1.95696211338e-103 2.22729686903e-103 2.54209461424e-103 0.00222206210901
us 1.75312824858e-99 1.95706777714e-103 2.22729686903e-103 0.00254209461424 2.22206210901e-103
use 0.00171638269929 1.97446899924e-103 0.00222729795241 1.25892033089e-18 2.23130558513e-103
used 0.00171638353417 8.842190079e-94 2.22826453812e-103 2.55039211423e-103 2.22206210901e-103
ushers 4.11219194911e-31 0.00195696211338 2.23111168535e-103 1.16339680807e-73 2.22219150415e-103
usurer 4.87043068811e-91 1.96104739658e-103 2.2324442393e-103 0.00254209461424 2.23451900974e-103
usury 1.71638353417e-103 1.95696211338e-103 0.00222729686903 2.54209461424e-103 2.22206210901e-103
vainly 0.00171638353417 1.81098316257e-95 2.22729686903e-103 2.54209461424e-103 2.22206210901e-103
vanished 1.74653002928e-103 1.95721189078e-103 2.22729686903e-103 5.26313349036e-08 0.00222201610361
vanishing 1.90339211667e-08 1.96948783884e-103 2.22729686925e-103 0.00254206642356 2.22206210901e-103
vaunt 1.14722955802e-25 0.00195696211338 2.22729686903e-103 2.54209461424e-103 2.22206210901e-103
verse 1.71709106076e-103 2.01269869743e-103 1.64311874799e-91 0.00254209461424 5.074399222e-79
vice 1.72188215287e-103 0.00195696211338 2.22729686903e-103 2.58430853024e-103 5.19095885546e-95
virtuous 1.71638353417e-103 4.91800176145e-97 1.74084917769e-93 0.00249167940123 0.00226613038795
visage 1.71638353417e-103 1.95696211338e-103 2.22729686903e-103 2.54209461424e-103 0.00222206210901
votary 1.71638353417e-103 0.00195696211338 2.22729686903e-103 2.54209461424e-103 8.29489550598e-78
vows 1.71677866637e-103 2.00534167467e-103 1.32965257611e-45 0.00254209461424 4.14103490916e-77
wandring 1.71691204441e-103 0.00195696211338 2.22729686903e-103 2.54209461424e-103 2.22206210901e-103
wanting 1.71638353417e-103 1.95696211338e-103 0.00222729686903 1.84363983006e-44 2.22206210901e-103
wanton 1.71639632828e-103 1.9577365725e-103 0.00222729686903 2.54209461424e-103 2.22206210901e-103
wantonly 1.71638353417e-103 1.95696211338e-103 0.00222729686903 8.37867621642e-84 2.22206210901e-103
war 1.71638353417e-103 0.00195696211338 2.22729686903e-103 2.54209461424e-103 2.22385934528e-103
warrantise 1.71681386221e-103 0.00195696163267 1.57788934626e-101 6.24440192426e-10 6.21628075162e-84
wars 0.00171638353417 1.97349257772e-103 2.22729686903e-103 1.47604328865e-69 2.22206210901e-103
was 0.00357421253416 0.00293623510139 0.0053837915165 3.92236764951e-95 2.22262621817e-103
wasteful 1.38373584048e-23 1.96822676813e-103 2.22729686903e-103 0.00254209461424 2.22206210901e-103
watery 1.71638353417e-103 1.95768120787e-103 2.22729686903e-103 2.54209461424e-103 0.00222206210901
we 1.94924557419e-103 0.00391392422676 2.22729686903e-103 2.54209461424e-103 2.22206210901e-103
weakness 1.71638353417e-103 1.95696211338e-103 0.00222729686903 2.54209461424e-103 2.22307468134e-103
wealth 1.14395748552e-30 1.96180271423e-103 2.22730769523e-103 0.00254209461424 2.22206210901e-103
weep 1.71638353417e-103 0.00195119370402 0.00223386212616 3.71624077012e-13 1.27309748113e-92
welfare 5.77962450101e-81 0.00195696211338 2.34791826516e-103 2.54209461424e-103 2.22206210901e-103
well 1.71641408591e-103 1.57938121781e-19 0.00887782356679 7.30444964231e-48 0.00225335230451
were 0.00172430155689 0.00194693707769 0.00222843179441 1.35279820391e-99 2.22206210901e-103
what 0.0051250473332 0.00393236627469 0.00223758529014 1.15292690003e-19 1.08930625238e-89
when 0.00870331064626 0.0174742508797 1.02688893005e-82 5.67675044651e-75 2.24377978264e-103
whence 4.85406818217e-66 0.00195696211338 2.22729686903e-103 2.54209461424e-103 2.22206210901e-103
where 0.00168803660461 1.97441189299e-103 2.22729907641e-103 1.06021673634e-30 0.0067028847903
wherein 1.71638353417e-103 1.95696211338e-103 0.00222729686903 2.54209461424e-103 2.22305311671e-103
whereon 4.01585723546e-65 1.95703085117e-103 2.44115400067e-82 0.00254209461424 2.2222492093e-103
whether 0.00171638353417 9.52795750272e-96 2.22757480219e-103 2.54303235503e-103 2.23720603735e-103
which 0.022312985944 1.57369270654e-13 2.22938629433e-103 3.67299475709e-14 2.25467397872e-103
whilst 0.00394049824751 2.40956432519e-99 2.22729686903e-103 0.00179010610446 8.58438835087e-46
white 1.71638353417e-103 1.95696211338e-103 1.15126448375e-65 0.00254209461424 2.22206210901e-103
who 0.0051491506025 2.10250693968e-103 2.22844927965e-103 8.14230081921e-77 2.75225375701e-103
whom 3.76289580747e-67 1.95824596807e-103 2.22731588721e-103 0.00254209461424 2.22206210901e-103
whos 0.00171638353417 1.7533016891e-73 2.22769746769e-103 4.96898097344e-90 2.2223713159e-103
whose 8.1742232299e-31 0.00539269276253 0.00277154810973 2.39928868861e-53 1.54063004844e-91
why 0.00173782437806 0.0140352057806 2.22767772728e-103 2.49477325746e-62 0.0040343154517
wide 1.91404268409e-103 1.97208723701e-103 0.00668189060708 2.54245406617e-103 2.23002505185e-103
widow 3.23043633558e-97 1.95728115836e-103 2.22740135246e-103 0.00255696193693 0.00220906648162
will 0.00295341438881 0.00604877598987 0.0053120587083 0.00966860168155 3.17132690638e-81
wilt 0.0051491506025 5.65475273393e-55 2.22753733559e-103 2.55394577049e-103 2.22206210901e-103
win 0.00171997670329 1.95948011209e-103 2.22733182304e-103 2.88329665321e-54 0.00221741032531
wind 1.71638353417e-103 1.95696211338e-103 0.00222729686903 4.25284286478e-47 2.22206210901e-103
winds 1.71638353417e-103 1.95696211338e-103 0.00222729686903 1.0391301969e-53 2.22206210901e-103
windy 1.73132658212e-103 0.00195696211338 1.951164928e-62 2.54209461424e-103 2.22206210901e-103
wing 1.71638353417e-103 1.95696211338e-103 0.00222729686903 2.54209461424e-103 2.22206210901e-103
wisdom 0.00171638353417 3.29881284867e-95 2.22729686903e-103 2.54217154647e-103 2.22206210901e-103
wish 1.71638353417e-103 6.42929863996e-70 2.22729686903e-103 2.54209461424e-103 0.00222206210901
wishing 0.00171638353417 1.9779874519e-91 2.22729686903e-103 2.54209461424e-103 2.22206210901e-103
wit 0.00174541812192 6.84098275597e-58 2.37380944113e-89 0.00504118679477 2.22206210901e-103
with 0.00474623852252 0.0292522318573 0.00286646091917 1.14595827094e-83 1.37130870659e-92
within 0.00171638353512 1.04448313475e-34 2.22729686903e-103 2.55138030973e-103 0.00222206210777
without 1.71638353417e-103 8.60197598971e-15 0.00222729686902 3.77375085492e-17 8.27378697315e-65
woe 1.71638353417e-103 1.95696211338e-103 0.00227796685485 0.00248426312358 2.22206210901e-103
woman 1.71638353417e-103 5.04320075063e-31 1.89000424658e-92 0.00254209461424 5.3720043771e-77
womans 1.71638353417e-103 1.95696211338e-103 2.22729686903e-103 2.54209461424e-103 0.00222206210901
womb 1.71638353417e-103 1.95696211338e-103 0.00222729686903 2.54209461424e-103 2.22206210901e-103
won 1.71638353417e-103 1.95696211338e-103 0.00222729686903 2.57018073626e-103 2.22206210901e-103
woos 1.71638353417e-103 2.77260310739e-78 2.22729686903e-103 2.54209461424e-103 0.00222206210901
word 4.32421999063e-89 0.00195696211338 2.22729686903e-103 7.62192418772e-75 2.22556085756e-103
words 1.71638353417e-103 1.95696211338e-103 0.00222729686903 2.54209461424e-103 2.22206210901e-103
works 1.03878240379e-11 0.00195696210154 3.84186290051e-49 2.5422500095e-103 2.22206210901e-103
world 5.35371155182e-27 1.95878809497e-103 0.00216128952724 0.00422755204179 0.00525876878763
worms 4.04994896164e-92 1.95706777714e-103 2.22729686903e-103 0.00254209461424 2.22206210901e-103
worst 1.71638607008e-103 1.96477774198e-103 0.00222729686903 2.28983977214e-24 5.66448173391e-91
worth 0.00171638282347 1.97441501527e-103 0.00222630442176 1.33599771927e-63 0.00222305314383
would 1.9132875967e-35 0.00782603716806 0.00222935836547 0.00254209461424 3.7457660568e-41
wound 0.00171638353417 1.97446523709e-103 2.2272991828e-103 1.53707428722e-20 2.28652590568e-103
wretch 1.7165452998e-103 1.96480524255e-103 0.00222729686903 5.0811441741e-18 6.08120989467e-89
wretched 1.71638353417e-103 5.48354777742e-77 2.22729686903e-103 2.54209461424e-103 0.00222206210901
wrinkles 0.00171638353417 4.31412355804e-103 2.25793296877e-103 2.54209461428e-103 2.22206210901e-103
write 1.14641782416e-66 4.15321105763e-21 1.11616935363e-12 0.0177946622984 2.99659812944e-83
writes 0.00171638353417 3.40921809281e-77 2.23089011597e-103 2.54248626314e-103 2.22206210901e-103
wrongfully 1.71638353417e-103 1.95696211338e-103 2.22729686903e-103 2.54209461424e-103 0.00222206210901
wrongs 1.71638353417e-103 1.95696211338e-103 0.00222729686903 2.54269615692e-103 2.22206210901e-103
ye 1.71638353417e-103 1.95696211338e-103 3.13372202254e-66 0.00254209461424 2.22206210901e-103
yellow 1.71638353417e-103 1.98467822042e-103 0.00222729686903 2.5427975037e-103 2.22305311671e-103
yet 0.00732764768597 0.00730096230595 2.2290404505e-103 1.16466014744e-48 3.03587946451e-103
yield 1.71672159549e-103 0.00191596244151 2.22949962429e-103 2.54209461424e-103 0.00226861580401
you 0.0118788047667 0.00404914966618 2.22731947653e-103 3.82881117661e-76 0.00224443109151
young 1.71638353417e-103 1.95696211338e-103 2.22729686903e-103 0.00254209461424 2.22206210901e-103
your 1.25248224046e-95 0.0195696211338 6.03024339588e-40 1.46528423126e-81 7.22379167191e-22
youth 1.71638353417e-103 1.95696211338e-103 0.00222729686903 8.50550692234e-48 2.22206210901e-103
youthful 1.71638353417e-103 1.95696211338e-103 0.00222729686903 2.54209461424e-103 2.22206210901e-103
