 0 1 2 3 4
abide 0.00328947368306 2.87046061026e-103 3.05028393341e-103 1.37972834069e-103 1.4684176441e-103
able 3.28947368306e-103 3.18729706926e-50 3.06284744247e-103 1.37972834069e-103 0.0014684176441
absence 3.28947368306e-103 0.00287046061026 3.05028393341e-103 1.37972834069e-103 2.11063276112e-46
abundance 3.28947368306e-103 0.00287046061026 3.05028393341e-103 1.37972834069e-103 4.25037296832e-35
abuse 0.00328947368306 0.00287046061026 3.05028393341e-103 1.37972834069e-103 2.26356927801e-47
accents 3.28947368306e-103 2.87046463051e-103 9.28436999051e-38 0.00137972829554 4.80529845135e-11
accident 0.00328947368306 2.87046061026e-103 3.05028393341e-103 1.37972834069e-103 1.4684176441e-103
accidents 0.00328947368306 2.87046061026e-103 3.05028393341e-103 1.37972834069e-103 1.4684176441e-103
accuse 3.28947368306e-103 0.00287046061026 3.05028393341e-103 1.37972834069e-103 4.33569331929e-48
acquainted 0.00328947368306 2.87046061026e-103 3.05028393341e-103 1.37972834069e-103 1.4684176441e-103
added 3.28947368306e-103 3.03791470367e-87 3.05932836994e-103 0.00137972834069 1.46841765377e-103
adjunct 3.28947368306e-103 0.00287046061026 3.05028393341e-103 1.37972834069e-103 2.41814986446e-43
admire 0.00328947368306 2.87046061026e-103 3.05028393341e-103 1.37972834069e-103 1.4684176441e-103
adonis 3.28947368306e-103 1.0328443071e-94 3.05028393352e-103 0.00137972834069 1.4684176441e-103
adore 3.28947368306e-103 2.87046061026e-103 3.057285817e-103 1.95587902985e-07 0.00146820948375
adulterate 3.28947368306e-103 0.00287046061026 3.05028393341e-103 1.37972834069e-103 6.00354700321e-45
affords 0.00328947368306 2.87046061026e-103 3.05028393341e-103 1.37972834069e-103 1.4684176441e-103
afresh 3.28947368306e-103 2.87046061026e-103 3.05028393341e-103 0.000638477393151 0.0007888987549
after 3.28947368312e-103 2.87192241954e-103 3.05074168422e-103 6.83649367745e-07 0.00146769004957
again 3.2894736831e-103 2.87046211476e-103 3.05225386888e-103 0.00267613577635 8.86767948923e-05
against 3.28947368306e-103 2.87046061026e-103 0.00305028393341 1.38455646911e-103 1.46841764643e-103
age 3.28947368306e-103 2.87729341069e-103 3.05182907812e-103 0.00137972834069 1.47972237709e-103
ages 3.28947368306e-103 8.99684783865e-29 3.05224883507e-103 1.37972834069e-103 0.0014684176441
ah 3.28947368306e-103 2.87046061026e-103 0.00305028393341 1.3843370524e-103 1.46841765276e-103
alive 0.00328947368306 2.87046061026e-103 3.05028393341e-103 1.37972834069e-103 1.4684176441e-103
all 3.28947368336e-103 3.37960501504e-15 0.00315746741512 0.00751362625842 0.00957280907036
almost 3.28947370775e-103 0.00287046007008 3.05028393341e-103 1.08342765521e-21 2.76333621402e-10
alone 0.00657894736612 2.87046061026e-103 3.05028393341e-103 1.37972834069e-103 1.4684176441e-103
alter 3.28947368306e-103 2.87114450047e-103 2.94636943507e-30 0.00137972834069 3.00775863553e-25
although 3.28947369524e-103 4.66168991545e-72 4.00528857149e-97 0.00275945668139 1.90762492276e-21
am 3.28947368306e-103 0.00574092122051 3.05028393341e-103 1.37972834069e-103 1.61044514798e-43
amiss 0.00328947368306 2.87046061026e-103 3.05028393341e-103 1.37972834069e-103 1.4684176441e-103
an 3.28947368419e-103 2.87046061026e-103 3.05028393384e-103 0.00250235954328 0.00321045869847
and 3.28947368363e-103 0.0387592412415 0.104047608901 1.22166301626e-21 0.0211252587478
anew 0.00328947368306 2.87046061026e-103 3.05028393341e-103 1.37972834069e-103 1.4684176441e-103
anon 0.00328947368306 2.87046061026e-103 0.00305028393341 1.38361531579e-103 1.4684176441e-103
another 3.28947368306e-103 0.00574092122051 0.00305028393341 1.38361079038e-103 3.60467281541e-61
answer 3.28947368306e-103 5.544828482e-78 3.0554251498e-103 0.00137972834069 1.4684176441e-103
antique 3.28947368334e-103 0.00259416227863 3.05028393341e-103 1.53538229664e-13 0.00160976128186
any 3.28947368306e-103 2.87204706548e-103 1.82409003221e-15 0.00137972834069 1.46841811282e-103
appear 0.00328947368306 2.87046061026e-103 3.05028393341e-103 1.37972834069e-103 1.4684176441e-103
approve 0.00657894736612 2.87046061026e-103 3.05028393341e-103 1.37972834069e-103 1.4684176441e-103
april 3.28947368306e-103 2.87046237852e-103 3.05028395834e-103 0.00137972834069 1.47065139768e-103
aprils 3.28947368306e-103 1.43301541289e-79 3.05028394815e-103 0.00137972834069 1.4684176441e-103
are 0.00657894737238 0.00578120573848 0.00300807407025 0.0137970127652 8.18489316106e-23
argument 0.00328947368306 2.87046061026e-103 3.05028393341e-103 1.37972834069e-103 1.4684176441e-103
art 3.28947368346e-103 9.75440324944e-45 1.0896921495e-61 0.00335574660129 0.00523905098239
as 3.28947368425e-103 9.08295881487e-09 0.0186570585263 7.36251824199e-31 0.021855190877
asked 3.28947368318e-103 4.32549434515e-96 2.29589652818e-42 0.00137972834069 5.05067878302e-25
assured 0.00328947368306 2.87046061026e-103 3.05028393341e-103 1.37972834069e-103 1.4684176441e-103
at 3.28947369171e-103 1.37801080459e-69 3.05028393776e-103 0.00413918502208 3.51546033325e-27
attainted 0.00328947368306 2.87046061026e-103 3.05028393341e-103 1.37972834069e-103 1.4684176441e-103
aught 3.28947368306e-103 2.87638451677e-103 1.43249625875e-98 1.3797283407e-103 0.0014684176441
autumn 3.28947368306e-103 0.00287046061026 3.05028393341e-103 1.37972834069e-103 7.91042493172e-46
away 0.00328947368306 2.87046061026e-103 3.05028393341e-103 1.37972834069e-103 1.4684176441e-103
backward 3.28947368306e-103 0.00287046061026 3.05028393341e-103 1.37972834069e-103 3.1878552521e-47
bad 3.28947368306e-103 2.87046061026e-103 3.06677816953e-103 1.37972834069e-103 0.0014684176441
bait 0.00328947368306 2.87046061026e-103 3.05028393341e-103 1.37972834069e-103 1.4684176441e-103
bark 0.00328947368306 0.00287046061026 3.05028393342e-103 4.37116590703e-48 1.4684176441e-103
barren 3.28947368306e-103 2.87046061026e-103 3.05028393342e-103 0.00137972834068 1.24104762045e-14
basest 3.28947368306e-103 2.87046061026e-103 3.05028393341e-103 0.00111771519874 0.00027885541616
bath 3.28947368306e-103 2.87046061026e-103 1.9808338205e-46 0.00137972834069 1.4684176441e-103
be 3.28947368325e-103 0.0147911362082 2.04369726138e-29 0.000277948254579 0.0141638713731
bear 3.28947370895e-103 6.98513779297e-31 3.05028393341e-103 0.00137972834069 1.4684176441e-103
bearing 3.28947368306e-103 2.87046061026e-103 0.00305028393341 1.38363612729e-103 1.46841764466e-103
bears 3.28947368306e-103 1.29133227188e-34 1.78689442345e-21 0.00137972834069 1.46970179159e-103
beast 3.28947368308e-103 1.06359989262e-96 3.05469424785e-103 0.00275945668139 1.09304138174e-23
beauteous 3.28947368306e-103 2.57264515244e-89 3.05131221636e-103 0.00413918502208 3.92333232263e-38
beauty 3.28947368314e-103 0.00963666653594 0.00353554798695 0.006334168647 0.00424790624429
beautys 3.28947368306e-103 0.00574092045128 3.05028393341e-103 1.37972834069e-103 3.93510159596e-10
beck 0.00328947368306 2.87046061026e-103 3.05028393341e-103 1.37972834069e-103 1.4684176441e-103
becoming 3.28947368466e-103 2.87046061034e-103 3.05028393341e-103 1.12814841896e-36 0.0014684176441
been 3.28947368481e-103 0.00259412745321 3.05028393341e-103 1.37979887756e-103 0.00160977909738
before 3.2894736831e-103 2.93488856397e-103 0.00306007148678 7.56698167617e-24 0.00146370588074
behold 0.00328947368306 2.87046061026e-103 3.05028393341e-103 1.37972834069e-103 1.4684176441e-103
being 3.28947368306e-103 0.0058199217797 9.83937523113e-36 0.00410121226257 3.86161458033e-20
belongs 0.00328947368306 2.87046061026e-103 3.05028393341e-103 1.37972834069e-103 1.4684176441e-103
best 0.00657894736612 0.0028709487501 1.88893229119e-58 0.00275922204992 7.26461116687e-26
betray 0.00328947368306 2.87046061026e-103 3.05028393341e-103 1.37972834069e-103 1.4684176441e-103
betraying 3.28947368306e-103 2.87815905044e-103 3.74981221301e-16 0.00137972834069 8.50846649847e-61
better 3.28947368306e-103 6.18101172082e-06 3.05355657312e-103 0.00137838199902 0.00146668856024
bettring 3.28947370453e-103 2.87046386799e-103 3.05028440055e-103 0.00137972834069 8.44643049629e-31
bide 3.28947368306e-103 1.96347945768e-08 3.05028393341e-103 1.37972834069e-103 0.00146840759969
birds 3.28947368498e-103 1.41842966755e-51 3.05029388076e-103 1.37988634338e-103 0.0014684176441
birth 3.28947368306e-103 2.87046061026e-103 3.05028394676e-103 0.00137972834069 1.4684176441e-103
bitterness 3.28947368306e-103 2.87046061026e-103 3.05028393341e-103 0.0012992467657 8.56549519625e-05
black 3.28947368606e-103 2.87046061694e-103 3.05028393341e-103 1.20699200826e-14 0.00146841764408
blame 3.28947368306e-103 2.87046061026e-103 0.00305028393341 1.38370888294e-103 1.46841764777e-103
blamed 3.28947368306e-103 0.00287046061026 1.67195124468e-94 4.39268678459e-78 1.47242906521e-103
blazon 3.28947368314e-103 2.87063517208e-103 3.06692872316e-103 0.00135884310461 2.22277445944e-05
blenches 3.28947368306e-103 2.8704719652e-103 3.05028541131e-103 0.00137972834069 1.4749413145e-103
blooms 3.28947368306e-103 2.87046061026e-103 5.4909959441e-21 0.00137972834069 6.58146114793e-54
blow 3.28947368325e-103 2.87046061026e-103 3.05028393341e-103 0.000103407772937 0.00135836279211
blunt 3.28947368306e-103 3.49604357206e-16 3.05517666777e-103 5.95395639464e-93 0.00293683528819
body 3.28947368422e-103 0.00287046061026 3.05028393341e-103 1.50944161113e-103 3.33212715951e-39
bold 0.00328947368306 2.87046061026e-103 3.05028393341e-103 1.37972834069e-103 1.4684176441e-103
bonds 3.28947368498e-103 3.00062320498e-103 3.05028393341e-103 1.37972834069e-103 0.0014684176441
book 0.00328947368306 2.87046061026e-103 3.05028393341e-103 1.37972834069e-103 1.4684176441e-103
born 3.28947368306e-103 2.87046061026e-103 3.05149559169e-103 3.36395839157e-05 0.00290103334291
borrowed 3.28947368306e-103 3.52455818717e-99 3.05153548764e-103 0.00137972834069 1.46926136242e-103
bosoms 3.28947368462e-103 2.87046061026e-103 3.05028393341e-103 3.21625996842e-39 0.0014684176441
both 3.28947368498e-103 2.87046061056e-103 3.05028393341e-103 1.37976395504e-103 0.0014684176441
bower 0.00328947368306 2.87046061026e-103 3.05028393341e-103 1.37972834069e-103 1.4684176441e-103
boy 3.28947368306e-103 2.87182050623e-103 3.05239609459e-103 0.00137972834069 4.96690266655e-59
brain 3.28947368322e-103 4.46186802882e-13 3.05028393341e-103 1.37972835726e-103 0.00146841764387
brand 0.00328947368306 2.87046061026e-103 3.05028393341e-103 1.37972834069e-103 1.4684176441e-103
breach 3.28947368489e-103 1.1493362336e-74 3.05028393951e-103 1.37974004158e-103 0.0014684176441
break 0.00328947368306 2.87046061026e-103 3.05028393341e-103 1.37972834069e-103 1.4684176441e-103
breast 3.28947368306e-103 1.01041660776e-13 3.05135851185e-103 1.37972834074e-103 0.00146841764404
breath 3.28947368334e-103 9.60015247538e-21 3.05032827044e-103 1.38033006921e-103 0.0014684176441
breed 3.28947368306e-103 1.99069075779e-15 3.05069047161e-103 1.37972834069e-103 0.0014684176441
brief 3.28947368306e-103 1.49807157468e-37 3.05442418281e-103 1.65040377908e-20 0.00293683528819
bright 0.00328947368778 0.00259412745384 3.05028393341e-103 1.55765253685e-103 0.00160977909495
buds 3.2894736832e-103 5.56721450881e-20 3.05620086842e-103 3.14908216516e-92 0.0014684176441
builded 3.28947368431e-103 1.75413309294e-26 3.05028432516e-103 0.00137972834069 3.92192732924e-103
burden 3.28947368491e-103 2.87046605803e-103 3.05028402643e-103 1.80070540442e-46 0.0014684176441
buried 0.00328947368306 2.87046061026e-103 3.05028393341e-103 1.37972834069e-103 1.4684176441e-103
burn 0.00328947368306 2.87046061026e-103 3.05028393341e-103 1.37972834069e-103 1.4684176441e-103
burned 0.00328947368306 2.87046061026e-103 3.05028393341e-103 1.37972834069e-103 1.4684176441e-103
but 3.28947368353e-103 0.00221414935441 0.0463535161002 2.03333337893e-15 0.0117946003192
by 3.28947368408e-103 0.00260467544124 5.00734328699e-60 0.00876544315119 0.00549125378778
call 3.28947368502e-103 1.18322027156e-72 3.05066744251e-103 2.85785225704e-45 0.0014684176441
can 3.28947368306e-103 0.00865366155005 1.43149975509e-32 0.00825804768658 4.11011896415e-25
cancelled 3.28947368306e-103 0.00287046061026 3.05028393341e-103 1.37972834069e-103 1.54798785233e-103
canker 3.28947368306e-103 4.1198677792e-81 3.05604815312e-103 0.00275945668139 1.4684176441e-103
cannot 3.28947368306e-103 7.11525194626e-37 0.00487078784368 0.000556263740616 1.46841774618e-103
canst 3.28947368306e-103 1.27656146031e-98 3.05759282633e-103 0.00137972834069 1.85905234001e-101
care 0.00328947368306 2.87046061026e-103 3.05028393341e-103 1.37972834069e-103 1.4684176441e-103
cars 3.28947368444e-103 2.87046061026e-103 3.05028393344e-103 1.10724837792e-37 0.0014684176441
case 3.28947368306e-103 6.72852822115e-15 3.05028393341e-103 1.37972834069e-103 0.00146841764409
cause 3.28947368306e-103 2.87161605014e-103 3.05058990272e-103 0.00137972834069 1.63813460001e-103
cease 0.00328947368306 2.87046061026e-103 3.05028393341e-103 1.37972834069e-103 1.4684176441e-103
chase 0.00328947368306 2.87046061026e-103 3.05028393341e-103 1.37972834069e-103 1.4684176441e-103
check 0.00328947368306 2.87046061026e-103 3.05028393341e-103 1.37972834069e-103 1.4684176441e-103
checked 3.28947368306e-103 2.87046061026e-103 3.05028393341e-103 0.00137972834069 1.47289180521e-103
cheek 0.00328947368306 2.87046061026e-103 4.64782395748e-50 0.00137972834069 8.84061159403e-26
chide 3.28947369603e-103 2.87046061026e-103 1.4261039117e-57 0.00275945668139 2.29345808496e-37
child 3.28947368475e-103 2.87046061026e-103 3.05028393341e-103 6.12698982112e-29 0.0014684176441
clear 3.28947368325e-103 2.87046061035e-103 3.05028393341e-103 1.87166441625e-12 0.0014684176421
clearer 3.28947368306e-103 0.00287046061026 3.05028393341e-103 1.37972834069e-103 5.80832944845e-47
climbed 3.28947368306e-103 1.22080538026e-13 4.77661346041e-103 0.00137972834063 3.10185765638e-103
cloud 3.28947368306e-103 8.83729987411e-92 6.26819286161e-97 1.3797283407e-103 0.0014684176441
clouds 3.28947368314e-103 4.80866304152e-35 3.06055422804e-103 2.11715695845e-50 0.0014684176441
cloying 3.28947368306e-103 0.00287046061026 3.05028393341e-103 1.37972834069e-103 1.22064048911e-43
come 0.00328947368306 3.31459068311e-08 2.99211548665e-83 1.35479642464e-66 0.00293681833202
comes 3.28947368306e-103 1.77426919835e-77 3.05028394775e-103 0.00137972834069 1.4684176441e-103
committed 0.00328947368306 2.87046061026e-103 3.05028393341e-103 1.37972834069e-103 1.4684176441e-103
common 3.28947368306e-103 0.00287046061026 3.05028393341e-103 1.37972834069e-103 9.27232480006e-52
compare 0.00328947368306 2.87046061026e-103 0.00305028393341 1.38361531579e-103 1.4684176441e-103
compeers 3.28947368356e-103 1.89031502492e-22 3.05066104251e-103 1.22454061326e-99 0.0014684176441
complain 0.00328947368306 2.87046061026e-103 3.05028393341e-103 1.37972834069e-103 1.4684176441e-103
compound 3.28947368306e-103 9.08230550928e-88 3.05092872969e-103 0.00137972834069 1.46895051659e-103
concealed 3.28947368306e-103 2.87046061026e-103 3.05028393341e-103 1.37265613099e-07 0.00146827155501
conceit 3.28947368498e-103 2.87046061223e-103 3.05028393341e-103 1.37972834069e-103 0.0014684176441
concord 3.28947368306e-103 2.87046061026e-103 3.07308758362e-103 1.2602315074e-08 0.0014684042317
confined 0.00328947368306 2.87046061026e-103 3.05028393341e-103 1.37972834069e-103 1.4684176441e-103
confound 0.00328947368306 2.87046061026e-103 3.05028393341e-103 1.37972834069e-103 1.4684176441e-103
confounds 0.00328947368306 2.87046061026e-103 3.05028393341e-103 1.37972834069e-103 1.4684176441e-103
constancy 3.28947368306e-103 0.00287046061026 3.05028393341e-103 1.37972834069e-103 4.26624524772e-32
contracted 3.28947368315e-103 2.87154325207e-103 1.11778279885e-40 0.0013797283342 6.91510964787e-12
controlling 0.00328947368306 2.87046061026e-103 3.05028393341e-103 1.37972834069e-103 1.4684176441e-103
converted 3.28947368306e-103 3.02286838653e-87 5.02889627112e-27 0.00137972834069 9.5650267489e-35
corrupt 3.28947368331e-103 3.68933815975e-87 2.36993117573e-43 0.00275945668139 5.84136613781e-20
corrupting 3.28947368315e-103 2.87046061026e-103 3.05028393341e-103 8.0393013009e-05 0.0013828569469
cost 3.28947368306e-103 2.52887541523e-08 3.05028393341e-103 1.37972834069e-103 0.00146840470734
could 3.28947368306e-103 3.25897792241e-96 0.00303136494052 0.00276801426856 6.20391590943e-20
counterfeit 0.00328947368306 2.87046061026e-103 3.05028393341e-103 1.37972834069e-103 1.4684176441e-103
counting 3.28947368306e-103 1.10698836537e-76 0.0030375707926 0.0013854788482 1.46852581869e-103
couplement 3.28947368306e-103 2.87046061026e-103 3.05028393341e-103 0.00137972834069 1.4684176441e-103
cover 3.28947368306e-103 0.00287046061026 3.05028393341e-103 1.37972834069e-103 1.17963544564e-49
creating 3.28947368306e-103 2.87046061026e-103 0.00305028393341 1.38361531579e-103 1.4684176441e-103
credit 3.28947368306e-103 2.87748341719e-103 3.05028393601e-103 0.00137972834069 1.4684176441e-103
crooked 3.28947368306e-103 2.87046061026e-103 0.00305028393341 1.38361531579e-103 1.4684176441e-103
crown 3.28947368379e-103 2.87046061026e-103 3.05028393341e-103 0.00137814896308 1.68090042445e-06
crowned 0.00328947368306 0.00287046061026 3.05028393341e-103 1.37972834069e-103 2.81567226739e-49
cruel 3.28947368838e-103 2.87046061026e-103 3.05028393341e-103 3.55491718001e-54 0.0014684176441
cunning 3.28947368306e-103 0.00287046061026 3.05028393488e-103 6.43869625082e-49 1.4684176441e-103
damasked 3.28947368328e-103 2.87046061102e-103 3.05028393347e-103 3.30025160504e-15 0.00146841764409
dare 3.28947369086e-103 6.53483685754e-32 3.05072384716e-103 0.00275945668139 1.4684176441e-103
dates 3.28947368306e-103 2.35661177381e-77 3.05205340362e-103 0.00137972834069 1.4684176441e-103
day 0.00328947368498 2.87046061026e-103 3.05028393341e-103 1.37972834244e-103 0.00146841764324
days 0.00328947368306 2.87046061026e-103 3.05028393341e-103 1.37972834069e-103 1.4684176441e-103
dead 0.00328947370649 2.87046061026e-103 3.05028393342e-103 0.00137972833086 3.00810146955e-55
dearest 3.28947368493e-103 2.87046061026e-103 3.05028393341e-103 1.51294785127e-80 0.0014684176441
deaths 3.28947368325e-103 1.85497380814e-32 3.05467905176e-103 3.81709615671e-62 0.0014684176441
decay 0.00328947368306 2.87046061026e-103 3.05028393341e-103 1.37972834069e-103 1.4684176441e-103
decease 0.00328947368306 2.87046061026e-103 3.05028393341e-103 1.37972834069e-103 1.4684176441e-103
deceased 0.00328947368306 2.87046061026e-103 3.05028393341e-103 1.37972834069e-103 1.4684176441e-103
deceivest 0.00328947368306 2.87046061026e-103 3.05028393341e-103 1.37972834069e-103 1.4684176441e-103
declines 0.00328947368306 2.87046061026e-103 3.05028393341e-103 1.37972834069e-103 1.4684176441e-103
decrease 0.00328947368306 2.87046061026e-103 3.05028393341e-103 1.37972834069e-103 1.4684176441e-103
deep 3.28947368306e-103 0.00574078886823 3.05028393341e-103 1.37972834069e-103 6.77063552357e-08
defendant 3.28947368325e-103 2.8706329954e-103 3.05061381295e-103 1.02126410335e-23 0.0014684176441
define 0.00328947368306 2.87046061026e-103 3.05028393341e-103 1.37972834069e-103 1.4684176441e-103
delight 0.00328947368306 2.87046061026e-103 3.05028393341e-103 1.37972834069e-103 1.4684176441e-103
delighted 0.00328947368306 2.87046061026e-103 3.05028393341e-103 1.37972834069e-103 1.4684176441e-103
delivers 3.2894736847e-103 3.14812282015e-38 3.05028393341e-103 1.37972834069e-103 0.0014684176441
denote 0.00328947368306 2.87046061026e-103 3.05028393341e-103 1.37972834069e-103 1.4684176441e-103
deny 0.00328947368306 2.87046061026e-103 3.05028393341e-103 1.37972834069e-103 1.4684176441e-103
describe 3.28947368306e-103 2.87046061026e-103 0.00305028393341 1.38361531579e-103 1.4684176441e-103
desire 0.00657894741666 4.68729357922e-38 3.05028393341e-103 0.00137972831949 1.46841764522e-103
desiring 3.28947368306e-103 2.87046061026e-103 0.00305028393341 6.45323443439e-102 1.46841778464e-103
desperate 3.28947368306e-103 2.903639375e-05 3.05028393358e-103 1.37972834069e-103 0.00145356373781
despised 3.28947368306e-103 0.00287046061026 3.05028393341e-103 1.37972834069e-103 6.35006712935e-53
devil 0.00328947368306 2.87046061026e-103 3.05028393341e-103 1.37972834069e-103 1.4684176441e-103
devise 3.28947368327e-103 2.87046450152e-103 3.05029105733e-103 0.00137972833987 8.72934281986e-13
dials 3.28947368306e-103 1.08257980313e-11 3.05134132051e-103 1.37972834069e-103 0.00146841763856
did 3.28947368306e-103 0.00861138183077 3.05119206096e-103 1.37972834069e-103 8.15915164152e-47
discontent 0.00328947368306 2.87046061026e-103 3.05028393341e-103 1.37972834069e-103 1.4684176441e-103
disgrace 3.28947368306e-103 0.00574092122051 5.50117873562e-54 3.41148262359e-25 1.46841767352e-103
disgraced 0.00328947368306 2.87046061026e-103 3.05028393341e-103 1.37972834069e-103 1.4684176441e-103
dispraise 3.28947368306e-103 2.87274174719e-103 3.05028496781e-103 0.00137972834069 1.46900856536e-103
divided 3.28947368306e-103 0.00287046061026 3.05028393341e-103 1.37972834069e-103 5.77185104924e-44
divine 0.00328947368306 2.87046061026e-103 3.05028393341e-103 1.37972834069e-103 1.4684176441e-103
do 3.28947368369e-103 0.00193501354133 3.36523947448e-71 0.0069515600985 0.0121695600208
doom 0.00328947368306 2.87046061026e-103 3.05028393341e-103 1.37972834069e-103 1.4684176441e-103
dost 3.28947368306e-103 0.00217076762108 3.06042204293e-103 1.3797283407e-103 0.00476318905135
dote 0.00328947368306 2.87046061026e-103 3.05028393341e-103 1.37972834069e-103 1.4684176441e-103
doth 3.28947368501e-103 0.0197117970153 8.67817506035e-87 3.63227204617e-28 0.0163477176521
drooping 3.28947368462e-103 2.87046061026e-103 3.05028393341e-103 1.07464043614e-40 0.0014684176441
drown 3.28947368316e-103 2.875945746e-103 1.35044156277e-35 0.00137972834069 1.18219465973e-15
due 0.00328947368306 2.87046061026e-103 3.05028393341e-103 1.37972834069e-103 1.4684176441e-103
dumb 3.28947368627e-103 3.98119625779e-20 7.23594068865e-36 0.00275945668139 9.45353938022e-83
duty 3.28947368306e-103 2.87046061026e-103 0.00305028393341 1.38429088552e-103 1.46841764869e-103
dwell 0.00328947368306 2.87046061026e-103 3.05028393341e-103 1.37972834069e-103 1.4684176441e-103
dwellers 3.28947368306e-103 2.87046061026e-103 3.67815392298e-30 0.00137972834069 1.81403059209e-40
dye 0.00328947368306 2.87046061026e-103 3.05028393341e-103 1.37972834069e-103 1.4684176441e-103
dyers 3.28947368306e-103 8.7723146626e-45 3.05028393341e-103 1.37972834069e-103 0.0014684176441
each 3.28947368306e-103 0.00288772474366 4.13178030332e-47 0.00413088676707 3.63900255833e-74
ear 3.2894736831e-103 5.8337288202e-85 1.24226949135e-26 0.00137972834069 9.73358640742e-43
earth 3.28947368339e-103 4.0020569402e-40 3.0573080369e-103 0.00413918502208 9.9675877602e-62
eclipse 3.28947368306e-103 0.00287046061026 3.05028393341e-103 1.37972834069e-103 5.5823581778e-42
eclipses 3.28947368306e-103 2.87046061026e-103 3.05028393341e-103 0.00137972834069 1.4684176441e-103
effect 0.00328947368306 2.87046061026e-103 3.05028393341e-103 1.37972834069e-103 1.4684176441e-103
eithers 3.28947368306e-103 0.00287046061026 3.05028393341e-103 1.37972834069e-103 6.42108168294e-34
elements 3.28947368306e-103 5.43972911812e-84 3.06677171533e-103 1.37972834069e-103 0.0014684176441
else 3.28947368306e-103 1.56607834981e-82 3.05028394037e-103 0.00137972834069 1.4684176441e-103
elsewhere 3.28947368306e-103 2.87046061026e-103 3.05202854575e-103 0.00137972834069 1.88793766912e-40
end 3.28947368306e-103 0.00287046061026 3.05028393341e-103 1.37972834069e-103 1.20238088849e-46
endured 0.00328947368306 2.87046061026e-103 3.05028393341e-103 1.37972834069e-103 1.4684176441e-103
enemies 3.28947368306e-103 2.87046061026e-103 3.54423080698e-103 0.00137947590396 2.68663433994e-07
enforced 3.28947368406e-103 2.17471301597e-35 3.05122252837e-103 9.47449857826e-26 0.0014684176441
enjoyed 3.28947368306e-103 2.87046061026e-103 0.00305028393341 1.38526418445e-103 1.46841765251e-103
enjoyer 3.28947368321e-103 4.84572588838e-18 3.05190484477e-103 4.22295550521e-101 0.0014684176441
enough 3.28947368306e-103 2.87288603132e-103 2.93955638299e-24 0.00137972834069 1.84226074267e-83
entitled 3.28947368306e-103 2.87046061026e-103 0.00305028393341 1.38363608949e-103 1.46841764525e-103
envy 3.28947368306e-103 2.87050464897e-103 3.38422519709e-37 2.00531773646e-40 0.0014684176441
err 3.28947368306e-103 0.00287046061026 3.05028393913e-103 7.29983028873e-49 1.4684176441e-103
errors 3.28947368306e-103 2.87192062403e-103 1.25577068046e-24 0.00275945668139 5.14192284389e-82
esteem 0.00328947368306 2.87046061026e-103 3.05028393341e-103 1.37972834069e-103 1.4684176441e-103
even 0.00328947368766 0.00572447658205 0.00610049389883 7.93780851245e-06 2.81025616447e-13
ever 3.28947368306e-103 8.13807528881e-15 3.05476995557e-103 1.37975369e-103 0.00293683528819
every 3.28947368392e-103 2.88216806566e-103 3.0504946617e-103 0.00965809838485 4.97286616881e-32
evil 0.00328947368306 2.87046061026e-103 3.05028393341e-103 1.37972834069e-103 1.4684176441e-103
excess 0.00328947368306 2.87046061026e-103 3.05028393341e-103 1.37972834069e-103 1.4684176441e-103
exchanged 0.00328947368306 2.87046061026e-103 3.05028393341e-103 1.37972834069e-103 1.4684176441e-103
excuse 3.28947368306e-103 9.44365258352e-73 3.05254801367e-103 0.00137972834069 0.0014684176441
expressed 0.00328947368306 2.87046061026e-103 3.05028393341e-103 1.37972834069e-103 1.4684176441e-103
eye 0.00328947368614 4.5284877737e-24 6.67007906429e-86 1.11470577819e-15 0.0088105058632
eyelids 3.28947368306e-103 2.56788247505e-16 3.05028393341e-103 1.37972834069e-103 0.0014684176441
eyes 0.0131578947322 0.00460660256449 8.06508452946e-67 0.00468441166323 3.18603004817e-48
face 0.00328947368306 2.87046061041e-103 4.02281512884e-86 8.62055863017e-23 0.0014684176441
faces 0.00328947368306 2.87046061026e-103 3.05028393341e-103 1.37972834069e-103 1.4684176441e-103
fading 3.28947368306e-103 0.00287046061026 3.05028393341e-103 1.37972834069e-103 2.65603723127e-46
fair 3.28947369891e-103 4.57173911326e-14 4.65770922282e-68 2.11890265936e-14 0.0102789235086
fairest 3.28947368306e-103 2.8704675985e-103 3.0502857845e-103 0.00137972834069 1.8989778045e-103
faith 3.28947368498e-103 4.6762669926e-86 3.05028393341e-103 1.37972834069e-103 0.0014684176441
false 3.28947368306e-103 1.71006623693e-23 3.05540136954e-103 2.0402501651e-47 0.0102789235087
falsehood 3.28947368306e-103 1.1597472889e-26 2.29493862092e-79 0.00137972834069 1.4684176441e-103
famine 3.28947368306e-103 2.87046061026e-103 3.05028393341e-103 0.00137972834069 1.4684176441e-103
far 3.28947368456e-103 2.20131148267e-65 3.06113660504e-103 0.00225450339863 0.00347424710179
faults 3.28947368308e-103 2.87257584921e-103 3.05405055672e-103 0.00275945668139 3.51084011715e-19
favour 0.00328947368306 2.87046061026e-103 3.05028393341e-103 1.37972834069e-103 1.4684176441e-103
favourites 3.28947368326e-103 2.8743510547e-103 8.68771871748e-57 0.00137941712437 3.31221390275e-07
fear 3.28947368306e-103 9.08723905811e-07 1.35012964905e-57 4.46952090838e-05 0.0028888021909
feast 0.00328947368306 2.87046061026e-103 3.05028393341e-103 1.37972834069e-103 1.4684176441e-103
feasts 3.28947368307e-103 2.87457579379e-103 5.34078956275e-32 0.00137972834069 9.38140756188e-28
feathers 3.28947368306e-103 2.87046061026e-103 3.22032038226e-83 0.00137972716749 1.24861452436e-09
female 3.28947368306e-103 0.00287046061026 3.05028393341e-103 1.37972834069e-103 2.25158590638e-48
fight 0.00328947368306 2.87046061026e-103 3.05028393341e-103 1.37972834069e-103 1.4684176441e-103
fill 0.00328947368306 2.87046061026e-103 3.05028393341e-103 1.37972834069e-103 1.4684176441e-103
find 0.00328947368306 1.23509733161e-82 3.05175938821e-103 0.00137972834069 1.46841776157e-103
finger 3.28947368308e-103 2.87046061026e-103 3.05028393341e-103 0.0013465799893 3.52791362036e-05
fire 0.00328947370917 0.00287045844251 3.05028393341e-103 0.0013797293717 9.01649597773e-31
firm 3.28947368306e-103 9.10654512779e-98 2.00371884519e-14 0.00137972834068 1.4684176441e-103
first 3.28947368306e-103 2.87046061026e-103 5.25562175864e-50 0.00137972834069 3.2044374851e-22
fitted 0.00328947368306 2.87046061026e-103 3.05028393341e-103 1.37972834069e-103 1.4684176441e-103
fixed 3.28947368306e-103 0.00287046061026 3.05028393341e-103 1.37972834069e-103 9.18444376273e-49
fleetst 0.00328947368306 2.87046061026e-103 3.05028393341e-103 1.37972834069e-103 1.4684176441e-103
flies 3.28947368424e-103 2.87046061026e-103 3.05028393344e-103 0.00129803074859 8.69491349717e-05
flow 0.00328947368306 2.87046061026e-103 3.05028393341e-103 1.37972834069e-103 1.4684176441e-103
flowers 0.00328947368496 2.87046061026e-103 3.05028393341e-103 7.14408501799e-38 0.00146841764325
follow 3.28947368306e-103 8.18781538703e-83 3.05161079378e-103 0.00137972834069 1.46845771671e-103
fond 3.28947368306e-103 0.00279377641964 2.0834891903e-48 3.68593635092e-05 1.46841764419e-103
foot 3.28947368306e-103 6.88704224625e-15 3.05341288773e-103 1.37972834069e-103 0.00146841764409
for 3.28947368332e-103 4.96651322606e-66 0.0653243809979 0.0089418989327 0.00308845105796
forbidden 3.28947368306e-103 0.00287046061026 3.05028393341e-103 1.37972834069e-103 8.34658494972e-32
forged 3.28947368306e-103 2.71316145866e-83 3.05028393341e-103 1.37972834069e-103 0.0014684176441
forget 3.28947368404e-103 0.00287046061026 3.05028393341e-103 5.6708287533e-63 3.31492035313e-28
forgetful 3.28947368306e-103 4.92460714649e-79 3.05028394815e-103 0.00137972834069 1.4684176441e-103
forgoing 3.28947368306e-103 3.30999743814e-39 3.06022780326e-103 1.37972834069e-103 0.0014684176441
forgot 0.00328947368306 2.87046061026e-103 3.05028393341e-103 1.37972834069e-103 1.4684176441e-103
forlorn 3.28947368306e-103 3.20809599827e-84 4.36336793253e-22 0.00137972834069 1.46841767642e-103
form 3.28947368344e-103 6.52188232223e-59 3.05586071593e-103 4.844377177e-36 0.00293683528819
forsaken 0.00328947368306 2.87046061026e-103 3.05028393341e-103 1.37972834069e-103 1.4684176441e-103
fortune 3.28947368321e-103 2.87232242636e-103 1.02593715098e-40 0.00137972834069 3.70159151424e-15
found 3.28947368306e-103 0.00287046061026 3.05028393341e-103 1.37972840992e-103 1.4684176446e-103
four 3.28947368493e-103 2.87046061026e-103 3.05028393341e-103 9.99988240716e-82 0.0014684176441
frailer 3.28947368306e-103 2.63227146294e-96 3.05028393341e-103 1.37972834069e-103 0.0014684176441
frailties 3.28947368306e-103 0.00287046061026 2.06286796296e-63 1.88089796879e-30 1.4684176441e-103
free 0.00328947368306 2.87046061026e-103 3.05028393341e-103 1.37972834069e-103 1.4684176441e-103
frequent 3.2894736831e-103 2.87046061026e-103 3.05028393341e-103 8.32806565315e-08 0.00146832901014
friend 0.00328947368306 2.87046061026e-103 3.05028393341e-103 1.37972834069e-103 1.4684176441e-103
from 3.28947368651e-103 0.00665189468255 1.61811409436e-56 0.00752606874349 0.00327147560373
front 3.28947368306e-103 2.87073855948e-103 3.09027337902e-103 1.68911997126e-47 0.0014684176441
frost 3.28947368311e-103 2.58621386552e-10 3.05028393343e-103 2.17448478392e-36 0.0014684175118
fulfil 3.28947368306e-103 2.87051113972e-103 1.12181423365e-17 0.00137972834069 2.9907977544e-37
full 3.28947368321e-103 2.87100480659e-103 4.04756156992e-41 0.00413918502189 1.96093433475e-13
gain 0.00328947368306 2.87046061026e-103 3.05028393341e-103 1.37972834069e-103 1.4684176441e-103
gainst 3.28947368306e-103 2.87046061026e-103 3.05028393343e-103 6.38709026672e-15 0.00146841764409
gave 3.28947368306e-103 2.87046061026e-103 3.05096768746e-103 3.95837056449e-07 0.00146799636253
general 3.28947368317e-103 2.87049534517e-103 3.0529716436e-103 0.00135969914322 2.13166795925e-05
gentle 3.28947368306e-103 0.00287046061026 0.00305028393341 1.38372614238e-103 7.63043767417e-48
gift 3.28947368306e-103 0.00287046061026 3.05028393341e-103 1.3797283407e-103 1.5604749938e-18
gilded 3.28947368306e-103 2.87046061026e-103 3.05028393341e-103 0.00137972834069 1.46841765612e-103
girded 3.28947368414e-103 2.87046061026e-103 3.05028393341e-103 2.14523010735e-28 0.0014684176441
give 0.00328947368306 2.87046061026e-103 0.00610056786682 1.02233801094e-80 1.4684177953e-103
giving 3.28947368306e-103 2.87263844857e-103 1.91740472765e-101 1.37972834069e-103 0.0014684176441
glad 3.28947368306e-103 4.83508033266e-95 3.05035238112e-103 0.00137972834069 1.4745697894e-103
glass 3.28947368306e-103 0.00287046061026 8.62021015147e-84 7.6985518655e-55 1.46841764422e-103
glory 3.28947368306e-103 0.00287046061026 3.05028393341e-103 1.37972834069e-103 2.76861540911e-47
go 3.28947368306e-103 0.00287046061026 3.05028393341e-103 1.37972834069e-103 7.78515477534e-41
goes 3.28947368306e-103 2.87046194745e-103 6.60237119565e-70 8.72335206294e-06 0.00145913355265
golden 3.28947368325e-103 2.87046061026e-103 3.05028393341e-103 3.46150033724e-05 0.00143157757913
gone 0.00657894736612 2.87046061026e-103 3.05028393341e-103 1.37972834069e-103 1.4684176441e-103
good 3.28947368388e-103 2.87046069248e-103 3.05356849372e-103 1.33311989742e-36 0.00734208822048
graces 0.00328947368306 2.87046061026e-103 3.05028393341e-103 1.37972834069e-103 1.4684176441e-103
gracious 0.00328947369744 1.48951028791e-06 3.05028393341e-103 0.00137901238003 3.1005454807e-39
grant 3.28947368306e-103 2.87046061026e-103 0.00305028393341 1.38533722827e-103 1.46841766232e-103
granting 0.00328947368306 2.87046061026e-103 3.05028393341e-103 1.37972834069e-103 1.4684176441e-103
grave 0.00328947368306 2.87046061026e-103 3.05028393341e-103 1.37972834069e-103 1.4684176441e-103
great 3.28947368427e-103 2.8824688294e-103 0.00376932790218 9.30891695666e-11 0.00259068483929
green 3.28947368311e-103 2.87321128032e-103 5.27538954361e-40 0.00137972834057 1.32690557646e-13
grew 3.28947368306e-103 2.21460411301e-83 3.05028394815e-103 0.00137972834069 1.4684176441e-103
guest 0.00328947368306 2.87046061026e-103 3.05028393341e-103 1.37972834069e-103 1.4684176441e-103
half 3.28947368309e-103 3.36032154975e-75 3.24630226322e-103 1.68280941799e-71 0.0014684176441
hand 0.00328947368306 2.8720366217e-103 2.45872899913e-18 0.00137972834069 1.46844166054e-103
hang 3.28947368306e-103 2.87124325894e-103 0.00303868873632 0.00138497317114 1.46841766567e-103
hanging 3.28947368306e-103 0.00287046061026 3.05028393341e-103 1.37972834069e-103 3.86005587576e-49
haply 3.28947368306e-103 0.00287046061026 3.05028393341e-103 1.37972834069e-103 2.58805080673e-24
happy 3.28947368306e-103 0.00287046061026 3.05028393341e-103 1.37972834069e-103 8.21195653557e-47
harvest 3.28947368306e-103 0.00287037494441 3.05028393341e-103 1.37972834069e-103 4.38233627727e-08
hast 3.28947368306e-103 9.26450487736e-69 1.0376084986e-41 0.00275945668139 1.46841764411e-103
hate 0.00328947368306 2.87046061026e-103 3.05028393341e-103 1.37972834069e-103 1.4684176441e-103
hated 3.28947368306e-103 2.87046061026e-103 3.05028393505e-103 1.1054851823e-05 0.00145665218347
hateth 3.28947368306e-103 2.87060919709e-103 3.05029710066e-103 0.00137972834069 1.47284371975e-103
hath 3.28947368641e-103 0.00318887282245 0.00628501249803 0.00942151547527 1.10728297701e-07
hatred 3.28947368306e-103 1.9499750673e-22 1.70191980448e-42 2.88847517774e-25 0.0014684176441
have 0.00328947368323 0.00297194872983 0.00992569033619 0.0115717104997 0.00194370583589
having 3.28947368419e-103 0.00291074831772 3.05028394815e-103 0.00136036261485 9.12625837429e-10
he 3.28947368313e-103 3.77689059528e-19 0.00330725993518 0.00347949167566 0.00498364237138
head 0.00328947368306 2.87046061026e-103 3.05028393341e-103 1.37972834069e-103 1.4684176441e-103
heart 0.00657894736612 0.011168877252 5.80617206343e-83 0.00153015254243 7.4877103886e-09
hearts 3.28947368306e-103 0.00574092122051 3.05028393341e-103 1.37972834069e-103 2.08618036323e-46
heaven 0.00328947368306 0.00287046061026 3.05028393341e-103 1.37972834069e-103 1.66200474894e-48
heavenly 3.28947368306e-103 0.00287046061026 3.05028393341e-103 1.37972834069e-103 2.70113111448e-48
heavens 3.28947368306e-103 0.00287046061026 3.05028393341e-103 1.37972834069e-103 2.66651253e-48
height 3.28947368306e-103 2.87046061026e-103 3.05028393341e-103 1.37972834069e-103 0.0014684176441
helens 3.28947368306e-103 6.47513006041e-73 3.07759693598e-103 0.00137972834069 1.4684176441e-103
hell 3.28947368463e-103 2.93164246025e-103 3.05038497403e-103 2.3162382579e-21 0.0014684176441
hence 3.28947368366e-103 2.87046062403e-103 3.0502839337e-103 5.21494447572e-28 0.0014684176441
her 3.28947368306e-103 0.002198556034 3.05823050926e-103 0.00161344897599 0.00743706459274
herein 3.28947368306e-103 2.87046061026e-103 0.00305028393341 1.38361531579e-103 1.4684176441e-103
hide 0.00328947368306 2.87046061026e-103 3.05028393341e-103 1.37972834069e-103 1.4684176441e-103
high 3.28947368317e-103 7.26803942488e-50 3.05968645517e-103 8.41212102723e-38 0.0014684176441
hill 0.00328947368306 2.87046061026e-103 3.05028393341e-103 1.37972834069e-103 1.4684176441e-103
him 3.28947368308e-103 2.88139070694e-103 3.07223767092e-103 0.0027594566794 2.11356147312e-12
his 0.0032894736832 5.88213528733e-11 3.05442393211e-103 0.00151158890846 0.017480675099
history 0.00328947368306 2.87046061026e-103 3.05028393341e-103 1.37972834069e-103 1.4684176441e-103
hoisted 3.2894736831e-103 2.87046061026e-103 3.05028393343e-103 1.17153416049e-102 0.0014684176441
hold 3.28947368367e-103 0.00288495938392 3.05408957904e-103 5.62555974214e-46 0.00292941827122
holds 3.28947368483e-103 9.34582157908e-61 3.05028393341e-103 1.37972834069e-103 0.0014684176441
holy 3.28947372139e-103 0.00861117409143 2.00762141901e-95 9.98529105256e-08 4.70717698729e-57
home 3.28947368463e-103 2.95788308749e-103 3.05913129431e-103 8.26345659411e-42 0.0014684176441
honey 3.2894736832e-103 2.87046061026e-103 3.05028393341e-103 4.37737369263e-06 0.00146375889166
honour 3.28947368306e-103 2.87046061026e-103 3.06677816953e-103 1.37972834069e-103 0.0014684176441
hooks 0.00328947368306 2.87046061026e-103 3.05028393341e-103 1.37972834069e-103 1.4684176441e-103
hope 0.00328947368307 2.87046061026e-103 3.05028393341e-103 1.41721014327e-07 0.00146826681321
hot 3.28947368306e-103 0.00261279023281 7.03798165462e-18 0.00136743225471 0.0016133184162
hour 0.00328947368306 2.87046061026e-103 3.05028393341e-103 1.37972834069e-103 1.4684176441e-103
hours 0.00328947368306 0.00287046061026 3.05028393341e-103 1.3797283407e-103 1.46841771262e-103
how 3.28947368306e-103 1.05201807715e-102 0.0121909222927 0.00138434816436 1.46927499482e-103
hue 0.00328947368329 2.87046061026e-103 3.05028393342e-103 0.00011557586056 0.00134541253649
hues 3.28947368306e-103 0.00287046061026 5.45843363241e-61 2.77424138088e-49 1.46841766018e-103
humour 3.28947368306e-103 2.87046061026e-103 4.46262313536e-16 0.00137972834069 1.46844168155e-103
hungry 3.28947368306e-103 1.35861905834e-101 3.06676831299e-103 1.37972834069e-103 0.0014684176441
hymn 3.28947368306e-103 2.87046061026e-103 3.53242891818e-20 0.00137972834069 2.96846777141e-39
idle 3.28947368306e-103 0.00287046053161 3.05028393341e-103 1.37972834069e-103 4.0234681088e-11
if 3.28947368794e-103 0.000105603513741 0.0217231515377 0.0163375080734 6.21911388103e-07
ill 0.00657894736612 2.87767866897e-103 3.05028393606e-103 0.00137972834069 1.46841770131e-103
image 3.28947368306e-103 0.00287046061026 3.05028393491e-103 6.24442904415e-54 1.46867334417e-103
imitate 3.289473709e-103 2.87046063554e-103 3.05028393341e-103 0.00137972834069 1.4684176441e-103
immortal 3.28947368306e-103 7.53595021651e-11 3.05028393341e-103 1.37972834069e-103 0.00146841760555
impregnable 3.28947368306e-103 0.000606101160257 3.05028393341e-103 0.00108839706614 1.4684176441e-103
in 3.2894736854e-103 0.0463673799993 0.0160239539584 0.0325525441362 5.1993548632e-13
incertainties 3.28947368306e-103 2.87046061026e-103 0.00305028393341 1.38831151875e-103 1.46841769668e-103
increase 0.00657894736612 2.87046061026e-103 3.05028393341e-103 1.37972834069e-103 1.4684176441e-103
indigest 0.00328947368306 2.87046061026e-103 3.05028393341e-103 1.37972834069e-103 1.4684176441e-103
indirectly 3.28947368306e-103 0.00287046061026 3.05028393341e-103 1.37972834069e-103 5.31967747763e-32
inferior 3.2894737056e-103 1.43124030723e-11 3.05028393341e-103 0.00137972833381 1.46841766124e-103
inherit 3.28947368306e-103 2.90298276396e-22 3.05622290258e-103 1.37972834069e-103 0.0014684176441
inheritors 3.28947368306e-103 2.87046061026e-103 3.05953021661e-103 4.19478217064e-06 0.00146395322022
instinct 3.28947368306e-103 0.00287046061026 3.05028393341e-103 1.38007700686e-103 7.8025444892e-97
intents 0.00328947368306 2.87046061026e-103 3.05028393341e-103 1.37972834069e-103 1.4684176441e-103
interest 3.28947368306e-103 2.87234417376e-103 3.05028393411e-103 0.00137972834069 1.46841770765e-103
invent 0.00328947368306 2.87046061026e-103 3.05028393341e-103 1.37972834069e-103 1.4684176441e-103
invention 3.28947368306e-103 0.00287046061026 3.05028393341e-103 1.37972834069e-103 2.98309622971e-50
invited 0.00328947368306 2.87046061026e-103 3.05028393341e-103 1.37972834069e-103 1.4684176441e-103
is 0.00328947368375 0.00167754289808 0.00315450159071 0.011378856183 0.0134128881061
it 3.28947368306e-103 0.00575629595507 0.00338572339737 0.0163976213922 2.29848370104e-33
jacks 3.28947370879e-103 3.13409266064e-69 3.05028393341e-103 0.00137972834069 1.4684176441e-103
jewels 3.28947368306e-103 5.30769221525e-12 3.05028393341e-103 1.37972834069e-103 0.00146841764138
jump 3.28947368306e-103 2.87046061026e-103 3.05028393341e-103 3.84003026991e-08 0.00146837677541
junes 3.28947368306e-103 0.00287046061026 3.05028393341e-103 1.37972834069e-103 1.69785013452e-37
just 3.28947368306e-103 2.87046061026e-103 0.00305028393341 1.39870022564e-103 1.4684177725e-103
keep 0.00328947368306 2.87805276054e-103 3.05028393622e-103 0.00137972834069 1.46841765383e-103
kill 0.00328947368306 2.87046061026e-103 3.05028393341e-103 1.37972834069e-103 1.4684176441e-103
kind 0.00328947370221 2.87046061127e-103 0.00301843188741 0.00277386424049 6.60902471475e-30
know 0.00657894736612 2.87046061026e-103 3.05028393341e-103 1.37972834069e-103 1.4684176441e-103
knowing 3.289473709e-103 2.19294593235e-20 3.05028393341e-103 0.00137972834069 1.4684176441e-103
knowledge 3.28947370895e-103 2.87046072465e-103 3.05028393341e-103 0.00137972834069 1.46841764416e-103
land 0.00328947368306 2.87046061026e-103 3.05028393341e-103 1.37972834069e-103 1.4684176441e-103
large 3.28947368327e-103 2.16075537309e-43 3.053797365e-103 4.21114802548e-28 0.00293683528819
lay 0.00328947368306 2.87046061026e-103 3.05028393341e-103 1.37972834069e-103 1.4684176441e-103
lays 3.28947368315e-103 0.00262115885596 3.07783173133e-103 4.55363693711e-09 0.0015959460213
leads 3.28947368306e-103 6.72759000849e-64 3.06681587015e-103 1.37972834069e-103 0.0014684176441
lean 3.28947368306e-103 2.87046061026e-103 0.00305028393341 1.38361531579e-103 1.4684176441e-103
leap 0.00328947368306 2.87046061026e-103 3.05028393341e-103 1.37972834069e-103 1.4684176441e-103
learned 3.28947368306e-103 2.87352894755e-103 3.0502977548e-103 0.00137972834069 1.46965611226e-103
learneds 3.28947368306e-103 0.00287046061026 3.05028393341e-103 1.37972834069e-103 4.36416083562e-34
lease 0.00657894736612 2.87046061026e-103 3.05028393341e-103 1.37972834069e-103 1.4684176441e-103
least 3.28947368306e-103 4.15998747014e-97 1.60738310356e-35 0.00137972834069 3.69273906296e-32
leaves 0.00328947368306 0.00262412094625 3.06495654414e-103 1.37972834069e-103 0.00159443557578
left 3.28947368306e-103 2.33707600953e-80 3.06190429785e-103 0.00137972834069 1.46842445031e-103
leisure 3.28947368306e-103 0.00287046061026 3.05028393341e-103 1.37972834069e-103 1.3793516806e-21
less 3.28947368498e-103 2.87046061026e-103 3.05028393341e-103 1.37972834069e-103 0.0014684176441
let 3.28947368468e-103 2.87046061031e-103 0.00305028393341 1.60765967007e-35 0.0014684176441
lie 0.00657894736612 2.87046061026e-103 3.05028393341e-103 1.37972834069e-103 1.4684176441e-103
lies 0.00986842104918 0.00287046061026 3.05028393341e-103 1.37972834069e-103 8.40284848812e-48
life 3.2894736835e-103 0.00585659503595 3.05434877019e-103 0.00132408539576 4.53971450737e-08
light 0.00657894736612 2.87046061026e-103 3.05028393341e-103 1.37972834069e-103 1.4684176441e-103
like 3.28947368307e-103 2.87152383349e-103 0.0036142094045 0.00526383417271 2.38886406629e-13
line 3.28947368306e-103 1.04193634602e-18 3.05028393341e-103 1.37972834069e-103 0.0014684176441
lips 3.28947368994e-103 2.87046330433e-103 9.06944048146e-70 0.00275945668139 3.60475928813e-48
live 0.00328947369293 2.87079536954e-103 1.45824075988e-50 0.00413918501792 1.62222155518e-14
lives 3.28947368306e-103 2.87046061026e-103 3.05028393341e-103 0.00137972834069 1.4684176441e-103
living 3.28947368306e-103 0.00287046061026 3.05028393341e-103 1.37972834069e-103 1.03671217975e-35
lofty 3.28947368306e-103 5.19651945281e-79 3.05253475057e-103 0.00137972834069 1.4684176441e-103
long 3.28947368381e-103 7.04452668414e-26 3.05028393341e-103 1.22002381963e-24 0.00293683528819
look 0.00328947368306 2.87046061026e-103 3.05028393341e-103 1.37972834069e-103 1.4684176441e-103
looked 3.28947368328e-103 5.06705064811e-51 3.09410452495e-103 3.78865553141e-61 0.0014684176441
looks 0.00328947368306 2.87046061026e-103 2.79034649435e-31 0.00275945668138 2.36100426937e-15
lords 3.28947368306e-103 6.71331205513e-97 3.06632973831e-103 0.00137972821155 1.37441575819e-10
lourst 3.28947368306e-103 2.87343803514e-103 1.38530520529e-19 0.00137972834069 3.79644262253e-22
love 0.0131578947366 0.00826330306894 1.63454484625e-69 0.00607349058537 0.0069299263803
lovely 3.28947368306e-103 0.00287046061026 3.05028393341e-103 1.37972834069e-103 1.16612467524e-46
loves 3.28947368405e-103 4.30840369146e-23 3.05509568039e-103 5.80645854805e-48 0.00734208822048
loving 3.28947368306e-103 2.87046061026e-103 0.00305028393341 1.38361531579e-103 1.4684176441e-103
lovst 3.28947368306e-103 2.87385061701e-103 1.82801115103e-21 0.00137972834069 1.4684176441e-103
lusty 3.28947371104e-103 8.31705896737e-22 3.05028393341e-103 0.00133998993066 4.22928055635e-05
made 3.28947368337e-103 2.87101070292e-103 3.08145389332e-103 0.00137972834069 9.48416526056e-16
main 0.00328947368308 2.87046061026e-103 3.05028393343e-103 0.00103021431767 0.000371980877047
make 3.28947368306e-103 0.0028876677841 0.0074198594286 0.00491389018472 3.36366079311e-56
making 3.28947368306e-103 2.87046061026e-103 0.00610056786682 1.38361531579e-103 1.4684176441e-103
man 3.28947368306e-103 2.87047137389e-103 0.00305040199522 1.21225211545e-05 0.00145545904869
mans 3.28947368322e-103 1.94976001822e-13 1.97259465303e-49 6.5652187835e-11 0.00293683521822
many 3.28947368306e-103 0.00287046061026 3.05168735748e-103 1.38668678552e-103 7.23795308271e-73
manys 3.28947368306e-103 5.05826659274e-80 3.06600865288e-103 0.00137972834069 1.4684176441e-103
mark 0.00328947368306 2.87046061026e-103 3.05028393341e-103 1.37972834069e-103 1.4684176441e-103
mars 3.28947368306e-103 2.87358717844e-103 3.05035311608e-103 0.00137972834069 1.46944055581e-103
matter 3.28947368306e-103 5.66332439928e-101 3.05343136741e-103 0.00137972834069 1.4684176441e-103
may 0.00328947368306 0.00574092122051 3.05028393341e-103 1.37972834069e-103 7.75476625982e-49
mayst 3.28947368306e-103 2.87046061026e-103 3.05028393341e-103 1.37972834069e-103 0.0014684176441
me 0.0164473684274 0.00607528321835 0.00306162617874 0.0219098066504 4.89554557233e-10
measure 0.00328947368306 2.87046061026e-103 3.05028393341e-103 1.37972834069e-103 1.4684176441e-103
meetness 0.00328947368306 2.87046061026e-103 3.05028393341e-103 1.37972834069e-103 1.4684176441e-103
men 3.28947368319e-103 9.99875781742e-73 1.59904943728e-42 0.00360186349783 0.00204027833832
mercy 3.28947368306e-103 0.00287046061026 3.05028393341e-103 1.37972834069e-103 1.4684176441e-103
methinks 3.28947368306e-103 2.87046061026e-103 0.00305028393341 1.38600375757e-103 1.46841766031e-103
might 0.00328947368306 2.87046091275e-103 3.05028397806e-103 0.00137972834069 1.47581911689e-103
millioned 3.28947368306e-103 0.00287046061026 3.05028393341e-103 1.37972834069e-103 4.46317286674e-38
mind 3.28947368382e-103 2.87046061026e-103 3.05028393341e-103 0.00137941917917 3.29034510632e-07
minded 3.28947368306e-103 0.00287045851105 3.05028393341e-103 1.37972834069e-103 1.0738722392e-09
minds 0.00328947368306 2.87046061026e-103 3.05028393341e-103 1.37972834069e-103 1.4684176441e-103
mine 0.00986842105117 1.43590672645e-13 1.51268706567e-72 0.00327537519856 0.00826142396743
minutes 3.28947368306e-103 0.00287046061026 3.05028393341e-103 1.37972834069e-103 3.52468703225e-45
misplaced 0.00328947368306 2.87046061026e-103 3.05028393341e-103 1.37972834069e-103 1.4684176441e-103
misuse 3.28947368306e-103 0.00287046061026 3.05028393341e-103 1.37972834069e-103 2.87678007089e-40
modern 3.28947368306e-103 2.87046061026e-103 3.05028393341e-103 8.54003051807e-06 0.00145932865815
monsters 3.28947368427e-103 1.32771987153e-25 3.05042988526e-103 4.7924431963e-92 0.0014684176441
moon 3.28947368306e-103 2.87046061026e-103 5.79492131372e-18 0.00137972834069 3.83283995326e-79
more 3.2894736856e-103 0.00186624066459 3.05407392551e-103 4.33215608078e-36 0.00638739101606
morning 3.28947369246e-103 2.87046061026e-103 3.05028393341e-103 0.00137972463291 3.94612082954e-09
morrow 0.00328947368306 2.87046061026e-103 3.05028393341e-103 1.37972834069e-103 1.4684176441e-103
mortal 3.28947368306e-103 5.05110922174e-79 3.05729381494e-103 0.00275945668139 1.4684176441e-103
most 3.28947368306e-103 2.87046061026e-103 0.00305028393341 1.38361531579e-103 1.4684176441e-103
mounted 3.28947368306e-103 2.87046061026e-103 3.81552668816e-103 5.29833792732e-23 0.0014684176441
much 3.28947368306e-103 2.28892044442e-10 3.05028393341e-103 1.37972834069e-103 0.001468417527
murdrous 3.28947368306e-103 0.00287046061026 3.05028393341e-103 1.37972834069e-103 1.81182790248e-46
muse 3.28947368306e-103 2.87046061026e-103 1.36990639803e-84 0.00275926750373 2.01338050254e-07
must 3.28947368306e-103 0.00574092122051 3.05028393341e-103 1.37972834069e-103 6.54337724377e-25
my 3.28947368333e-103 0.00646581311049 0.0200842477209 0.0104302425959 0.0434702190668
name 0.00328947368332 1.17802203292e-27 3.0520678318e-103 0.001905166111 0.00237762223864
nativity 3.28947368306e-103 2.87046061026e-103 0.00305028393341 1.38361531579e-103 1.4684176441e-103
natures 3.28947368306e-103 0.00287046061026 3.05028393341e-103 1.37972834069e-103 1.71080709757e-64
nay 3.28947368306e-103 2.87046061026e-103 0.00610056786682 1.3843537429e-103 1.46841764415e-103
near 0.00328947368306 2.87046061026e-103 3.05028393341e-103 1.37972834069e-103 1.4684176441e-103
need 3.28947368306e-103 5.81354115885e-84 3.05094774255e-103 0.00137972834069 1.46925484542e-103
needst 3.28947368306e-103 2.73102541833e-77 3.05249471036e-103 0.00137972834069 1.46908202223e-103
neer 3.28947368306e-103 9.17290356293e-17 3.05028393341e-103 1.37972834069e-103 0.0014684176441
neglected 3.28947368329e-103 2.87046061026e-103 3.05028393341e-103 0.00016663581095 0.00129107043906
neither 3.28947368306e-103 1.14326107531e-93 3.05354014407e-103 0.00137972834069 1.47245431451e-103
never 3.28947368306e-103 0.00287046061026 3.12539180835e-103 7.06597649836e-40 3.95650071891e-74
new 3.28947368368e-103 5.95249902839e-43 3.0502839892e-103 0.00137972834069 8.27402466933e-38
niggard 3.28947368306e-103 2.87046061026e-103 4.27217683159e-16 0.00137972834069 1.4684176441e-103
night 0.00657894736753 2.49684609877e-24 3.05028393506e-103 1.3797283407e-103 0.00293683528756
nimble 3.28947368306e-103 0.00291072722093 3.05135136597e-103 0.00136037361284 4.39578144427e-16
no 3.28947368307e-103 1.68031107359e-48 0.0123447691373 0.0105223127483 0.00635317629214
none 3.28947368306e-103 0.00287046061026 0.00305028393341 1.38361531579e-103 3.27414239968e-35
nor 3.28947368488e-103 3.97899429142e-24 0.0232170978043 0.00262435861045 0.00658799964637
not 0.00328947368367 0.00330676202356 2.41548916255e-47 0.0139008400201 0.0158191857423
nothing 3.28947368306e-103 2.87046061026e-103 0.00305028393341 1.38418381042e-103 1.46841766222e-103
now 3.28947368306e-103 0.00582116907601 0.00914135818984 0.00134545027447 2.88969216411e-51
oaths 3.28947368947e-103 2.87102881547e-103 3.05035120719e-103 4.98718671551e-08 0.00293678221055
objects 3.28947368306e-103 0.00287046061026 3.05028393341e-103 1.37972852815e-103 1.21761036875e-41
oblivion 3.28947368306e-103 1.49979678811e-88 1.15459466116e-76 0.00137972834069 1.4684176441e-103
obsequious 3.28947368306e-103 0.00287046061026 3.05028393341e-103 1.37972834069e-103 1.46842648925e-103
ocean 3.28947368306e-103 0.00574092122051 3.05028393341e-103 1.37972834069e-103 2.77504876832e-48
of 3.28947368354e-103 1.19369929173e-11 0.00927241360271 0.00188217251071 0.0728276204958
offenders 3.28947368306e-103 1.51102727426e-95 3.05028394492e-103 0.00137972834069 1.4684176441e-103
oft 3.28947368498e-103 2.87046381443e-103 3.05028393341e-103 1.37972860529e-103 0.0014684176441
old 3.28947368306e-103 0.00287046061015 3.05028393341e-103 4.95356672448e-06 0.00146314566085
on 0.00328947368634 0.00423030554159 0.00326101748287 0.0108999687261 0.00375488003736
once 3.28947368306e-103 9.27604387123e-68 3.05028394716e-103 0.00137972834069 1.4684176441e-103
one 3.2894736843e-103 0.00247958103271 3.05186649993e-103 0.00201849385602 0.00245696876852
only 3.28947368306e-103 0.00287046061026 3.05028393341e-103 1.37972834069e-103 9.26111361983e-38
open 3.28947368306e-103 0.00287046061026 3.05028393341e-103 1.37972834069e-103 1.21275762348e-45
or 3.28947368306e-103 2.87046061026e-103 0.021351987527 1.75035681867e-20 0.00146841764738
other 3.28947368484e-103 8.99905225426e-45 1.44009210468e-40 0.0041376589033 1.62421809824e-06
others 3.28947368306e-103 2.87046061026e-103 3.05028393341e-103 1.22257075628e-05 0.00292382370891
our 3.28947368306e-103 0.00287046061026 0.00609197459538 0.00138361531659 3.82755042343e-38
out 0.00328947368758 2.88080968099e-103 3.05627588067e-103 0.00413897246738 2.26215749215e-07
outward 3.28947368462e-103 2.81405488011e-45 3.05449456951e-103 0.00151292456587 0.00132665953026
over 3.28947368373e-103 2.87058551211e-103 3.05030849509e-103 0.00275865464825 8.53588040773e-07
overturn 0.00328947368306 2.87046061026e-103 3.05028393341e-103 1.37972834069e-103 1.4684176441e-103
own 3.28947368383e-103 4.80576337372e-34 3.05031937694e-103 5.16252030297e-33 0.00734208822048
owners 3.28947368533e-103 2.89090335055e-103 3.0502839335e-103 0.00137972834066 3.91067376345e-14
painter 3.28947368306e-103 8.80001558213e-95 4.92693658301e-103 1.37972834069e-103 0.0014684176441
painting 3.28947368306e-103 0.00287046061026 3.05028393341e-103 1.37972834069e-103 1.4684176441e-103
part 0.00657894736612 2.87046061026e-103 3.05028393341e-103 1.37972834069e-103 1.4684176441e-103
partial 3.28947368306e-103 1.46403311866e-78 3.05028393341e-103 1.37972834069e-103 0.0014684176441
particulars 3.28947368306e-103 2.87046061039e-103 1.14107928594e-14 0.00137972834069 3.04113290119e-36
parts 3.28947368479e-103 1.36736816216e-73 3.05033290561e-103 2.36429946576e-66 0.0014684176441
pass 0.00328947368306 2.87046061026e-103 3.05028393341e-103 1.37972834069e-103 1.4684176441e-103
past 3.28947368306e-103 2.87046061026e-103 0.00305028393341 1.38361531579e-103 1.4684176441e-103
patience 3.28947368306e-103 4.69171876575e-84 3.05028394815e-103 0.00137972834069 1.4684176441e-103
pen 3.28947368309e-103 2.81774069813e-20 3.05577180131e-103 3.98842641826e-66 0.00293683528819
pencil 3.28947368306e-103 2.88181872496e-103 3.08048255485e-103 1.37972867116e-103 0.0014684176441
penury 3.28947368306e-103 4.46983806372e-82 3.05028394815e-103 0.00137972834069 1.4684176441e-103
perceive 3.28947368306e-103 1.87654884134e-85 3.05211197725e-103 0.00137972834069 1.46872110185e-103
perfect 3.28947368306e-103 0.00287046061026 3.05028393341e-103 1.37972834069e-103 1.14733236532e-43
perfection 3.28947368342e-103 2.87046061026e-103 3.05028393341e-103 0.00137338983211 6.74594959138e-06
perfumes 3.28947368401e-103 6.3761430107e-08 4.06162019089e-21 1.851168755e-08 0.00293678296866
permit 3.28947368306e-103 8.78942682544e-77 3.05028394678e-103 0.00137972834069 1.4684176441e-103
philomel 3.28947368306e-103 5.72306495797e-71 3.05028394704e-103 0.00137972834069 1.4684176869e-103
physician 3.28947368306e-103 2.87129386274e-103 1.76934843871e-48 0.00137972834069 2.61393581756e-17
picture 3.28947368438e-103 0.00287046061026 3.05028393341e-103 1.37972834069e-103 4.73932802877e-20
placed 3.28947368306e-103 0.00287046061026 3.05028393341e-103 1.37972834069e-103 3.789586314e-45
plants 3.28947368306e-103 0.00287046061026 3.05028393341e-103 1.37972834069e-103 9.19811255845e-46
play 3.28947371142e-103 2.87046686093e-103 3.05028393341e-103 0.0013797280734 2.84472045625e-10
plea 3.28947368306e-103 0.00287046061025 3.05028393341e-103 1.37972834069e-103 4.83138099057e-16
plead 3.28947368333e-103 0.00287046061026 3.05028393341e-103 1.61865124258e-59 4.41403153934e-60
pleasure 0.00328947368306 2.87046061026e-103 3.05028393341e-103 1.37972834069e-103 1.4684176441e-103
poet 3.28947368368e-103 0.00573124875078 3.05028395953e-103 1.4019039372e-103 4.94806483706e-06
poor 3.28947368968e-103 5.31360181918e-06 1.12247044871e-36 0.00551635930327 5.98318152825e-14
possessed 3.28947369793e-103 2.87046061026e-103 3.05028393342e-103 0.00137972825744 8.8600830726e-11
power 0.00328947368306 2.87046061026e-103 3.05028393341e-103 1.37972834069e-103 1.4684176441e-103
praise 0.00328947368358 0.00411753489087 3.05071408058e-103 1.47277992883e-62 0.00229887987738
prayers 3.28947368306e-103 2.39032998652e-68 3.05028393341e-103 1.37972834069e-103 0.0014684176441
pride 3.28947368306e-103 9.03326138657e-10 3.05028393341e-103 1.37972834069e-103 0.00146841718199
prime 0.00328947368306 2.87046061026e-103 3.05028393341e-103 1.37972834069e-103 1.4684176441e-103
princes 3.28947368306e-103 0.00241192618712 3.05028394788e-103 0.00160012953224 1.47253026203e-103
private 3.28947368306e-103 2.87046061026e-103 3.05028393341e-103 9.13306157329e-08 0.00146832044272
profitless 3.28947368306e-103 2.87046061026e-103 0.00305028393341 1.38361531579e-103 1.4684176441e-103
proud 3.28947368306e-103 0.00287046061293 3.05028393341e-103 0.00137972833941 1.57710466906e-48
prove 0.00657894736612 2.87046061026e-103 3.05028393341e-103 1.37972834069e-103 1.4684176441e-103
put 3.28947368306e-103 2.87121735957e-103 3.05446005595e-103 3.22600547718e-22 0.0014684176441
queen 0.00328947368306 2.87046061026e-103 3.05028393341e-103 1.37972834069e-103 1.4684176441e-103
quick 3.28947368306e-103 1.96035421585e-08 1.34416613083e-102 1.37972834069e-103 0.00293682525977
quicker 3.28947368306e-103 2.87046061026e-103 3.05028393341e-103 0.00137919181213 5.71016757157e-07
quill 3.28947368497e-103 2.8704629796e-103 3.05028393355e-103 2.2708596236e-75 0.0014684176441
quite 0.00328947368306 0.00287046061026 3.05028393341e-103 1.37972834069e-103 1.36762785252e-45
rainy 3.28947368306e-103 0.00287046061026 3.05028393341e-103 1.37972834069e-103 4.57044908987e-41
ranged 0.00328947368306 2.87046061026e-103 3.05028393341e-103 1.37972834069e-103 1.4684176441e-103
rare 0.00657894736612 2.87046061026e-103 3.05028393341e-103 1.37972834069e-103 1.4684176441e-103
rather 3.28947368306e-103 3.5916376304e-84 3.05028394495e-103 0.00137972834069 1.4684176467e-103
razed 3.28947368306e-103 0.0028704597645 5.78037212925e-32 4.06525036362e-10 1.4684176441e-103
read 3.28947368383e-103 1.91142604918e-35 6.82307145863e-89 3.55664046678e-23 0.0014684176441
reap 0.00328947368306 2.87046061026e-103 3.05028393341e-103 1.37972834069e-103 1.4684176441e-103
reason 3.28947368306e-103 2.29341369929e-88 3.05206569398e-103 0.00275945668139 1.46966721006e-103
receipt 3.28947368498e-103 2.87046061026e-103 3.05028393341e-103 1.38864217506e-103 0.0014684176441
receives 3.28947368306e-103 0.00287046061026 3.05028393341e-103 1.37972834069e-103 1.3172597518e-39
receivest 0.00328947368306 2.87046061026e-103 3.05028393341e-103 1.37972834069e-103 1.4684176441e-103
reckoning 3.28947368306e-103 5.8197468287e-75 3.05028394815e-103 0.00137972834069 1.4684176441e-103
record 3.28947368306e-103 4.03883660201e-80 3.05807089418e-103 0.00137972834069 1.4684176441e-103
red 3.28947368322e-103 1.1549481988e-11 3.05028393341e-103 1.37972834069e-103 0.00146841763819
redeem 0.00328947368306 2.87046061026e-103 3.05028393341e-103 1.37972834069e-103 1.4684176441e-103
reign 0.00328947368306 2.87046061026e-103 3.05028393341e-103 1.37972834069e-103 1.4684176441e-103
remember 3.28947368306e-103 0.00287046061026 3.05028393341e-103 1.37972834069e-103 4.06573997324e-44
removed 3.28947369852e-103 2.87046061026e-103 3.05028393353e-103 0.00137972834069 3.5438571901e-36
report 0.00328947368306 2.87046061026e-103 3.05028393341e-103 1.37972834069e-103 1.4684176441e-103
reserve 3.28947368306e-103 2.87046061026e-103 0.00305028393341 1.38361531579e-103 1.4684176441e-103
respect 0.00328947368306 2.87046061026e-103 3.05028393341e-103 1.37972834069e-103 1.4684176441e-103
resting 3.28947368306e-103 0.000144262520776 3.05028393341e-103 0.00131038647699 1.4684176441e-103
return 3.28947368306e-103 2.87046061026e-103 0.00305028393341 1.38361531579e-103 1.4684176441e-103
review 0.00328947368306 2.87046061026e-103 3.05028393341e-103 1.37972834069e-103 1.4684176441e-103
reviewest 3.28947368312e-103 2.87365613813e-103 6.4160748425e-27 2.74370323022e-10 0.00146841735209
rhyme 0.00328947368306 2.87046061026e-103 3.05028393341e-103 1.37972834069e-103 1.4684176441e-103
rich 3.28947368306e-103 5.70074790739e-11 3.05028393341e-103 1.37972834069e-103 0.00146841761493
ride 0.00328947368306 2.87046061026e-103 3.05028393341e-103 1.37972834069e-103 1.4684176441e-103
right 3.28947368306e-103 0.00291057189036 3.05028394808e-103 0.00136044827472 9.56573930084e-54
rightly 3.28947368306e-103 4.80717324703e-99 3.05028393873e-103 0.00137972834069 1.46841766225e-103
rocks 3.28947368306e-103 0.00287046061026 3.18449806396e-103 9.02841499343e-60 3.8889834e-56
rolling 0.00328947368306 2.87046061026e-103 3.05028393341e-103 1.37972834069e-103 1.4684176441e-103
roof 3.28947368306e-103 2.87046061026e-103 2.69178595888e-101 6.24557776248e-32 0.0014684176441
roses 3.28947368306e-103 2.87046061026e-103 3.05028393341e-103 0.00122366310542 0.000166097149956
ruinate 0.00328947368306 2.87046061026e-103 3.05028393341e-103 1.37972834069e-103 1.4684176441e-103
sacred 3.28947368306e-103 8.70483953944e-91 3.05028394218e-103 0.00137972834069 1.4684176441e-103
sail 3.28947368498e-103 3.17748448358e-12 3.05028393341e-103 1.37972834069e-103 0.00146841764247
saint 3.28947368441e-103 7.10073883351e-29 3.05573349454e-103 3.40490073896e-33 0.0014684176441
sake 3.28947368306e-103 0.00285388473 3.05854295804e-103 3.61303419728e-45 8.47958510661e-06
salve 3.28947368306e-103 1.3740363667e-10 3.05028393341e-103 1.37972834069e-103 0.00146841757381
salving 3.28947368368e-103 2.4411824259e-40 3.05091282052e-103 3.46699039568e-55 0.0014684176441
same 0.00328947368306 2.87046061026e-103 3.05028393341e-103 1.37972834069e-103 1.4684176441e-103
sap 3.28947368306e-103 4.59823210913e-10 0.00304169066187 0.00138361509562 1.4684176441e-103
saucy 3.28947368306e-103 0.00287046061026 3.05666830436e-103 1.37972834069e-103 1.46133845409e-47
savour 0.00328947368306 2.87046061026e-103 3.05028393341e-103 1.37972834069e-103 1.4684176441e-103
say 0.00657894738028 0.00290465159918 3.05065250418e-103 0.0055024789643 3.23436362723e-40
scaped 3.28947368374e-103 1.94358418055e-74 3.06165773347e-103 2.25316863294e-32 0.0014684176441
scope 0.00328947368306 2.87046061026e-103 3.05028393341e-103 1.37972834069e-103 1.4684176441e-103
sea 3.28947368322e-103 5.17319098576e-13 3.05028393341e-103 1.37972834069e-103 0.00146841764383
sealed 3.28947368306e-103 2.87046061026e-103 3.05028393341e-103 0.00137972834069 1.46841765612e-103
seasons 3.28947368306e-103 2.87046061026e-103 3.05028393505e-103 7.70608949915e-05 0.00138640325435
second 3.28947368306e-103 4.59167737574e-13 3.24936061623e-81 1.96716295702e-103 0.00293683528796
see 3.28947368541e-103 1.00721523954e-95 0.0067977723755 0.00382382001315 1.99717391837e-43
seek 0.00328947368306 0.00287046061026 3.05028393341e-103 1.37972834069e-103 1.57917484535e-34
seeking 3.28947368306e-103 2.87046061026e-103 0.00305028393341 1.38433782104e-103 1.46841764486e-103
seem 3.28947368328e-103 3.85367368683e-13 3.05032185998e-103 1.37972834069e-103 0.00293683528799
seen 0.00328947368306 6.2232649941e-93 7.03429538772e-24 0.00413918502208 1.46915971104e-103
seest 3.28947368306e-103 2.8744811952e-103 2.22021182562e-20 0.00137972834069 2.61730593046e-22
seeting 3.28947368306e-103 2.87046061026e-103 3.28950109978e-15 0.00137972834069 1.4684176441e-103
self 3.28947368412e-103 0.0019934038426 7.01618856883e-60 0.004054028304 0.00788138746602
selfs 3.28947368306e-103 0.00287046061026 3.05028393341e-103 1.37972834069e-103 4.72386661844e-47
sendst 3.28947368307e-103 2.87548927161e-103 3.06545347619e-103 1.92229862216e-19 0.0014684176441
separation 3.28947368306e-103 2.77048558676e-19 3.05288454477e-103 1.37972834069e-103 0.0014684176441
set 0.00328947368306 2.87046061026e-103 3.05028393341e-103 1.37972834069e-103 1.4684176441e-103
shadow 3.28947368438e-103 2.87046061026e-103 3.05028393341e-103 2.24984431841e-35 0.0014684176441
shadows 3.28947368447e-103 5.44822891721e-35 3.05028393341e-103 1.37972834069e-103 0.0014684176441
shady 3.28947368306e-103 0.00287046061026 3.05028393341e-103 1.37972834891e-103 1.4684176441e-103
shaken 0.00328947368306 2.87046061026e-103 3.05028393341e-103 1.37972834069e-103 1.4684176441e-103
shall 3.28947368306e-103 0.00727882796791 0.0061157910801 0.00133441013019 0.00219100390065
shalt 3.28947368306e-103 2.87328547805e-103 3.06677816953e-103 1.37972834069e-103 0.0014684176441
shamefully 3.28947368306e-103 0.00287046061026 3.05028393341e-103 1.37972834069e-103 3.36508744617e-43
shames 3.28947368306e-103 2.8704985194e-103 3.05613720719e-103 1.76128340005e-28 0.0014684176441
sharpst 3.28947368306e-103 0.00287046061026 3.05028393341e-103 1.37972834069e-103 1.46862944075e-103
she 3.28947368356e-103 1.08654649697e-10 2.21867420975e-43 1.81707721547e-10 0.00440525268332
sheaves 0.00328947368306 2.87046061026e-103 3.05028393341e-103 1.37972834069e-103 1.4684176441e-103
shines 0.00328947368306 2.87046061026e-103 3.05028393341e-103 1.37972834069e-103 1.4684176441e-103
shop 3.28947368491e-103 2.50786265779e-77 3.05028393341e-103 1.37972834069e-103 0.0014684176441
short 0.00328947368306 0.00287046061026 3.05028393341e-103 1.37972834069e-103 1.03644878111e-38
should 3.28947368323e-103 0.00289805359815 2.05581429106e-101 0.00826510707609 1.58208666819e-25
show 0.00328947368306 2.87046061026e-103 0.00305028393341 1.38361522108e-103 1.46841764416e-103
sick 3.28947368306e-103 2.87095503859e-103 6.12407526292e-33 0.00275945668139 1.46841764996e-103
sight 0.00657894736612 2.87046061026e-103 3.05028393341e-103 1.37972834069e-103 1.4684176441e-103
simple 3.28947368306e-103 0.00287046061026 3.05028393341e-103 1.37972834069e-103 2.97921219208e-44
simply 3.28947368306e-103 2.87046061026e-103 0.00305028393341 1.38361531579e-103 1.4684176441e-103
since 3.28947368306e-103 0.00118203447441 3.05081908934e-103 0.00275299669497 0.000870609341918
sing 0.00657894736612 2.87046061026e-103 0.00305028393341 1.39774367391e-103 1.46841776504e-103
sit 0.00328947368306 2.87046061026e-103 3.05028393341e-103 1.37972834069e-103 1.4684176441e-103
skill 0.00657894736612 2.87046061026e-103 3.05028393341e-103 1.37972834069e-103 1.4684176441e-103
slander 3.28947368468e-103 1.52564401209e-45 3.05028393341e-103 1.37972834069e-103 0.0014684176441
slept 3.28947368306e-103 1.07557553034e-40 1.9230773121e-20 0.00137972834069 1.3572258491e-48
smell 0.00328947368306 0.00287046061026 2.68308932565e-60 1.21081817912e-23 1.46841764683e-103
so 3.28947368723e-103 0.0246623142544 0.0160472208414 0.0115756059131 0.00258084992097
soil 3.28947368306e-103 2.87046061026e-103 1.23054334987e-35 0.00137972834069 1.4684176441e-103
sole 3.28947368306e-103 0.00287046061026 3.05028393341e-103 1.37972834069e-103 2.05732700419e-46
solemn 3.28947368329e-103 2.80592359725e-51 3.054999554e-103 1.70170764469e-18 0.0014684176441
some 3.28947368359e-103 1.1391300953e-05 3.05716969369e-103 4.09593373406e-45 0.00880467851156
sometime 3.28947368306e-103 0.00287046061026 0.00305028393341 1.38352814348e-103 4.539466542e-48
son 0.00328947368306 2.87046061026e-103 3.05028393341e-103 1.37972834069e-103 1.4684176441e-103
soon 3.28947368306e-103 2.87060966729e-103 7.29916869132e-42 0.00137972834069 2.3125362741e-15
sooner 3.28947368306e-103 2.87046061026e-103 3.05121006435e-103 0.000663591765406 0.000762170024141
sorrow 0.00328947368306 2.87046061026e-103 3.05028393341e-103 1.37972834069e-103 1.4684176441e-103
sorry 3.28947368522e-103 7.96811426724e-38 3.05028393423e-103 0.00137972834069 4.87279983429e-29
soul 3.28947368306e-103 9.95562725483e-95 3.05031240019e-103 0.00137972834069 1.47607639577e-103
sounds 0.00328947368306 2.87046061026e-103 3.05028393341e-103 1.37972834069e-103 1.4684176441e-103
sour 0.00328947368306 2.87046061026e-103 3.05028393341e-103 1.37972834069e-103 1.4684176441e-103
spacious 0.00328947368306 2.87046061026e-103 3.05028393341e-103 1.37972834069e-103 1.4684176441e-103
speak 0.00328947368306 2.87046061026e-103 3.05028393341e-103 1.37972834069e-103 1.4684176441e-103
speaking 3.28947368306e-103 0.00287046061026 3.05028393341e-103 1.37972834069e-103 1.76460198808e-45
spend 0.00328947368306 2.87046061026e-103 3.05028393341e-103 1.37972834069e-103 1.4684176441e-103
spheres 3.28947368376e-103 2.61593522533e-14 3.05047595494e-103 2.5763642761e-100 0.00146841764408
spies 0.00328947368306 2.87046061026e-103 3.05028393341e-103 1.37972834069e-103 1.4684176441e-103
spirit 3.28947368306e-103 0.00861138183077 6.31516301185e-92 4.19419399838e-73 1.02819133901e-48
spirits 3.2894736852e-103 2.87127015934e-103 2.14627646961e-90 0.00137972834069 6.92727607699e-24
spread 0.00328947368306 2.87046061026e-103 3.05028393341e-103 1.37972834069e-103 1.4684176441e-103
spring 0.00328947368306 2.87046061026e-103 3.05028393341e-103 1.37972834069e-103 1.4684176441e-103
springs 3.28947368306e-103 2.87046061026e-103 2.02093006699e-41 0.00137972834069 4.41504288613e-16
spur 3.28947368306e-103 2.87469355088e-103 5.82038876797e-18 0.00137972834069 1.4684176441e-103
stand 0.00328947368306 6.04572522089e-82 3.05117078178e-103 0.00137972834069 1.46919836056e-103
star 3.28947368306e-103 9.08533093774e-87 3.58807167342e-25 0.00275945668139 1.40836958871e-29
state 3.28947368307e-103 2.87157980375e-103 3.05317193133e-103 0.00103236557448 0.000369691336886
statues 3.28947368306e-103 0.00287046061026 3.05028393341e-103 1.37972834069e-103 7.67584602816e-54
stealth 3.289473709e-103 2.87046061026e-103 3.05028393341e-103 0.00137972834069 1.4684176441e-103
steep 3.28947368306e-103 2.87046061026e-103 3.05028393341e-103 0.00137972614365 2.33826580167e-09
steepy 3.28947368306e-103 0.00287046061026 3.05028393341e-103 1.37972834069e-103 4.06827865551e-43
still 0.00657894736612 0.00287046061031 8.9440196734e-34 0.00137972834066 8.23055612454e-15
stones 3.28947368306e-103 2.87144077613e-103 3.0505636832e-103 0.00137972834069 1.48237672981e-103
story 3.28947368306e-103 2.8704945374e-103 3.05537245724e-103 7.4104901348e-20 0.00293683528819
stout 0.00328947368306 2.87046061026e-103 3.05028393341e-103 1.37972834069e-103 1.4684176441e-103
straight 0.00328947368306 0.00287046061026 0.00305028393341 1.38361365693e-103 2.23891109847e-52
strangely 3.28947368306e-103 0.00287046061026 3.05028393341e-103 1.37972834069e-103 8.24868042624e-37
strength 3.28947368402e-103 5.23029481853e-25 3.05028393341e-103 1.38025635684e-103 0.00293683528819
strive 0.00328947368306 2.87046061026e-103 3.05028393341e-103 1.37972834069e-103 1.4684176441e-103
such 3.28947368366e-103 0.00201734994996 3.05028393369e-103 1.20632004251e-20 0.0048416716525
suffer 3.28947368306e-103 2.87712100167e-103 5.37911563001e-24 7.86727275843e-23 0.0014684176441
sufferance 3.2894736847e-103 2.49287868799e-95 3.05028395001e-103 6.77709498826e-56 0.0014684176441
summer 3.28947368306e-103 0.00287046061026 3.05028393341e-103 1.37972834069e-103 6.82593875732e-46
summers 3.28947368329e-103 0.00288045749724 3.05123983047e-103 0.00551410687531 1.42547648374e-09
sun 3.28947368306e-103 2.87046061026e-103 3.05028393343e-103 7.87065824113e-51 0.0014684176441
sunken 3.28947368306e-103 0.00287046061026 3.05028393341e-103 1.37972834069e-103 1.46842329255e-103
surety 3.28947368306e-103 8.08420468427e-08 3.05028394724e-103 0.0013796894828 1.4684176442e-103
swallowed 3.28947368306e-103 0.00287046061026 3.05028393341e-103 1.37972834069e-103 5.3928111176e-46
sweet 3.28947368306e-103 0.00521614223687 0.00302471790243 0.00358532693278 0.00233864227435
sweetest 3.28947368306e-103 2.87046061026e-103 3.05028393341e-103 0.000567214768646 0.000864742159795
sweetly 3.28947368306e-103 0.00287046061021 3.05028394415e-103 2.04749200708e-14 1.4684176441e-103
sweetness 0.00328947368306 2.87046061026e-103 3.05028393341e-103 1.37972834069e-103 1.4684176441e-103
sweets 0.00328947368306 2.87046061026e-103 3.05028393341e-103 1.37972834069e-103 1.4684176441e-103
sword 3.28947368483e-103 5.71394768797e-64 3.08668042584e-103 4.37291817386e-59 0.0014684176441
take 3.28947368306e-103 0.00287046061026 3.05028393341e-103 1.37972834069e-103 1.1795213738e-55
taken 0.00657894736612 2.87046061026e-103 3.05028393341e-103 1.37972834069e-103 1.4684176441e-103
tame 3.28947368306e-103 2.87046061026e-103 1.45402909646e-40 0.00137972834069 5.23342237841e-16
tan 3.28947368306e-103 2.87046061026e-103 0.00305028393341 1.38361531579e-103 1.4684176441e-103
taste 3.28947368306e-103 2.87046061026e-103 3.05028393341e-103 0.00137972834069 1.46951788309e-103
taught 3.28947368306e-103 3.58251330907e-40 8.09395712303e-30 6.43867540839e-05 0.00286830973649
teach 3.28947368306e-103 2.87046061026e-103 3.05100852211e-103 1.05509972373e-08 0.00146840641488
tear 0.00328947368306 2.87046061026e-103 3.05028393341e-103 1.37972834069e-103 1.4684176441e-103
tell 0.00986842113232 3.23112863854e-66 0.00304149944953 0.00138370151153 0.00146841792178
tells 3.28947368306e-103 1.78384508718e-35 2.78250982606e-21 0.00137972834069 1.18657483473e-91
testy 3.28947368306e-103 1.57775813819e-81 3.05028394815e-103 0.00137972834069 1.4684176441e-103
than 3.28947370461e-103 2.87046061026e-103 3.05028393341e-103 8.80784405179e-29 0.0014684176441
thanks 3.28947368306e-103 2.9192709791e-21 2.38082961362e-35 0.00137972834069 1.46843286011e-103
that 3.28947368638e-103 0.00209961028957 0.0342187884544 0.0343053798699 0.0105527097018
thats 3.28947368306e-103 2.87046061026e-103 0.00305028393341 1.38546226203e-103 1.46841765311e-103
the 3.28947368407e-103 0.0652502741994 0.0407444424237 0.05503989699 2.78041264851e-05
thee 0.0197368421075 6.31756375651e-35 4.05894939896e-28 5.5345836412e-06 0.0117414508005
their 3.28947368379e-103 0.00381658421427 3.05347068882e-103 0.00210771373785 0.00755172479546
theirs 3.28947368498e-103 2.87046061026e-103 3.05028393341e-103 1.37972834069e-103 0.0014684176441
them 3.28947368306e-103 2.8790224296e-103 9.37384700468e-85 0.00413918502208 1.50816976096e-62
themselves 3.28947368317e-103 2.89153327275e-103 6.83849216779e-71 2.59269182982e-16 0.00293683528819
then 3.28947369137e-103 6.30973954326e-31 0.0260123144854 0.00439808925185 0.00335462577678
thence 3.28947368306e-103 2.87046061026e-103 0.00305028393341 1.38361531579e-103 1.4684176441e-103
there 3.28947368464e-103 5.50629653709e-09 0.00303226356759 0.00140073786807 0.00292314751486
therefore 3.28947368863e-103 0.00306137967964 0.00606983823743 0.00406131564095 1.32022895995e-09
these 3.28947368306e-103 2.89292477814e-103 0.00370565781582 0.00246301282926 2.39098952543e-90
they 3.28947369069e-103 2.8723622195e-103 0.00611697304849 3.21950029907e-30 0.0029289377748
thine 0.00986842105094 0.00345038119782 0.00305028387875 1.13380200655e-20 0.00410858780941
thing 3.28947368306e-103 1.3221271474e-15 3.05853948523e-103 1.37974138422e-103 0.00293683528819
things 3.28947368306e-103 0.00861431193065 3.05067316e-103 0.00137831994587 1.95347779835e-40
think 3.28947368306e-103 5.59332511937e-90 3.05105514433e-103 0.00275945668139 1.46867964495e-103
thinking 3.28947368306e-103 2.87046061026e-103 6.39404064395e-22 0.00137972834069 7.14625907655e-40
thinks 3.28947368306e-103 5.42547044147e-10 3.05028393397e-103 1.37972834069e-103 0.00146841736655
thinly 3.28947368306e-103 2.09078304438e-13 3.05028393341e-103 1.37972834069e-103 0.00146841764399
this 0.00328947368348 0.00519755947267 3.6196598841e-54 0.0026091280976 0.0136537135887
thorns 3.28947368306e-103 1.60725570283e-10 3.05028393341e-103 1.38042182207e-103 0.00146841756188
those 3.28947368306e-103 0.00439785098913 6.49747839309e-18 0.00202529444084 1.4684176441e-103
thou 3.28947368544e-103 0.0192918287341 0.013011613287 0.0317523526122 2.6495129792e-13
though 3.28947368306e-103 8.6444901012e-96 3.82161288609e-41 0.00413918502208 6.35747990245e-27
thought 3.28947368306e-103 3.31918740813e-74 1.25253244145e-36 0.00137972834069 1.46843914944e-103
thoughts 3.28947368323e-103 0.00861138183077 1.51096138947e-86 2.96643405054e-39 2.01318352095e-32
thralled 3.28947368306e-103 0.00287046061026 3.05028393341e-103 1.37972834069e-103 1.19184369521e-47
three 3.28947370893e-103 1.77655980747e-34 0.00609197480562 0.0013836152215 1.46844635426e-103
throned 3.28947368306e-103 0.00287046061026 3.05028393341e-103 1.37972834069e-103 8.6714084954e-47
through 3.28947368306e-103 1.917329019e-47 5.45267330566e-40 0.00275945668139 1.46893982162e-103
thus 3.28947368306e-103 2.87046061026e-103 0.00370640259428 0.00246267594522 1.0602936477e-33
thy 3.28947368365e-103 0.00857991774304 0.00307612115946 0.00182654299258 0.0259596392656
tibey 3.28947368306e-103 2.87046061026e-103 0.00305028393341 1.38374208025e-103 1.46841765035e-103
till 3.28947368306e-103 2.87046061026e-103 0.00305028393341 1.38361330403e-103 1.46841764507e-103
time 0.00657894736664 0.00462513245462 2.06445016721e-46 0.00743496168514 5.9204646168e-29
times 3.28947368306e-103 6.20505637373e-44 1.16949764515e-101 1.37972834069e-103 0.0014684176441
tired 3.28947368306e-103 2.87046061026e-103 3.05028393342e-103 7.91836260692e-06 0.00145999028704
tis 3.28947368306e-103 2.87046061026e-103 0.00305028393341 1.3836092658e-103 1.46841764702e-103
to 3.2894736834e-103 0.0237022017298 0.0381703536847 0.00724714951921 0.0410810711043
today 3.28947368306e-103 2.36844996532e-20 3.06001635211e-103 1.37972834069e-103 0.00293683528819
toil 3.28947368306e-103 0.00223353650578 8.9851571689e-24 0.000306035204901 1.18734148761e-07
tomb 0.00328947368306 2.87046061026e-103 3.05028393341e-103 1.37972834069e-103 1.4684176441e-103
tomorrow 3.28947368306e-103 0.00287046061026 0.00305028393341 1.38486908243e-103 1.3231754156e-49
tongue 0.00328947368306 4.65836413897e-86 3.05685114017e-103 0.00137972834069 1.46865690659e-103
tongues 3.28947368306e-103 1.27707763186e-09 3.05028393341e-103 1.37972834069e-103 0.00146841699079
too 3.28947368306e-103 0.00293465828717 3.05028394833e-103 0.00134887080029 1.92966806257e-48
took 3.28947368498e-103 2.87046061026e-103 3.05028393341e-103 1.37995527307e-103 0.0014684176441
top 3.28947368839e-103 2.87046061027e-103 3.05028393341e-103 0.00137972700468 1.42189504821e-09
travelled 3.28947368306e-103 9.42099569349e-83 3.05918538012e-103 0.00137972834069 1.47204928392e-103
treasure 3.28947368306e-103 2.87051624938e-103 3.06007666463e-103 0.000898985916354 0.000511644674784
trees 3.28947368306e-103 2.87046061026e-103 6.16644236252e-28 0.00137972834069 1.4684176441e-103
tresses 3.28947368493e-103 2.87046612511e-103 3.05028399657e-103 1.95518140674e-54 0.0014684176441
trifles 3.28947368306e-103 0.00287046061026 3.05028393341e-103 1.37972834069e-103 4.37930037791e-46
true 3.28947368316e-103 2.39448934328e-90 3.0502896258e-103 0.00275945668139 6.82817679251e-17
truly 3.28947368306e-103 6.18732758558e-81 3.05028394282e-103 0.00137972833565 0.00146841764947
trust 3.28947368306e-103 1.01472949013e-07 3.05029241661e-103 1.37972834069e-103 0.00146836573442
truth 0.00328947370203 0.0028704605937 3.05028393341e-103 9.36483381434e-21 1.46841848624e-103
tune 3.28947368306e-103 0.00287046061026 3.05028393341e-103 1.37972834069e-103 7.99678393436e-48
tuned 3.28947368306e-103 0.00287046061026 3.05028393341e-103 1.37972834069e-103 6.63931569646e-51
turned 0.00328947368306 2.87046061026e-103 3.05028393341e-103 1.37972834069e-103 1.4684176441e-103
twilight 3.28947368306e-103 2.87050727525e-103 3.0584929031e-103 0.00131845108459 6.52161743703e-05
two 3.28947368406e-103 0.00231728193191 3.05028426331e-103 1.92727125219e-26 0.00321982030068
tyrant 3.28947368306e-103 2.13361845757e-83 3.050283946e-103 0.00137972834069 1.46841764585e-103
under 3.28947368306e-103 2.87046061026e-103 0.00305028393341 1.38365514873e-103 1.46841764521e-103
uneared 3.28947368306e-103 0.00287046061026 3.05028393341e-103 1.37972834069e-103 4.08458682708e-46
unkindness 3.28947368306e-103 0.00287046061026 3.05028393341e-103 1.37972834069e-103 1.06222941607e-46
unknown 3.28947368306e-103 0.00287046061026 3.05028393341e-103 1.37972834069e-103 9.68914773914e-47
unless 3.28947368306e-103 2.87046061026e-103 0.00305028393341 2.04083860654e-89 1.46841770397e-103
unused 3.2894736835e-103 8.68548249308e-16 3.05028393341e-103 1.37972834069e-103 0.0014684176441
up 3.28947368336e-103 1.68214860643e-27 3.05576214598e-103 1.37972834069e-103 0.00440525293229
upon 3.28947368306e-103 0.00287046061026 3.05028393341e-103 1.37972834069e-103 2.02293089171e-53
us 3.28947368306e-103 1.12089202832e-13 3.05028393342e-103 1.37972834069e-103 0.00146841764404
use 0.00328947368306 1.52590361094e-91 3.05371555336e-103 0.00137972834069 1.47392272695e-103
used 3.28947368306e-103 1.06770335078e-78 3.0502839572e-103 0.00137972834069 1.4684176441e-103
ushers 3.28947368306e-103 2.82314289572e-47 1.72458943618e-95 5.48262518507e-95 0.0014684176441
usurer 3.28947368306e-103 1.16480307366e-80 3.05028394814e-103 0.00137972834069 1.4684176441e-103
usury 0.00328947368306 2.87046061026e-103 3.05028393341e-103 1.37972834069e-103 1.4684176441e-103
vainly 3.28947368306e-103 2.31940590825e-79 3.05544212846e-103 0.00137972834069 1.4684176441e-103
vanished 3.28947368306e-103 3.2238662467e-27 3.05028394815e-103 0.00137972834069 1.4684550692e-103
vanishing 3.28947368306e-103 2.87046061026e-103 3.05028393382e-103 0.00137972834069 1.4684176441e-103
vaunt 3.28947368306e-103 2.87046061026e-103 0.00305028393341 1.38361248674e-103 1.46841764583e-103
verse 3.2894736832e-103 6.12759339397e-94 2.82250214835e-98 0.00136358611278 1.71798546055e-05
vice 3.28947368306e-103 2.87046061026e-103 1.64430434268e-16 0.00137972834069 2.05194884823e-46
virtuous 3.28947368306e-103 0.00287046061026 3.05028393341e-103 0.00137972834069 1.80842136062e-47
visage 3.28947368306e-103 0.00287046061026 3.05028393341e-103 1.37972834069e-103 5.15347131097e-45
votary 3.28947368306e-103 2.87046061026e-103 3.05028393341e-103 2.44647726133e-07 0.00146815727035
vows 3.28947368306e-103 0.00287046061026 3.26382666754e-68 1.07554770571e-42 7.26576931839e-99
wandring 3.28947368306e-103 2.87046061026e-103 3.05028393341e-103 1.37972834069e-103 0.0014684176441
wanting 0.00328947368306 2.87046061026e-103 3.05028393341e-103 1.37972834069e-103 1.4684176441e-103
wanton 3.28947368325e-103 2.87046061026e-103 3.05028393341e-103 5.09778109624e-05 0.00141416296593
wantonly 0.00328947368306 2.87046061026e-103 3.05028393341e-103 1.37972834069e-103 1.4684176441e-103
war 3.28947368306e-103 2.87046061026e-103 3.05851008383e-103 5.63614858161e-12 0.0014684176381
warrantise 3.28947371142e-103 2.87046061411e-103 3.05028393341e-103 0.00137972050064 8.34400979448e-09
wars 3.28947368498e-103 6.61513916964e-39 3.05028393341e-103 1.37972834069e-103 0.0014684176441
was 0.00328947368306 2.98840915058e-101 0.0122670823971 1.73281032584e-08 0.00143665224143
wasteful 3.28947368306e-103 2.87046061042e-103 3.05028393342e-103 0.00137972834069 1.4712596719e-103
watery 3.28947368306e-103 0.00287046061026 3.05028393341e-103 1.37972834069e-103 1.22123013933e-85
we 3.28947368306e-103 0.00574092122051 3.05028393341e-103 1.37972834069e-103 6.10913739222e-18
weakness 3.28947368306e-103 2.59752270084e-11 3.05028393341e-103 1.37972834069e-103 0.00146841763081
wealth 3.28947368384e-103 2.87046061026e-103 3.05028393341e-103 0.00137972834069 7.59398292753e-37
weep 0.00328947368306 8.70194980148e-82 3.05028394023e-103 0.00137972834069 1.46841765056e-103
welfare 3.28947368306e-103 9.1188457617e-11 3.05069211e-103 1.37972834069e-103 0.00146841759745
well 0.00328947368378 0.00397418920338 3.05038359445e-103 5.9328926052e-39 0.0038406276817
were 0.00328947368344 4.0512678781e-21 3.1665996776e-72 2.58264526046e-15 0.00293683528802
what 3.28947368306e-103 4.02546481444e-95 0.00918538164034 0.00276400016895 0.00144695931087
when 3.28947368835e-103 2.06988698585e-47 0.0260511244675 0.00753254792934 9.17330630477e-18
whence 3.28947368306e-103 2.87046061026e-103 0.00305028393341 1.38361531579e-103 1.4684176441e-103
where 3.28947368306e-103 3.85031841521e-68 5.64001639297e-64 0.00204538430462 0.00369680842659
wherein 3.28947368306e-103 2.36010727202e-14 3.0502855655e-103 1.37972834069e-103 0.00146841764408
whereon 3.28947368498e-103 9.03280500053e-41 3.05028393341e-103 1.3797283407e-103 0.0014684176441
whether 3.28947368306e-103 2.43819930064e-70 3.05126051764e-103 0.00137972834069 1.46929421345e-103
which 3.28947368393e-103 2.34302811362e-58 0.02014211906 0.00489559911968 0.00418265136595
whilst 3.28947368306e-103 6.58940803922e-10 0.00607267659282 0.00139234402366 1.4684177032e-103
white 0.00328947368306 2.87046061026e-103 3.05028393341e-103 1.37972834069e-103 1.4684176441e-103
who 3.28947368306e-103 0.0028905222286 0.00304175072164 0.00137394524339 1.03405244985e-42
whom 3.28947368471e-103 4.12239365317e-54 1.29307326007e-91 3.23383045084e-18 0.0014684176441
whos 3.28947368306e-103 2.44397312604e-74 3.05114415316e-103 0.00137972834069 1.46949585852e-103
whose 3.28947368308e-103 3.39930684339e-33 1.12987581437e-24 0.00181105155245 0.00394620415016
why 3.28947368306e-103 1.30450488017e-45 0.0150524657676 0.00698863409091 8.9883939058e-26
wide 0.00328947369783 2.87888869218e-103 1.01600339416e-32 0.00275945666525 1.05788770255e-11
widow 3.28947368557e-103 1.99991796473e-31 3.05028823334e-103 2.73226572839e-84 0.00293683528819
will 0.00328947368962 1.02339800587e-33 0.00316466517688 0.0123658172427 8.36595610953e-14
wilt 3.28947368306e-103 2.8743883068e-103 0.00521519483947 0.00178020720908 3.00892567898e-71
win 3.28947368306e-103 1.16766940671e-94 3.05111651514e-103 0.00275945668139 1.60167945129e-18
wind 0.00328947368306 2.87046061026e-103 3.05028393341e-103 1.37972834069e-103 1.4684176441e-103
winds 0.00328947368306 2.87046061026e-103 3.05028393341e-103 1.37972834069e-103 1.4684176441e-103
windy 3.2894736831e-103 2.87046061026e-103 3.05028393341e-103 2.77437358588e-10 0.00146841734882
wing 0.00328947368306 2.87046061026e-103 3.05028393341e-103 1.37972834069e-103 1.4684176441e-103
wisdom 3.28947368306e-103 2.87046061026e-103 9.11954985732e-77 5.87414276935e-21 0.0014684176441
wish 3.28947368306e-103 1.62027328657e-85 3.22912266453e-40 6.3286352346e-39 0.0014684176441
wishing 3.28947368306e-103 2.87046061026e-103 0.00305028393341 1.3837067867e-103 1.46841764747e-103
wit 0.00328947368402 6.0441102206e-08 5.35915861289e-84 1.8221805787e-56 0.00293680436841
with 3.28947368363e-103 4.58779405304e-34 0.0135630336908 2.6702547091e-19 0.0213706420921
within 3.2894736831e-103 2.87046061028e-103 2.11296608398e-34 0.0027594566785 3.07611189274e-12
without 3.28947368306e-103 2.87046064471e-103 3.69755721546e-103 1.37972834069e-103 0.0014684176441
woe 0.00657894736612 2.87046061026e-103 3.05028393341e-103 1.37972834069e-103 1.4684176441e-103
woman 3.28947368306e-103 2.87046061056e-103 5.83393887188e-16 0.00137972834069 1.4684176441e-103
womans 3.28947368306e-103 0.00287046061026 3.05028393341e-103 1.37972834069e-103 1.22325931221e-25
womb 0.00328947368306 2.87046061026e-103 3.05028393341e-103 1.37972834069e-103 1.4684176441e-103
won 0.00328947368306 2.87046061026e-103 3.05028393341e-103 1.37972834069e-103 1.4684176441e-103
woos 3.28947368306e-103 2.87046061026e-103 3.05028393365e-103 0.00137972834069 8.31180003616e-16
word 3.28947368306e-103 2.87046061026e-103 3.0546573502e-103 6.32572189163e-18 0.0014684176441
words 0.00328947368306 2.87046061026e-103 3.05028393341e-103 1.37972834069e-103 1.4684176441e-103
works 3.28947368306e-103 2.87258085136e-103 8.11731941151e-18 0.00137972834028 4.40948271066e-13
world 3.28947368664e-103 5.62368932941e-60 3.05420130824e-103 0.00689864159869 1.11512868672e-10
worms 3.28947368306e-103 2.87058127867e-103 3.05028909821e-103 0.00137972834069 1.4705566922e-103
worst 3.2894737087e-103 2.87046061162e-103 3.05028393341e-103 0.00137972834069 5.03042270214e-22
worth 3.28947368453e-103 0.0032992301445 3.05028393472e-103 2.56412483834e-54 0.00271749322612
would 3.28947368537e-103 0.0110478568179 1.13081225109e-58 0.00296805813771 8.98289880129e-23
wound 3.28947368306e-103 2.87046061026e-103 3.05028393343e-103 0.00116402934577 0.00022956418348
wretch 3.28947368306e-103 4.07099823489e-41 3.52196457348e-101 1.37972834069e-103 0.0014684176441
wretched 3.28947368306e-103 1.39575775151e-77 3.05262759775e-103 0.00137972834069 1.4684176441e-103
wrinkles 3.28947368306e-103 2.9962352657e-103 3.05563628531e-103 0.00137972834069 1.47486631242e-103
write 0.00657894736839 1.44692079185e-90 5.60938247493e-53 0.00689864159293 1.16619626523e-10
writes 3.28947368352e-103 2.9050318984e-103 3.09951725165e-103 0.000118385176723 0.00134242263684
wrongfully 3.28947368306e-103 4.07186231841e-102 3.05028393341e-103 1.37972834069e-103 0.0014684176441
wrongs 0.00328947368306 2.87046061026e-103 3.05028393341e-103 1.37972834069e-103 1.4684176441e-103
ye 0.00328947368306 2.87046061026e-103 3.05028393341e-103 1.37972834069e-103 1.4684176441e-103
yellow 3.28947368306e-103 7.79463366382e-28 3.05271274549e-103 1.37972834069e-103 0.0014684176441
yet 3.28947368331e-103 2.29209965836e-31 0.0121478181736 0.00554303037951 1.14533393935e-39
yield 3.28947368306e-103 2.87046061026e-103 1.859288798e-31 0.00275945668139 2.16445140509e-16
you 3.28947368322e-103 0.00630873431614 0.0032268445974 0.00573543224746 0.00379934779881
young 0.00328947368306 2.87046061026e-103 3.05028393341e-103 1.37972834069e-103 1.4684176441e-103
your 3.28947368332e-103 0.00112180290991 0.00611093668424 7.27302886526e-64 0.0111684781887
youth 0.00328947368306 2.87046061026e-103 3.05028393341e-103 1.37972834069e-103 1.4684176441e-103
youthful 3.28947368306e-103 0.00287046061026 1.26178734231e-52 9.14331378319e-31 1.46841815549e-103
