 0 1 2 3 4
above 1.5635893019e-103 0.00208859758371 3.935045839e-27 4.43283713593e-62 2.10668499009e-30
absence 0.0015582485551 2.08859758371e-103 2.33121359454e-62 3.20900862775e-103 1.96436157445e-103
absent 0.0015582485551 2.09688360448e-103 2.01917213922e-103 6.41818242363e-97 6.19416018948e-59
account 1.5582485551e-103 1.78221008237e-45 0.00198503398127 3.20900862775e-103 2.42650961769e-38
accuse 1.5582485551e-103 2.08859758371e-103 1.98503398127e-103 3.20900862775e-103 0.00196436157445
achieve 1.5582485551e-103 2.08859758371e-103 1.98503398127e-103 0.00320900862775 1.96436157445e-103
acquainted 1.5582485551e-103 2.08859758371e-103 1.98503398127e-103 0.00320900862775 1.96436157445e-103
act 4.53583979039e-99 0.00208859758371 4.05542899735e-81 3.20900862775e-103 1.96722763765e-103
actor 1.5582485551e-103 2.09260907885e-103 2.68563347399e-40 3.20900862775e-103 0.00196436157445
admitted 0.0015582485551 2.08859758371e-103 1.29195679665e-54 3.20900862775e-103 1.96436157445e-103
advantage 0.0015582485551 2.08859847699e-103 6.2860144369e-37 3.20900873899e-103 1.96436157445e-103
after 1.5582485551e-103 2.08859758371e-103 1.98503398127e-103 3.20900862775e-103 0.00196436157445
against 4.49700174835e-64 4.92066476543e-40 0.000980559528026 3.20900862986e-103 0.00885146002103
age 0.0015582485551 2.08864146695e-103 1.98631658661e-103 3.2096084806e-103 6.12927199438e-97
ah 1.5582485551e-103 2.08859758371e-103 1.98503398127e-103 3.20900862775e-103 0.0039287231489
aid 1.5582485551e-103 2.08859758371e-103 1.98503398127e-103 0.00320900862775 1.96436157445e-103
air 0.0015582485551 2.08859761996e-103 1.98503398127e-103 3.25038222493e-103 1.96436157445e-103
alack 1.5582485551e-103 2.08859758371e-103 1.98503398127e-103 3.20900862775e-103 0.00196436157445
alas 1.5582485551e-103 2.08859758371e-103 1.98503398127e-103 3.20900862775e-103 0.00196436157445
alien 0.0015582485551 2.08859758371e-103 1.98503398127e-103 3.20900862775e-103 1.96436157445e-103
alike 0.0015582485551 2.09291939218e-103 1.98503398127e-103 3.21662207004e-103 1.9644219893e-103
all 0.0154227558471 4.93205823192e-30 0.00130306252879 0.00641949280777 0.00283968633485
allayed 1.5582485551e-103 2.08859758371e-103 1.98503398127e-103 0.00320900862775 1.96436157445e-103
alone 1.30712292654e-75 0.00208859758371 1.66494695842e-65 0.00320900862775 1.97134961126e-103
alteration 2.94692509801e-51 2.08859758371e-103 0.00198503398127 3.20900862775e-103 1.96436157445e-103
altered 5.77033565219e-27 2.08859758371e-103 0.00198503398127 3.20900862775e-103 1.96436157445e-103
alters 1.56872562031e-103 0.00208859758371 1.98613072618e-103 3.20900862775e-103 1.96533555461e-103
am 0.00325844771182 2.09477254856e-09 0.00974433876149 3.3154958934e-103 2.01856438609e-103
amends 1.5582485551e-103 2.08859758371e-103 1.98503398127e-103 0.00320900862775 1.96436157445e-103
amis 1.5582485551e-103 2.08859758371e-103 1.98503398127e-103 0.00320900862775 1.96436157445e-103
amiss 1.5582485551e-103 2.08859758371e-103 1.98503398127e-103 0.00320900862775 1.96436157445e-103
an 1.55824876362e-103 1.67874632943e-26 0.00198503398127 3.20900862775e-103 2.34874047898e-103
and 0.0224279098842 1.52153849916e-19 0.000266499142487 3.22715225716e-103 0.0618238040519
angel 8.88411588236e-29 2.08860164506e-103 7.09288613728e-45 0.00320900862775 1.96436157445e-103
any 1.5582485551e-103 2.08859758371e-103 1.98503398127e-103 0.00320900862775 1.96436157445e-103
appearing 1.5582485551e-103 2.08859758371e-103 0.00198503398127 3.20900862775e-103 1.96436157445e-103
appetite 1.96698342892e-55 0.00208859758371 1.23782891423e-24 3.20900865824e-103 5.83580607118e-60
applying 1.5582485551e-103 2.08859758371e-103 1.98503398127e-103 3.20900862775e-103 0.00196436157445
are 0.00440645272721 0.00208056980677 0.0142257791758 0.00323950344982 7.51743603363e-17
argument 0.00311649711019 1.50751734546e-82 1.98503398127e-103 3.20900862775e-103 1.30760312994e-54
arrest 1.5582485551e-103 2.08859758371e-103 1.98503398127e-103 0.00320900862775 1.96436157445e-103
art 1.56780166416e-103 0.0128867520937 0.0035692547699 0.00331127098242 2.85760163885e-17
as 8.03145114354e-20 0.0181162655937 0.0103256894743 3.21999627623e-103 0.0198878652891
aside 1.5582485551e-103 2.08859758371e-103 1.98503398127e-103 0.00320900862775 1.96436157445e-103
asleep 1.5582485551e-103 2.08859758371e-103 1.98503398127e-103 0.00641801725551 1.96436157445e-103
at 1.56260418386e-103 0.00835439033485 1.71605220991e-20 5.55050301633e-83 1.45673412769e-26
aught 1.57587685024e-103 0.00208859758371 3.45615798713e-71 3.20900862775e-103 1.96880020606e-103
away 1.5582485551e-103 2.08859758371e-103 1.98503398127e-103 0.00320900862775 1.96436157445e-103
babe 0.0015582485551 2.08859762354e-103 1.98503955624e-103 3.25836640155e-103 1.96436157445e-103
bar 1.5582485551e-103 2.08859758371e-103 1.98503398127e-103 0.00320900862775 1.96436157445e-103
bare 0.0015582485551 2.08938188376e-103 1.98622417527e-103 3.22289024259e-103 1.96686170276e-103
barren 4.10011841478e-66 0.00208859758371 3.05428913644e-60 3.20900863128e-103 1.97054870123e-103
bars 1.5582485551e-103 2.08859758371e-103 1.98503398127e-103 0.00320900862775 1.96436157445e-103
base 1.5582485551e-103 0.00208859758371 1.98503398127e-103 3.20900862775e-103 2.34621706218e-103
bases 1.55824855833e-103 0.00208859758371 2.72399682537e-21 3.20900865826e-103 1.96436157452e-103
bastard 0.0015582485551 2.08859758371e-103 1.98503398127e-103 3.20900862775e-103 1.96449919153e-103
be 0.00408144277665 2.80482770882e-23 0.0239787723902 0.006501469769 0.00250449194913
bear 0.0015582485551 2.08859758371e-103 1.32426417074e-71 0.00320900862775 1.96436157445e-103
bearst 1.5588366309e-103 3.07493056251e-86 3.55942109316e-12 3.22049413936e-103 0.00196436157093
beauteous 0.00311649711008 2.08859758371e-103 1.4638813718e-13 3.20900862775e-103 1.96436157445e-103
beauties 0.0015582485551 2.08859758371e-103 5.48483110469e-56 3.20900862775e-103 1.96436157445e-103
beautiful 0.0015582485551 2.08859758371e-103 1.98503398127e-103 3.20900862775e-103 1.96436157445e-103
beauty 0.00950344098636 0.00605944641568 6.83206376259e-27 3.96344901992e-103 1.97774886211e-103
beautys 1.53672974711e-89 1.04702435956e-47 0.00198503398127 3.20900863567e-103 9.17213820726e-43
bed 1.5582485551e-103 0.00200945920192 1.98503398127e-103 0.00333060014539 1.9648073628e-103
been 0.0015582485551 2.08859758371e-103 1.98503398127e-103 0.00320900862775 2.01986593178e-103
befits 1.5582485551e-103 2.08859758371e-103 1.98503398127e-103 0.00320900862775 1.96436157445e-103
before 1.55824857458e-103 0.00207760824425 1.98503429742e-103 0.00322390595033 0.0019655779927
befriends 1.5582485551e-103 9.03111269884e-49 0.00198503398127 3.20900862775e-103 1.12668057737e-36
begins 0.0015582485551 2.08859758371e-103 1.98503398127e-103 3.20900862775e-103 1.96463676841e-103
behold 1.56900899883e-103 0.00208859758371 1.18083106379e-84 0.00641801725551 1.96759114226e-103
being 1.5582485551e-103 2.33657328788e-98 2.89220365322e-103 3.20900862775e-103 0.0039287231489
believe 0.00155824607135 1.09744927309e-45 3.16401772163e-09 1.97780679706e-100 5.14080329467e-36
beloved 1.5582485551e-103 3.89963529231e-26 0.00198086443037 3.20900863995e-103 4.12612865322e-06
bequest 1.61124098618e-103 0.00208859758371 2.19229480204e-103 3.20900862775e-103 1.97000703033e-103
beshrew 1.5582485551e-103 2.08859758371e-103 1.98503398127e-103 3.20900862775e-103 0.00196436157445
besiege 0.0015582485551 2.12383639449e-84 5.57508209009e-59 3.20900864517e-103 4.57827188634e-100
best 1.72516419169e-95 2.08859758371e-103 0.00198503398127 3.20900862775e-103 1.96436157445e-103
bestowst 1.5582485551e-103 2.08859758371e-103 1.98503398127e-103 0.00320900862775 1.96436157445e-103
better 0.00467474566529 8.03647788128e-26 1.73757050988e-29 3.22358434129e-103 3.17372164414e-82
betwixt 1.5582485551e-103 2.08859758371e-103 1.98503398127e-103 3.20900862775e-103 0.00196436157445
birth 0.0015582485551 2.08859759578e-103 1.98503398127e-103 3.22266615248e-103 1.96436157445e-103
black 0.003141791932 0.00205469368337 2.4107598564e-38 3.23259587448e-103 1.97440109176e-103
blame 1.5582485551e-103 2.08859758371e-103 1.98503398127e-103 0.00320900862775 1.96436157445e-103
blamed 1.5582485551e-103 5.60755760013e-16 0.00198437816195 2.80138145563e-59 6.48989538718e-07
blessed 1.5582485551e-103 2.08859758371e-103 0.00198503398127 3.20900862775e-103 1.96436157445e-103
blind 1.5582485551e-103 0.00208859758371 1.98503398127e-103 0.00320900862775 1.96496452253e-103
blood 0.00154481240221 0.00210660672375 1.00892779072e-60 1.84989728548e-43 1.96436157445e-103
bloody 1.55824864785e-103 0.00208859758371 1.98503521045e-103 1.13760981173e-51 1.96493896913e-103
blots 9.7202642797e-63 0.00208859758371 6.05985249377e-78 3.20900862775e-103 3.74685966373e-100
blunt 1.5582485551e-103 3.46797330142e-53 3.34460957157e-06 3.21744113165e-103 0.00196105179608
boast 4.07723593743e-40 0.00208859758371 2.81545158754e-32 2.86468538435e-42 7.78179839998e-23
body 5.41828750319e-52 0.00208859758371 2.48078488953e-53 3.20900862775e-103 2.00908201427e-103
bootless 0.0015582485551 2.08859758371e-103 9.72443164404e-60 3.20900862775e-103 1.96436157445e-103
bore 1.57346909059e-103 5.48285867658e-09 0.00198502877028 3.20900864849e-103 4.64877814102e-40
born 1.5582485551e-103 2.08859758371e-103 1.98503398127e-103 0.00320900862775 1.96436157445e-103
bosom 0.0015582485551 2.28091215839e-18 1.98503398127e-103 3.20900862775e-103 1.9934831131e-103
both 0.0015582485551 2.08859758371e-103 1.98503398127e-103 3.20900862775e-103 0.0039287231489
boughs 1.56098106881e-103 0.00208858717852 9.88925169775e-09 3.20900862775e-103 2.21936288163e-24
boundless 0.0015582485551 2.08859758371e-103 3.80363474618e-67 3.20900862775e-103 1.96436157445e-103
bow 1.5582485551e-103 2.08859758371e-103 1.98503398127e-103 0.00641801725551 1.96436157445e-103
brain 0.00156038996436 0.00194371388578 3.86901079422e-51 0.00342720404552 1.96495906352e-103
brand 1.5582485551e-103 0.00208859758371 2.00684496041e-103 4.48880571642e-44 1.96436157469e-103
brass 0.0015582485551 2.08859758371e-103 1.98503398127e-103 3.20900862775e-103 1.99318686626e-103
breasts 0.0015582485551 2.08859784656e-103 1.77115333582e-76 3.20900866049e-103 1.96436157445e-103
bright 0.0015582485551 2.08928145999e-103 1.98503398127e-103 3.2158121503e-103 1.96626492964e-103
bring 1.5582485551e-103 2.08859758371e-103 1.98503398127e-103 0.00320900862775 1.96436157445e-103
brings 1.5582485551e-103 2.08859758371e-103 0.00198503398127 3.20900862775e-103 1.96436157445e-103
broke 1.55995119968e-103 0.00208859758371 1.98568215225e-103 3.20900862775e-103 1.96500972814e-103
broken 1.5582485551e-103 2.08859758371e-103 1.98503398127e-103 0.00320900862775 1.96436157445e-103
brought 1.5582485551e-103 2.08859758371e-103 1.98503398127e-103 0.00320900862775 1.96436157445e-103
brow 1.5582485551e-103 2.08859758371e-103 1.98503398127e-103 0.00641801725551 1.96436157445e-103
budding 0.0015582485551 2.08859758371e-103 4.86309990434e-50 3.20900862775e-103 1.96436157445e-103
buds 0.0015582485551 2.08859762098e-103 2.00409683807e-103 3.20900863239e-103 1.96436157445e-103
but 2.49960142295e-41 0.00450845342435 0.00998953016559 8.26929310873e-90 0.0330189027342
by 0.00312626437133 0.00715734876139 0.00509531155225 3.20900864512e-103 1.01293829461e-58
call 1.5582485551e-103 5.22683489836e-11 1.44927138147e-10 0.00962702556866 0.00196436157445
called 6.72471306713e-60 2.08859758371e-103 0.00198503398127 3.20900862775e-103 1.96436157445e-103
calls 1.57585346399e-103 0.00208859758371 8.42501118515e-60 3.20900862775e-103 1.97927594636e-103
can 0.00224032579811 0.00951357134837 1.41587391911e-73 3.20900862775e-103 0.00197865246446
cannot 1.5582485551e-103 2.08859758371e-103 0.00198503398127 3.20900862775e-103 1.96436157445e-103
canopy 1.5582485551e-103 2.08859758371e-103 1.98503398127e-103 0.00320900862775 1.96436157445e-103
canst 1.5582485551e-103 2.08859758371e-103 1.98503398127e-103 3.20900862775e-103 0.00196436157445
care 1.5582485551e-103 0.00208859758371 1.98503398127e-103 3.21342980209e-103 2.292235249e-103
careful 0.00157451444866 3.92639541264e-47 1.98503398127e-103 3.20900862775e-103 0.0019438564399
case 1.56656364385e-103 0.00208859758371 1.98591690197e-103 3.22385691703e-103 1.96592835692e-103
cast 0.0015582485551 2.08859758371e-103 1.98503398127e-103 3.20900862775e-103 1.97217779954e-103
catch 1.5582485551e-103 2.08859758371e-103 1.98503398127e-103 0.00320900862775 1.96436157445e-103
centre 0.0015582485551 2.08859758371e-103 1.98503398127e-103 3.20900862775e-103 1.96436157447e-103
change 1.5582485551e-103 2.08859758371e-103 1.98503398127e-103 0.00320900862775 1.96436157445e-103
changing 1.56335331693e-29 1.24118119029e-68 0.00198503398127 3.20900862775e-103 2.01669334044e-103
character 0.00155650907766 2.0885975869e-103 1.98523057499e-103 0.00321259085352 1.96436157445e-103
charter 0.0015582485551 2.08859758428e-103 1.98503398132e-103 3.20900862775e-103 1.99318686626e-103
chaste 1.5582485551e-103 2.64081058442e-46 0.00198503398127 5.59268425007e-46 1.96436157445e-103
cheap 1.55824859897e-103 0.00208859758371 4.17718331522e-99 3.20900862779e-103 1.97030127984e-103
cheater 1.5582485551e-103 0.00208859758371 1.98506956842e-103 6.7583033183e-51 1.96436157448e-103
check 0.0015582485551 2.08862909789e-103 1.98878187362e-103 3.21063313362e-103 1.97416339206e-103
cheek 0.0015582485551 5.73889310223e-58 1.98503398127e-103 2.78915363316e-91 1.96436157459e-103
chide 1.5582485551e-103 2.08859758371e-103 1.98503398127e-103 0.00320900862775 1.96436157445e-103
chief 1.5582485551e-103 2.08859758371e-103 1.98503398127e-103 0.00320900862775 1.96436157445e-103
child 9.98778119131e-51 0.00208859758371 5.97073393935e-24 3.20900865136e-103 1.97031000146e-103
chronicle 0.0015582485551 2.08859758371e-103 1.98503398127e-103 3.20900862775e-103 1.96955404822e-103
clock 1.5582485551e-103 0.00208859758371 1.47816853567e-73 4.92625692294e-32 1.96445608459e-103
clouds 1.5582485551e-103 2.09178698499e-103 4.00975670928e-35 3.20900862775e-103 0.0039287231489
cold 1.5582485551e-103 2.08859758371e-103 1.98503398127e-103 0.00641801725551 1.96436157445e-103
come 0.0015582485398 5.66500170649e-86 2.60615597074e-75 0.006418017287 1.97023596724e-103
comfort 0.0015582485551 2.09498417346e-103 1.98914085708e-103 3.20900862799e-103 1.96436157445e-103
coming 1.55824855537e-103 0.00208859758371 1.98503400285e-103 1.43855486577e-57 2.81140253059e-103
commits 1.5582485551e-103 2.08859758371e-103 1.98503398127e-103 0.00320900862775 1.96436157445e-103
compare 7.39196562092e-71 0.00417719516742 1.78303888358e-33 4.49761776049e-89 1.99453531405e-103
confess 1.55984329089e-103 0.00208859758371 2.65685462505e-40 1.48971560332e-60 9.27358562176e-44
confessed 3.44532302817e-53 0.00208859758371 1.32814082611e-75 3.25669479127e-89 1.98531505276e-103
confine 1.55824855534e-103 6.71339987723e-94 9.60094457377e-05 3.21209843956e-103 0.0018693519838
conscience 3.786957001e-21 2.08859758371e-103 0.00198503398127 3.20900862775e-103 1.96436157445e-103
consider 0.0015582485551 2.08859758371e-103 1.98503398127e-103 3.20900862775e-103 1.99318686626e-103
contented 1.56752765128e-103 0.00208155419799 0.00199172811905 1.87829900091e-38 1.96437620692e-103
contents 1.5582485551e-103 2.08859758371e-103 1.98503398127e-103 0.00320900862775 1.96436157445e-103
control 1.5582485551e-103 2.08859758371e-103 1.98503398127e-103 0.00320900862775 1.96436157445e-103
count 1.50345083168e-50 2.49371480698e-33 0.00198503398127 3.29552950704e-103 3.94627259063e-38
counted 0.0015582485551 2.08859758371e-103 4.51485414263e-53 3.20900862775e-103 1.96436157445e-103
crave 1.5582485551e-103 2.08859758371e-103 1.98503398127e-103 0.00320900862775 1.96436157445e-103
creatures 1.5582485551e-103 1.55563559354e-98 1.45160341735e-13 3.20900862775e-103 0.0019643615743
cries 1.5582485551e-103 2.08859758371e-103 1.98503398127e-103 0.00320900862775 1.96436157445e-103
crowned 2.01890074562e-15 0.00208859758371 9.10361085323e-66 3.20900862775e-103 1.98970764258e-103
cruel 1.56169713428e-103 1.39165972978e-50 1.34606680859e-22 8.96324809816e-99 0.0039287231489
cry 1.5582485551e-103 2.08859758371e-103 1.98503398127e-103 0.00320900862775 1.96436157445e-103
cupid 1.5582485551e-103 2.08859758371e-103 1.98503398127e-103 3.20900862775e-103 0.00196436157445
dark 6.08744442533e-74 0.00208859758371 2.77442413899e-57 3.20900862786e-103 1.97843287302e-103
darling 0.0015582485551 2.08859758371e-103 1.98503398127e-103 3.20900862775e-103 1.96438954745e-103
day 1.5582485551e-103 2.08859758371e-103 1.98503398127e-103 0.00962702588326 1.96436157445e-103
days 0.00143253047034 3.05121203634e-06 0.0041273187927 3.20900862775e-103 1.98893323023e-103
dead 1.5582485551e-103 2.08859758371e-103 1.98503398127e-103 0.00320900862775 1.96436157445e-103
deaf 0.0015582485551 2.08859758371e-103 1.98503398127e-103 3.20900862775e-103 1.96436157445e-103
dear 0.00532042074977 0.00303898585176 0.000118038515695 0.00343729657643 1.97390108676e-103
dearest 1.56944795878e-103 8.31522231791e-54 0.00397006796255 9.74255595059e-65 1.97050884091e-103
dearth 1.5582485551e-103 2.08859758371e-103 1.98503398127e-103 0.00320900862775 1.96436157445e-103
death 0.00306941523838 6.34502838419e-45 0.00204501100813 3.20920114348e-103 1.55505536248e-48
decay 1.5582485551e-103 2.08859758371e-103 1.98503398127e-103 0.00320900862775 1.96436157445e-103
decayed 1.5582485551e-103 2.08859758371e-103 1.98503398127e-103 0.00320900862775 1.96436157445e-103
decease 1.5582485551e-103 2.08859758371e-103 1.98503398127e-103 0.00320900862775 1.96436157445e-103
decrepit 1.57648935262e-103 0.00208859758371 5.40246519517e-66 3.20900862775e-103 1.96939775002e-103
dedicated 1.57608974039e-103 0.00208859758371 4.19893122338e-56 3.20900862775e-103 1.98292603752e-103
deem 1.5582485551e-103 2.08859758371e-103 1.98503398127e-103 0.00320900862775 1.96436157445e-103
deemed 1.5582485551e-103 2.08859758371e-103 1.98503398127e-103 0.00320900862775 1.96436157445e-103
deface 1.5582485551e-103 2.08859758371e-103 1.98503398127e-103 0.00320900862775 1.96436157445e-103
defaced 1.5582485551e-103 2.08859758371e-103 1.98503398127e-103 0.00320900862775 1.96436157445e-103
defect 1.5582485551e-103 2.08859758371e-103 1.98503398127e-103 0.00320900862775 1.96436157445e-103
delight 1.5582485551e-103 2.08859758371e-103 1.98503398127e-103 0.00320900862775 1.96436157445e-103
deny 1.5582485551e-103 0.00208859758371 1.35906890756e-25 3.20900863354e-103 1.85974047411e-23
depart 1.5582485551e-103 2.08859758371e-103 1.98503398127e-103 0.00320900862775 1.96436157445e-103
depends 1.5582485551e-103 2.08859758371e-103 1.98503398127e-103 0.00320900862775 1.96436157445e-103
desire 1.55830706485e-103 3.24045824978e-39 0.00396130745833 0.00322317087076 7.18461846642e-61
despair 1.5582485551e-103 2.08859758371e-103 1.98503398127e-103 0.00320900862775 1.96436157445e-103
despise 1.5582485551e-103 2.08859758371e-103 1.98503398127e-103 0.00320900862775 1.96436157445e-103
despite 0.0015582485551 2.08859758371e-103 1.98503398127e-103 3.20900862775e-103 1.96463676841e-103
devouring 1.5582485551e-103 2.08859758371e-103 1.98503398127e-103 3.20900862775e-103 0.00196436157445
did 0.00315287653853 7.73270426452e-19 0.011863860574 3.20900862842e-103 2.02098855753e-65
didst 1.56506658643e-103 0.00417719516742 7.39597216784e-87 2.60184857404e-80 1.96922170828e-103
die 1.5582485551e-103 2.08859758371e-103 1.98503398127e-103 0.00320900862775 1.96436157445e-103
disgrace 0.0015582485551 2.09467269342e-103 1.98503398127e-103 3.21248615968e-103 5.40127858061e-43
dispatch 1.5582485551e-103 2.08859758371e-103 1.98503398127e-103 0.00320900862775 1.96436157445e-103
disposed 1.55827475433e-103 0.00208859758371 6.45720282829e-28 1.91583718637e-77 1.96941791655e-103
do 0.0145458512056 0.00935660517022 0.00565314559628 3.6806738302e-66 0.00262737670448
done 1.5582485551e-103 2.08859758371e-103 1.98503398127e-103 0.00320900862775 1.96436157445e-103
dost 1.57416670978e-103 0.00649234655595 7.07013355998e-15 3.20911648945e-103 0.00371564543962
doth 0.00296652275866 6.06158020914e-83 0.00677180070559 3.21109227302e-103 0.0111670367806
doting 2.96880110323e-36 2.08859758371e-103 0.00198503398127 3.20900862775e-103 1.96436157445e-103
down 0.0015582485551 2.08859758371e-103 0.00198503398127 3.20900862775e-103 1.99318686626e-103
drained 0.0015582485551 1.24276224852e-15 4.67123259908e-62 3.20900863264e-103 2.01470291396e-103
dreams 0.0015582485551 2.08859761135e-103 1.98860962952e-103 3.24121567869e-103 1.96436158252e-103
drunk 0.0015582485551 2.08859758371e-103 1.98503398127e-103 3.20900862775e-103 2.00906960712e-103
due 1.5582485551e-103 2.08859758371e-103 1.98503398127e-103 0.00320900862775 1.96436157445e-103
dull 1.55824876694e-103 3.4303509415e-47 0.00198503398127 2.00849328398e-33 1.98766197854e-103
dun 1.5582485551e-103 2.08859758371e-103 1.98503398127e-103 0.00320900862775 1.96436157445e-103
each 1.5582485551e-103 2.08859758371e-103 1.98503398127e-103 3.20900862775e-103 0.00196436157445
earth 0.0015582485551 2.08859758371e-103 1.98503398127e-103 0.00320900862775 1.96436157445e-103
eased 4.58197265329e-73 0.00208859758342 2.81151107062e-13 3.20900865152e-103 3.14133879539e-61
easy 2.53218613989e-31 1.62320054216e-13 0.00198503398112 3.20900862775e-103 2.28740718421e-103
eclipses 0.0015582485551 2.08859758371e-103 1.98503398127e-103 3.20900862775e-103 1.96523472117e-103
embassage 1.5582485551e-103 2.08859758371e-103 1.98503398127e-103 0.00320900862775 1.96436157445e-103
end 1.5582485551e-103 9.50189335064e-88 1.82406940491e-12 3.20900862775e-103 0.00196436157264
endeared 0.0015582485551 2.08968242727e-103 1.98941834044e-103 3.21419827525e-103 1.96637234541e-103
enough 0.00158263163379 8.93419361816e-16 0.00195397267233 1.68119132334e-92 9.89322852688e-45
epitaph 1.55833396682e-103 0.00208859758371 1.46218307851e-22 3.20900865821e-103 1.96436972222e-103
esteemed 1.5582485551e-103 2.08859758371e-103 1.98503398127e-103 0.00320900862775 1.96436157445e-103
esteeming 1.5582485551e-103 2.08859758371e-103 1.98503398127e-103 0.00320900862775 1.96436157445e-103
eternity 1.5582485551e-103 2.08859758371e-103 1.98503398127e-103 0.00320900862775 1.96436157445e-103
ever 3.33450202593e-92 2.26742463018e-49 0.00397006796255 3.20900862775e-103 2.00162278645e-17
every 0.00934949133058 2.08859758371e-103 2.00573181252e-103 3.20900862775e-103 1.97662485335e-103
evil 5.56661620019e-36 2.08859758371e-103 0.00198503398127 3.20900862775e-103 1.96436157445e-103
exceed 1.5582485551e-103 2.08859758371e-103 1.98503398127e-103 0.00320900862775 1.96436157445e-103
excellent 1.5582485551e-103 2.08859758371e-103 1.98503398127e-103 0.00320900862775 1.96436157445e-103
excuse 8.08128417652e-79 4.08707262024e-40 0.00198503398127 3.21316922219e-103 2.9512880633e-40
expense 0.0015582485551 2.08859758371e-103 1.98503398127e-103 3.20900862775e-103 1.99318686626e-103
express 1.5582485551e-103 2.08859758371e-103 1.98503398127e-103 0.00320900862775 1.96436157445e-103
eye 7.75362867314e-16 0.0187135914618 1.71596379806e-63 0.00654675078432 5.04058863665e-84
eyes 2.00331022761e-48 0.000542766369411 0.00477385945912 0.00962729672437 0.00262265564278
face 1.77390041975e-96 0.00626579275113 4.906708497e-39 3.21071894011e-103 1.9797024061e-103
faint 6.50465221425e-40 0.00208859758371 1.98663074992e-103 3.20900862775e-103 1.97245426995e-103
fair 0.00102354721248 0.0046194478636 2.40052193225e-15 0.00683966904851 2.03803270353e-103
fairer 1.57071642281e-103 0.00208851066959 8.26044616827e-08 1.47340104731e-80 1.00967730552e-59
fairest 1.5582485551e-103 0.00208859758371 1.98503398129e-103 3.20900862775e-103 1.96496452253e-103
faith 0.00107318808443 6.26480936363e-25 0.00260294664617 3.20900862775e-103 2.06143264212e-103
false 0.0015582485551 2.11773695829e-103 2.00655971724e-103 3.20900863235e-103 1.96468121142e-103
famished 5.92819689684e-25 0.00208859758371 8.71142373634e-41 3.20900863692e-103 1.72870052279e-84
fangled 1.5582485551e-103 2.08859758371e-103 0.00198503398127 3.20900862775e-103 1.96436157445e-103
farewell 1.5582485551e-103 2.08859758371e-103 1.98503398127e-103 3.20900862775e-103 0.00196436157445
fast 1.5693137303e-103 0.00417719516742 4.92825652403e-62 3.20900862973e-103 1.97465254838e-103
father 1.5582485551e-103 1.98045855579e-45 0.00198503398127 3.20900862775e-103 1.30288951353e-40
fault 3.89379002111e-32 0.00202164075641 3.79867476966e-66 0.00331188389592 1.97481073856e-103
faults 0.0015582485551 2.08859758371e-103 1.98503398127e-103 3.20900862775e-103 1.9931868644e-103
favour 0.0015582485551 2.11317231232e-103 1.98503398127e-103 3.21219908616e-103 4.8063666813e-86
fear 0.0015582485551 1.6315484284e-32 1.98503398127e-103 2.65890313236e-96 1.96956003726e-103
fears 1.56515570237e-103 0.00417719515694 5.88974297835e-13 0.00320900864292 1.80499892397e-63
feeding 9.66022783563e-39 6.95849374542e-45 1.46491603756e-13 3.20900863194e-103 0.00392872314875
fell 9.30343520953e-38 3.47421700423e-22 0.00595510194382 3.2090086452e-103 1.96436157445e-103
felt 1.55830205312e-103 0.00208859758371 1.99251956612e-103 1.6773226721e-91 1.9657962352e-103
fever 1.55927374304e-103 1.98907691486e-18 0.00198503398127 3.2090086349e-103 1.24767991387e-44
fierce 0.00311649711019 2.08859758371e-103 1.98503398127e-103 3.20900862775e-103 1.96549605935e-103
fight 1.5582485551e-103 2.08859758371e-103 1.98503398127e-103 0.00320900862775 1.96436157445e-103
fill 1.5582485551e-103 2.08859758371e-103 1.98503398127e-103 0.00320900862775 1.96436157445e-103
filled 0.0015582485551 8.61914118512e-84 7.54617841043e-91 3.20900864191e-103 1.9647980625e-103
finds 1.5582485551e-103 2.08859758371e-103 1.98503398127e-103 0.00320900862775 1.96436157445e-103
fingers 1.57499416976e-103 0.00208859758371 1.9957292949e-103 6.6097048894e-71 2.01365576209e-103
fire 1.5582485551e-103 0.00208859756386 1.21750647061e-15 0.00320900865826 1.96436157445e-103
first 1.57031291133e-103 0.00417719516742 8.14527000594e-33 3.20900864091e-103 1.97336859628e-103
fled 1.5582485551e-103 2.08859758371e-103 1.98503398127e-103 0.00641801725551 1.96436157445e-103
flesh 1.5582485551e-103 0.00208859758371 1.15279567733e-16 3.20900865826e-103 1.96436157445e-103
food 5.64132423936e-98 0.00208859758371 5.52091089523e-39 3.20900863599e-103 1.98015681434e-103
fool 1.5582485551e-103 6.38854014211e-102 5.04247539437e-15 3.20900862775e-103 0.00196436157444
for 0.0164703720876 7.09427908699e-56 0.00524860595609 6.76054865899e-91 0.0113660190661
forbid 1.92511900252e-85 0.00208859758371 4.70209441686e-21 6.20577200698e-52 3.98868868605e-19
force 0.0015582485551 1.52346738382e-59 6.03136927208e-51 7.36397570099e-87 1.96436158008e-103
forfeit 1.5582485551e-103 0.00208859758371 1.79739793812e-81 4.29651079972e-59 1.96784537572e-103
forget 0.0015582485551 1.52598621454e-74 8.27096828518e-38 3.2090086863e-103 1.97342506743e-103
forgetst 1.56237026063e-103 5.0429757883e-25 0.00198503398127 3.20900863467e-103 4.95480218454e-29
forgot 1.5582485551e-103 2.08859758371e-103 1.98503398127e-103 0.00320900862775 0.00196436157445
forsake 1.5582485551e-103 3.57357694792e-75 4.72864675727e-10 3.20900862775e-103 0.00196436110651
forsworn 1.5582485551e-103 2.08859758371e-103 1.98503398127e-103 0.00320900862775 1.96436157445e-103
forth 1.5582485551e-103 2.08859758371e-103 1.98503398127e-103 0.00320900862775 1.96436157445e-103
fortify 1.57518306728e-103 0.00208859758371 2.33681585315e-67 3.20900862775e-103 1.96908310554e-103
fortune 0.00779124277548 2.11336588768e-103 1.56380305699e-54 5.23413743902e-59 2.02871510386e-103
fortunes 1.5767124164e-103 7.71018119948e-35 0.00198503398127 3.20900863423e-103 3.16315717246e-45
forty 0.0015582485551 2.08859758371e-103 1.98503398127e-103 3.20900862775e-103 1.99318686626e-103
found 1.5582485551e-103 4.76885535348e-91 3.09783823147e-47 3.20900862775e-103 0.0039287231489
frame 1.55824861395e-103 4.92517846364e-41 0.00191223402324 0.00332669713869 1.97496932909e-103
freezings 1.56144171577e-103 0.00208859758371 2.02044678607e-103 3.20900862775e-103 1.96601386823e-103
fresh 1.56042954638e-103 1.35577333028e-19 0.00397006796255 3.21328494705e-103 4.26581041664e-18
friend 1.55912387345e-103 5.49754367914e-102 4.83269944075e-22 3.21252741461e-103 0.00196436157445
from 0.00139642770462 1.91437464365e-06 3.40103955369e-51 3.21001990883e-103 0.0139527253566
full 1.55824856524e-103 2.97738825592e-28 6.80830232573e-08 3.2119715152e-103 0.0078573789238
function 1.5582485551e-103 0.00208859758371 1.99007255897e-103 5.63659280501e-43 1.96436157446e-103
furrows 1.5582485551e-103 2.08859758371e-103 0.00198503398127 3.20900862775e-103 1.96436157445e-103
fury 0.0015582485551 2.11088748073e-103 4.76735151987e-87 3.21373528025e-103 2.02697765906e-103
garments 1.53058967732e-64 2.08860076873e-103 5.15046077552e-88 0.00320900862775 1.96436157445e-103
gazed 0.0015582485551 2.08859758371e-103 1.98503398127e-103 3.20900862775e-103 1.96436157445e-103
gentle 1.56712581013e-103 1.92626036521e-13 0.00595510194364 3.21449925688e-103 1.38467881978e-22
gently 1.5593727281e-103 2.08859758371e-103 0.00198503398127 3.20900862775e-103 1.96436157445e-103
gift 1.56593609147e-103 0.00208859758371 2.55035662986e-89 3.20900862775e-103 1.96694209546e-103
gilded 0.0015582485551 2.08859758371e-103 8.1934288542e-53 3.20900862775e-103 1.96436157445e-103
give 0.00156170124966 0.00206511053705 1.12422823578e-32 5.35345652219e-72 0.00198209900069
gives 0.00154727913744 8.40048892028e-46 0.00199900778971 3.20900863116e-103 2.6308432118e-17
gladly 1.5582485551e-103 2.08859758371e-103 1.98503398127e-103 0.00320900862775 1.96436157445e-103
glance 6.42665331215e-76 2.08859758371e-103 0.00198503398127 3.20900862775e-103 1.96436157445e-103
glass 0.00115813071419 0.00471349289283 1.01446814707e-80 1.16381088802e-80 2.01014629227e-103
glorious 1.55824856834e-103 2.09498688818e-103 1.049070645e-17 3.21287772244e-103 0.00196436157445
glory 0.0015582485551 4.1053541548e-44 1.98503398127e-103 3.20900862775e-103 1.99333870028e-103
god 0.00155824895167 0.00208859705217 7.46056984521e-16 3.20900862775e-103 2.81140280575e-103
goes 1.57467645374e-59 2.08859758371e-103 0.00198503398127 3.20900862775e-103 1.96436157445e-103
golden 0.00155783148324 2.10283474591e-103 5.97913340974e-06 1.49006749617e-102 0.00195897047827
gone 1.5582485551e-103 0.00208859758371 1.98503398127e-103 2.45024324314e-54 1.99307111953e-103
good 1.5582485551e-103 0.00208859758371 5.78197208382e-34 1.58865955938e-67 1.96436157445e-103
gored 1.5582485551e-103 2.08859758371e-103 1.98503398127e-103 3.20900862775e-103 0.00196436157445
got 0.0015582485551 2.08859768393e-103 1.86942172967e-97 3.20900864023e-103 1.96436157445e-103
grace 9.83330248068e-11 0.00208859745191 1.98503398127e-103 3.20900862775e-103 1.98418766204e-103
gracious 2.0116476001e-25 1.51057627991e-55 0.00397006796255 2.01934011978e-65 1.97926264962e-103
grant 1.5582485551e-103 2.08859758371e-103 1.98503398127e-103 3.20900862775e-103 0.0039287231489
great 1.5582485551e-103 2.09303503221e-103 0.00397006795751 3.20900862775e-103 4.98338001097e-12
green 1.5582485551e-103 2.08859758371e-103 1.98503398127e-103 0.00320900862775 1.96436157445e-103
grief 1.5582485551e-103 2.08859758371e-103 1.98503398127e-103 0.00320900862775 1.96436157445e-103
grieved 1.55824864744e-103 6.46902494106e-31 0.00198503398127 9.32824677221e-34 5.3441480011e-72
groan 1.5582485551e-103 2.08859758371e-103 1.98503398127e-103 0.00320900862775 1.96436157445e-103
grows 1.5582485551e-103 2.08859758371e-103 1.98503398127e-103 0.00320900862775 1.96436157445e-103
growst 1.5582485551e-103 2.08859758371e-103 1.98503398127e-103 0.00320900862775 1.96436157445e-103
halt 1.5582485551e-103 2.08859758371e-103 1.98503398127e-103 0.00320900862775 1.96436157445e-103
hand 1.55824855661e-103 1.84994866228e-28 0.00992516990637 1.17516780345e-83 1.9687433863e-103
hap 0.0015582485551 2.17392123434e-54 7.12417183072e-40 3.20900871176e-103 1.96436157445e-103
happy 0.0015582485551 2.08859758371e-103 2.11290966657e-69 3.20900862775e-103 1.96436157445e-103
hast 3.11249032793e-82 6.05397282622e-14 0.00563509604679 3.25253087504e-103 0.00228103488763
haste 1.58900495938e-103 2.32115958149e-05 0.00394800731917 4.91658928231e-75 4.80684455683e-73
hate 1.5987265293e-103 0.00208855381111 4.16021273202e-08 0.00641801725551 2.63153136011e-103
hath 0.0134103664566 2.14231934935e-103 1.9985072607e-103 3.21428524754e-103 0.0047025815267
have 1.39563747326e-40 0.00387704105212 0.00645256239794 7.28496912485e-74 0.0213979975378
he 0.00261021566965 0.000260327989671 0.00238256021667 3.21297107728e-103 1.18068421704e-12
head 1.5582485551e-103 2.08859758371e-103 1.98503398127e-103 0.00641801725551 1.96436157445e-103
hear 1.55889429253e-103 0.00208859758371 1.98797872295e-103 3.46972067135e-44 1.96562722397e-103
hearst 1.57440920762e-103 0.00208859758371 1.0292626313e-47 3.20900862775e-103 2.01107254724e-103
heart 2.7755482464e-103 0.0145124644825 4.61759580229e-35 0.00658352062033 1.71956361369e-67
hearts 1.5582485551e-103 2.08859758371e-103 1.98503398127e-103 0.00320900862775 1.96436157445e-103
heaven 0.00467474566529 2.15399653545e-103 1.99157309366e-103 3.21054953766e-103 1.97416816084e-103
heavy 0.0015582485551 1.07531967877e-64 1.98503398127e-103 3.20900862775e-103 1.99324745616e-103
heir 1.5582485551e-103 2.08859758371e-103 1.98503398127e-103 0.00320900862775 1.96436157445e-103
held 1.5582485551e-103 2.08859758371e-103 1.98503398127e-103 0.00320900862775 1.96436157445e-103
hence 1.5730165325e-103 0.00208859758371 2.02933823407e-72 3.20900862775e-103 1.96856024735e-103
her 0.00934949133058 3.40439965273e-73 3.05754968313e-48 3.21721476104e-103 1.9714639087e-103
here 1.5582485551e-103 2.09504786638e-103 2.31121038406e-98 3.20900862775e-103 0.00196436157445
him 0.0015582485551 2.08859758371e-103 1.98503398127e-103 3.20900862775e-103 1.97580026702e-103
his 0.00776815734835 9.19708609413e-12 0.00995457814394 2.45527104351e-74 7.08612502061e-26
hold 0.00311649711019 2.08859758371e-103 8.7182783317e-73 3.20900862775e-103 1.96978601522e-103
holds 0.0015582485551 2.08859758371e-103 1.98503398127e-103 3.20900862775e-103 1.96436157445e-103
homage 1.58116659487e-103 0.00208859758371 1.8693284411e-67 3.20900862775e-103 1.96947972147e-103
hopes 1.58920059028e-103 0.00417719516742 3.00038773994e-85 8.76035531782e-74 1.96733716055e-103
hour 0.0015582485551 2.08859758371e-103 7.82760880666e-71 3.20900862775e-103 1.96436157445e-103
hours 1.56118329304e-103 0.00626579275113 1.65403053926e-45 3.20900863792e-103 1.96608084685e-103
how 0.00154884459275 2.09090455801e-103 1.98503398127e-103 3.23003587133e-103 0.0216198321557
huge 2.55072899871e-81 2.09658325272e-103 0.00198503398127 3.21626498913e-103 8.75313721715e-101
hurt 9.47371465983e-50 0.00208859758371 1.98562981446e-103 4.04595994257e-54 1.96848510879e-103
huswife 0.0015582485551 2.08859758371e-103 1.98503398127e-103 3.20900862775e-103 1.99247170569e-103
idle 1.57547935476e-103 0.00208859758371 1.20391043071e-52 3.20900862939e-103 1.97454732009e-103
idolatry 1.5582485551e-103 2.08859758371e-103 1.98503398127e-103 0.00320900862775 1.96436157445e-103
if 1.56229924561e-103 0.0102711562385 3.23516142061e-29 3.20900863958e-103 0.0139121416408
ill 7.59329956258e-17 2.1040931171e-103 0.00394795248225 0.00966277779872 2.40620036943e-32
image 2.44924192073e-65 0.00208859758371 3.56161356677e-27 3.22627958911e-103 1.97232258608e-103
immured 2.30024278013e-103 0.00208859758371 2.04871644858e-15 1.51401968245e-56 2.00609032115e-103
impression 1.55983825421e-103 2.08859758371e-103 0.00198503398127 3.20900862775e-103 1.96436157445e-103
imprint 1.5582485551e-103 2.08859758371e-103 1.98503398127e-103 3.20900862775e-103 0.00196436157445
in 0.0312180035129 0.0161943133839 1.60755168787e-34 3.21076666764e-103 0.0141675424639
increase 1.5582485551e-103 2.08859758371e-103 1.98503398127e-103 0.00320900862775 1.96436157445e-103
infection 1.59850895339e-103 0.00208859758371 3.71442921768e-20 3.21402059652e-103 3.32716528127e-72
inhearse 1.5582485551e-103 2.08859758371e-103 1.98503398127e-103 0.00320900862775 1.96436157445e-103
ink 1.54540570634e-44 0.00208859758371 2.78506892522e-50 3.20900863142e-103 1.0672138888e-102
interest 1.5582485551e-103 2.08859758371e-103 1.98503398127e-103 0.00320900862775 1.96436157445e-103
invent 1.5582485551e-103 2.08859758371e-103 1.98503398127e-103 0.00320900862775 1.96436157445e-103
invention 0.0015582485551 2.08859758371e-103 1.98503398127e-103 3.20900862775e-103 1.96436157445e-103
invoked 0.0015582485551 5.61736207321e-64 1.23615358317e-83 3.21038272638e-103 2.01505052997e-103
is 0.0232906617613 0.0128857790309 0.0125278207567 0.00661635205757 0.0206469742409
issueless 0.0015582485551 2.08859758372e-103 1.98503398127e-103 3.20900862775e-103 1.45513367559e-32
ist 1.5582485551e-103 2.08859758371e-103 1.98503398127e-103 3.20900862775e-103 0.00196436157445
it 0.00955161448628 0.00731375400418 0.00668665583469 1.7088568225e-56 1.51669241343e-20
jaws 1.5582485551e-103 2.08859758371e-103 1.98503398127e-103 0.00320900862775 1.96436157445e-103
join 1.5582485551e-103 2.08859758371e-103 1.98503398127e-103 3.20900862775e-103 0.00196436157445
jollity 1.5582485551e-103 2.08859758371e-103 1.98503398127e-103 0.00320900862775 1.96436157445e-103
journey 0.00311649711019 2.08873529607e-103 2.00533025083e-103 3.22348215711e-103 1.96436158465e-103
judgement 0.0015582485551 2.08859758371e-103 8.04445296166e-54 3.20900862775e-103 1.96436157445e-103
judgment 0.00311649690078 2.08859758371e-103 2.66769581672e-10 3.20900862775e-103 1.96436234134e-103
just 1.5582485551e-103 0.00208859758371 1.98503398127e-103 2.11071966182e-31 1.96462583601e-103
justify 1.58718641569e-103 0.00208859758371 6.52540019189e-21 3.20900865673e-103 1.96735950506e-103
keen 1.55824876742e-103 3.57881558468e-47 0.0018857342324 0.00336953673653 1.98771615542e-103
keep 1.5582485551e-103 2.08859758371e-103 0.00198503398127 0.00320900862775 1.96436157445e-103
key 1.5582485551e-103 2.08859758371e-103 1.98503398127e-103 0.00320900862775 1.96436157445e-103
kindling 1.55824891329e-103 2.09656399536e-103 0.00198503398127 5.0269211625e-66 5.42842141287e-18
kissing 1.5582485551e-103 2.08859758371e-103 1.98503398127e-103 3.20900862775e-103 0.00196436157445
knew 0.0015582485551 2.08859761417e-103 1.98503398127e-103 3.2409089271e-103 1.96436157445e-103
know 1.55832275169e-103 0.00417719516742 3.62596244942e-25 6.21742856218e-56 1.97215932552e-103
knows 0.00311649711019 2.08909363958e-103 9.85155425393e-49 7.7539170939e-51 1.96784486103e-103
knowst 1.56436002668e-103 0.00417719510833 5.61654423309e-11 3.2162971463e-103 2.71425236715e-57
labouring 0.0015582485551 1.04149005589e-30 1.98503398127e-103 3.20900862775e-103 1.99341826041e-103
lack 0.0015582485551 2.08859758371e-103 1.98503398127e-103 3.20900862775e-103 1.96633572863e-103
laid 1.5899318495e-103 0.00417719516742 1.6465398423e-48 3.20900862775e-103 2.0020545613e-103
lame 1.57029991194e-103 2.24038475454e-73 2.59314379759e-07 3.21258255344e-103 0.0019641049606
lameness 0.0015582485551 2.14555942433e-103 1.98503398127e-103 3.72921891531e-103 1.96436157445e-103
languished 0.0015582485551 5.51735996701e-27 1.98503398127e-103 3.21598496354e-103 1.12401373263e-70
league 1.5582485551e-103 7.02136179342e-45 0.00198503391463 3.20900862775e-103 6.59536093182e-11
lease 0.0015582485551 2.08859758371e-103 1.98503398127e-103 3.20900862775e-103 1.96437621348e-103
leaves 1.5582485551e-103 6.72573757514e-39 0.00198503398127 3.20900862775e-103 1.37782541143e-31
left 4.22270819771e-99 0.00208859758371 4.2970044982e-24 3.20900862775e-103 2.16951236175e-103
lend 1.5582485551e-103 0.00205871895873 1.77387137727e-16 0.00325491539606 1.96436157445e-103
less 1.5582485551e-103 2.08859758371e-103 1.98503398127e-103 0.00320900862775 1.96436157445e-103
lest 1.5582485551e-103 2.08859758371e-103 1.98503398127e-103 3.20900862775e-103 0.0039287231489
let 1.57713139828e-103 0.00308008567521 1.50714393492e-24 3.20900862775e-103 0.00888929644752
liberty 0.0015582485551 2.08859758371e-103 5.1000443052e-67 3.20900862775e-103 1.96436157445e-103
lie 1.07526053901e-76 0.00207401192815 1.15625747478e-34 0.00323141863861 1.9671673037e-103
lies 1.5582485551e-103 2.08859758371e-103 1.98503398127e-103 0.00320900862775 1.96436157445e-103
life 0.00386650366321 0.00317192428837 1.03658085075e-24 0.00320900864785 1.98168109088e-103
light 1.5582485551e-103 2.08859758371e-103 1.98503398127e-103 0.00641801725551 1.96436157445e-103
like 0.00153141729474 0.0020625831525 4.52619399312e-18 3.20900865552e-103 0.00398701422691
line 0.0015582485551 2.0898993079e-103 2.14806630439e-89 3.20900864075e-103 1.97167106154e-103
lines 1.56349526677e-103 0.00208859758371 2.00120084105e-103 3.20900862775e-103 1.96614583117e-103
lions 1.01634721975e-68 2.08859758371e-103 0.00198503398127 3.20900862775e-103 1.96436157445e-103
lips 1.56291698948e-103 0.00208859758371 1.99902907731e-103 3.20900862775e-103 1.96590951574e-103
little 0.0015582485551 1.02718847343e-66 1.98503398127e-103 3.20900862775e-103 1.99324580442e-103
live 1.57376563641e-103 1.45694670188e-15 0.00396728257432 0.00321351149013 1.4948359044e-43
livery 0.0015582485551 2.08859767521e-103 1.98503398127e-103 1.53435866323e-80 1.96436159124e-103
lo 1.5582485551e-103 2.08859758371e-103 1.98503398127e-103 3.20900862775e-103 0.0039287231489
lofty 1.5582485551e-103 0.00208859758371 1.98503398127e-103 6.7719071658e-42 1.9643615779e-103
long 1.5582485551e-103 2.08859758371e-103 1.98503398127e-103 0.00320900862775 1.96436157445e-103
longer 0.00311649711019 2.08859758371e-103 1.98503398127e-103 3.20900862775e-103 1.98877600755e-103
longing 1.5582485551e-103 2.08859758371e-103 0.00198503398127 3.20900862775e-103 1.96436157445e-103
look 0.00155824854937 2.08859758371e-103 1.98503398127e-103 0.00320900862775 0.00196436158166
looks 1.5582485551e-103 2.09692219073e-103 0.00198503398113 3.20900862775e-103 1.41157362111e-13
lord 1.5582485551e-103 2.08859758371e-103 1.98503398127e-103 3.20900862775e-103 0.00196436157445
lost 3.384040545e-79 0.00208859758371 6.28688604357e-89 3.20900862775e-103 1.97878150854e-103
love 0.0246266300483 0.0375815343005 1.13202908106e-20 3.45919729093e-76 0.0043260856309
loved 0.0015582485551 2.08865088312e-103 1.98508356109e-103 3.20900862776e-103 1.96845389584e-103
loveliness 1.55882219171e-103 0.00208859758371 1.98567437566e-103 3.20900862775e-103 1.96496452253e-103
lovely 1.55824863533e-103 0.00208859758371 2.51740889965e-43 3.22444643097e-103 2.06272837724e-103
loves 0.00312287958492 0.00625723800469 3.42833479832e-61 3.2183194273e-103 2.59993814121e-99
loving 0.00344943318433 0.001642346902 1.09486697819e-37 3.20900862775e-103 1.99996742306e-103
lovst 1.57147195601e-103 0.00208859758371 8.25397811782e-59 3.20900862775e-103 1.99714480025e-103
luck 1.5582485551e-103 2.08859758371e-103 1.98503398127e-103 0.00320900862775 1.96436157445e-103
lying 0.0015582485551 2.08859764798e-103 2.01659900183e-103 3.20900863539e-103 1.9643615977e-103
made 0.0015529294533 0.00418354800288 1.8083822829e-59 0.00321020185869 1.97264070809e-103
make 0.00141962840637 0.00450198864596 0.00170565978854 0.0064181193586 0.00407439914082
makes 0.0015688938042 0.00207432923 5.96029747184e-68 3.21727206875e-103 1.97136449894e-103
making 0.0015582485551 2.08859758371e-103 1.98503398127e-103 3.20900862775e-103 5.72777289027e-37
maladies 1.5582485551e-103 2.08859758371e-103 0.00198503398127 3.20900862775e-103 1.96436157445e-103
man 1.57635001868e-103 0.00208859758371 6.03967930778e-33 3.20900862775e-103 8.70355308152e-79
manners 0.00311649711019 2.10636645306e-103 6.88606939138e-85 3.20900863583e-103 2.12962937219e-69
many 0.0015582485551 0.00417719516742 1.98503398127e-103 0.00320900862775 1.96496452253e-103
map 0.0015582485551 2.1224145692e-103 2.02447031336e-103 3.20900863321e-103 1.96436157447e-103
marble 0.0015582485551 2.08859758371e-103 1.98503398127e-103 3.20900862775e-103 1.99318686626e-103
marriage 5.4567626498e-40 0.00208859758371 4.24313553533e-19 3.20900865861e-103 1.96657775451e-103
married 1.5582485551e-103 0.00208859424705 3.17121031323e-09 4.21779635412e-97 4.76378301056e-55
may 0.00146328174549 2.08859758371e-103 0.00210601105104 0.00320900862775 0.00196436157445
mayst 1.56723520008e-103 5.12305139848e-59 6.20071285201e-20 1.37040430278e-96 0.0039287231489
me 0.0046580293559 0.0227100092383 0.0300652264936 0.00332721915759 0.00383956221996
meadows 1.15716230494e-62 2.08859758371e-103 0.00198503398127 3.20900862775e-103 1.96436157445e-103
memory 1.57394824628e-103 0.00208859758371 1.41425044031e-21 3.2090086525e-103 1.96553150506e-103
mens 0.0015582485551 2.08859758371e-103 1.33653818884e-70 3.20900862775e-103 1.96436157445e-103
merchandized 1.58212585553e-103 0.0020885975835 2.03747169969e-13 5.01740981867e-68 2.44794804295e-61
might 1.55824855535e-103 0.00357884622648 0.000292560805303 0.0100734000113 1.34747783876e-41
mightier 4.40045742628e-91 2.08859758371e-103 0.00198503398127 3.20900862775e-103 1.96436157445e-103
mind 1.5582485551e-103 0.00181907256874 1.98503398127e-103 0.00362311812648 1.9643734149e-103
minds 1.5582485551e-103 0.00189380288199 1.98503398127e-103 0.00350829934959 1.96901394307e-103
mine 0.00217795890445 0.00376444110879 0.0161864345673 0.00327832623714 0.00908338356297
mistress 4.8026603786e-101 0.00208859758371 2.23701558399e-45 3.20900862775e-103 1.97296103121e-103
monuments 1.5582485551e-103 2.08859758371e-103 1.98503398127e-103 0.00320900862775 1.96436157445e-103
moon 0.0015582485551 2.08859758484e-103 1.98560511028e-103 3.20900862789e-103 1.96436157445e-103
more 0.00945028183345 0.0016639390582 0.00224467043673 0.00321820797931 0.00197413761862
morning 1.57648935262e-103 0.00208859758371 4.14656440881e-66 3.20900862775e-103 1.96939775002e-103
mortal 1.5582485551e-103 2.08859758371e-103 0.00198503398127 3.20900862775e-103 1.96436157445e-103
most 0.00467404957017 2.08859760415e-103 8.86747147125e-07 3.23332384965e-103 1.97388776549e-103
mourn 0.0015582485551 2.0885979772e-103 1.2846542398e-91 4.33907742737e-36 1.96436157445e-103
mourners 0.0015582485551 2.08859758371e-103 1.11362483147e-69 3.20900862775e-103 1.96436157445e-103
moving 1.57648935262e-103 0.00208859758371 1.88135993956e-62 3.20900862775e-103 1.96939775002e-103
much 0.00311649711019 2.11118679472e-51 3.10640814083e-65 3.20900862775e-103 1.98253138848e-103
murdrous 1.5582485551e-103 2.09509314802e-103 8.41744863548e-05 3.20900862775e-103 0.00188106369234
muse 2.69239092843e-76 0.0102911329522 1.28846977695e-53 0.00986034220086 1.99771408496e-103
music 1.65498367338e-103 2.2001146975e-10 0.00595363047562 3.20900864377e-103 0.00196581751166
must 1.26179839551e-96 0.00417719516742 1.71498331275e-66 3.20900862775e-103 1.97002146039e-103
my 0.0475824946286 2.82715928396e-13 0.0529648683306 2.34919262696e-84 0.023144149432
name 1.5582485551e-103 2.08859758371e-103 1.98503398127e-103 0.00320900862775 1.96436157445e-103
natures 1.56669828858e-103 0.00197213484572 6.56722650739e-15 6.57046026736e-101 0.00207389676166
near 1.5582485551e-103 2.08859758371e-103 1.98503398127e-103 0.00320900862775 1.96436157445e-103
need 1.5582485551e-103 2.08859758371e-103 1.98503398127e-103 0.00320900862775 1.96436157445e-103
needs 1.5582485551e-103 2.08859758371e-103 1.98503398127e-103 3.20900862775e-103 0.00196436157445
needy 1.5582485551e-103 0.00208859758371 1.98503398127e-103 3.20900862775e-103 1.96496452253e-103
never 1.56254392997e-103 2.09463927855e-103 1.15876546487e-47 3.21090288555e-103 0.00589308472335
new 9.69606409008e-91 0.00991285098285 0.00245980660027 0.00325601511457 1.96785362511e-103
night 1.5582485551e-103 2.08859758371e-103 1.98503398127e-103 0.00320900862775 1.96436157445e-103
no 0.00407689627271 0.00200180135746 3.7048234335e-46 3.20900862775e-103 0.00869274140221
none 1.5582485551e-103 2.08859758371e-103 1.98503398127e-103 0.00320900862775 1.96436157445e-103
nor 0.00623299422039 9.2358612472e-19 0.00198503398127 3.21294606365e-103 4.82947377982e-32
not 0.00921076272594 0.0146684447626 0.0261397335685 0.00324717424216 0.00763276648581
nothing 4.58586220588e-81 1.72685043746e-08 0.00969193465037 7.44493192106e-56 0.00219515164627
nought 1.57648935262e-103 0.00208859758371 1.13164148298e-65 3.20900862775e-103 1.96939775002e-103
novel 1.55850157371e-103 0.00208859758326 4.3099832185e-13 3.20900865783e-103 1.96443321965e-103
now 1.40853302091e-101 0.0104429879185 1.40610195412e-60 0.0128360345111 4.05059527141e-103
numbers 1.5582485551e-103 0.00208859758371 2.13830673949e-18 3.20900865826e-103 1.96436157445e-103
nymphs 1.56783519466e-103 8.38316298288e-72 1.66509111799e-14 3.21926020781e-103 0.00196436157443
oertake 1.64940254265e-67 0.00208859758371 1.5211741897e-61 3.20900862775e-103 1.98371905573e-103
of 0.048577503208 1.40109694087e-43 0.019504099629 3.93097999764e-77 7.97951526783e-35
offence 1.5582485551e-103 2.08859758371e-103 1.98503398127e-103 0.00320900862775 1.96436157445e-103
oft 1.55955925529e-103 0.00417719516742 1.98567644425e-103 3.20900862775e-103 1.9650944246e-103
old 0.00311649711019 2.08859758371e-103 4.80322055284e-91 0.00641801725551 1.9653482556e-103
on 0.0114962738989 0.00338835393032 2.94988629884e-69 3.21234155641e-103 4.71485554085e-86
once 0.00306631269556 1.51935873682e-49 0.0020489632999 4.53012154152e-45 1.96436157445e-103
one 0.00467474566529 2.08859758525e-103 4.02492775269e-103 3.21074515645e-103 1.96436157445e-103
open 1.5582485551e-103 2.08859758371e-103 1.98503398127e-103 0.00320900862775 1.96436157445e-103
oppression 3.79354090077e-57 1.53512736081e-06 0.00198357497356 2.33386603333e-33 1.96737660434e-103
or 1.18035404739e-79 2.20601317371e-38 0.00582632604813 3.20900862775e-103 0.015842327402
orient 2.93536757124e-66 0.00208859758371 8.11243673833e-102 1.63282398319e-52 1.96586178051e-103
ornament 0.00311649711019 9.33393231641e-64 2.2881507066e-83 3.20900864031e-103 1.97907160545e-103
other 1.10855487061e-59 0.00375729708896 0.00238411131475 3.20900863559e-103 1.96687541775e-103
others 1.5582485551e-103 8.49389510567e-44 0.00198503398127 3.20900862775e-103 3.52678962763e-34
our 1.55824855669e-103 6.54464598408e-05 0.00390736769176 3.21711136284e-103 4.93792511666e-07
outworn 1.5582485551e-103 2.08859758371e-103 1.98503398127e-103 0.00320900862775 1.96436157445e-103
own 2.89033392262e-30 0.00270581604219 0.0133086243329 3.33852867927e-89 2.45921928905e-31
painted 1.5582485551e-103 2.08859758371e-103 1.98503398127e-103 0.00320900862775 1.96436157445e-103
painter 0.0015582485551 2.11926377972e-103 1.98503398127e-103 3.25910512263e-103 1.96436157447e-103
painting 6.26997434494e-93 2.08859758371e-103 0.00198503398127 3.20900862775e-103 1.96436157445e-103
part 1.57649588147e-103 0.00208859758371 1.11505993483e-66 3.20900862775e-103 1.9693977507e-103
partly 5.75799793499e-42 2.08859758371e-103 0.00198503398127 3.20900862775e-103 1.96436157445e-103
parts 0.0015582485551 2.17115582274e-24 1.24784774432e-87 0.00320900862775 2.00150917802e-103
past 1.5582485551e-103 2.08859758371e-103 0.00198503398127 3.20900862775e-103 1.96436157445e-103
paws 1.5582485551e-103 2.08859758371e-103 1.98503398127e-103 0.00320900862775 1.96436157445e-103
peace 0.0015582485551 2.08859758371e-103 1.98503398127e-103 3.20900862775e-103 1.96441282416e-103
pebbled 4.99013609511e-66 2.08859758371e-103 0.00198503398127 3.20900862775e-103 1.96436157445e-103
pen 0.0015582485551 2.08859758833e-103 1.98503398127e-103 3.21422384815e-103 1.96436157445e-103
perjured 1.55901356879e-103 0.00208859758371 1.14582807807e-75 3.20900862775e-103 1.96515216486e-103
persuade 3.93407434549e-102 6.26447816037e-25 0.00198503398127 1.32720257953e-78 1.37330408804e-16
pictures 1.55824859907e-103 1.97391716254e-39 0.00198503398127 1.57060394267e-60 2.06717089706e-103
pine 1.55824856469e-103 7.79801673158e-37 0.00198503398127 1.62948587419e-51 3.70354925977e-34
pity 1.56690395397e-103 0.00208859758371 8.0118167882e-100 3.22085449337e-103 1.96629320215e-103
pitying 6.38697218222e-46 2.08859758371e-103 0.00198503398127 3.20900862775e-103 1.96436157445e-103
place 1.5582485551e-103 1.63300979619e-24 0.00190871221397 0.00333239050034 1.96436157445e-103
play 1.56900899883e-103 0.00208859758371 1.23854226808e-84 3.20900862775e-103 1.96759114226e-103
played 0.0015582485551 3.96553318902e-24 1.98503398127e-103 3.20900862775e-103 1.99354245529e-103
playst 1.5582485551e-103 2.08859758371e-103 1.98503398127e-103 0.00320900862775 1.96436157445e-103
plea 1.5582485551e-103 2.08859758371e-103 1.98503398127e-103 0.00320900862775 1.96436157445e-103
pleasure 1.5582485551e-103 2.09508265833e-103 5.82468437e-24 3.20900862775e-103 0.00196436157445
plight 1.5582485551e-103 2.08859758371e-103 1.98503398127e-103 0.00320900862775 1.96436157445e-103
pluck 1.5582485551e-103 2.08859758371e-103 1.98503398127e-103 0.00320900862775 0.00196436157445
poor 1.5582485551e-103 2.08859758371e-103 1.98503398127e-103 3.20900862775e-103 0.00196436157445
possesseth 0.0015582485551 2.09817340319e-103 2.02249875531e-103 3.22168092664e-103 2.01754300506e-103
possessing 1.5582485551e-103 2.08859758371e-103 1.98503398127e-103 0.00320900862775 1.96436157445e-103
potions 1.5582485551e-103 0.00208859758371 1.98503398127e-103 3.20900862775e-103 1.96496452253e-103
poverty 1.56002413167e-103 6.03439719726e-29 0.00198503398127 3.20951075766e-103 5.87645550833e-39
power 1.56919036278e-103 0.00225094946235 0.00183073235872 3.21900379962e-103 1.47414434154e-42
powerful 1.55838291117e-103 2.08859758371e-103 0.00198503398127 3.20900862775e-103 1.96436157445e-103
praise 1.5582485551e-103 0.00417719516742 2.65146287705e-28 1.82050414664e-65 4.80062504383e-84
praises 0.0015582485551 2.08859758371e-103 7.30558024634e-72 3.20900862775e-103 1.96436157445e-103
precious 2.40392217478e-65 1.73892231489e-56 0.00198503398127 3.21089350387e-103 1.36089756392e-34
prepare 1.5582485551e-103 2.08859758371e-103 1.98503398127e-103 0.00320900862775 1.96436157445e-103
presenteth 1.5582485551e-103 4.72819082143e-84 3.24334254455e-71 3.20900862775e-103 0.00196436157445
preserve 3.25436287107e-55 0.00208859758371 5.99392764968e-41 3.20900863915e-103 1.97002743273e-103
press 1.5582485551e-103 2.08859758371e-103 1.98503398127e-103 0.00320900862775 1.96436157445e-103
pretty 0.0015582485551 2.08859758371e-103 1.98503398127e-103 3.20900862775e-103 1.99318686626e-103
prevent 1.60489250967e-103 5.87189508759e-12 0.00198503397569 1.22433373625e-66 8.96585635118e-55
pride 1.5582485551e-103 2.08859758371e-103 1.98503398127e-103 0.00320900862775 1.96436157445e-103
prime 1.5582485551e-103 2.08859758371e-103 1.98503398127e-103 0.00320900862775 1.96436157445e-103
promise 8.15069135334e-52 0.00208859758371 1.98503398127e-103 1.97212276998e-69 1.2299885014e-72
prophetic 1.5582485551e-103 2.08859758371e-103 0.00198503398127 3.20900862775e-103 1.96436157445e-103
proud 0.00155824866632 0.00208859743464 1.98503720428e-103 4.1123974693e-56 1.96459521632e-103
provide 1.5582485551e-103 2.08859758371e-103 1.98503398127e-103 0.00320900862775 1.96436157445e-103
purging 0.0015582485551 2.08859758371e-103 1.17051187321e-70 3.20900862775e-103 1.96436157445e-103
put 0.00467474566529 2.08903834827e-103 1.99828137434e-103 3.21559536999e-103 1.17132512217e-102
quickly 1.5582485551e-103 2.08859758371e-103 0.00198503398127 3.20900862775e-103 1.96436157445e-103
quill 1.5582485551e-103 2.08859758371e-103 1.98503398127e-103 0.00320900862775 1.96436157445e-103
quite 1.5582485551e-103 2.08859758371e-103 1.98503398127e-103 0.00320900862775 1.96436157445e-103
rage 0.00154631539632 2.09585966407e-103 1.98503398127e-103 0.00323358340393 2.34804297613e-73
ragged 1.56478875128e-103 0.00208859758371 4.26485057433e-20 3.20900865935e-103 1.96436157445e-103
rank 1.5582485551e-103 2.08859758371e-103 0.00198503398127 3.20900862775e-103 1.96436157445e-103
rased 1.5582485551e-103 2.08859758371e-103 1.98503398127e-103 0.00320900862775 1.96436157445e-103
reason 0.0015582485551 2.08859758371e-103 1.39180314568e-67 3.20900862775e-103 1.96436157445e-103
receivst 1.56501885165e-103 9.9863613463e-17 0.00198503398127 3.20900864017e-103 2.08877999432e-35
recite 1.5582485551e-103 2.08859758371e-103 1.98503398127e-103 0.00320900862775 1.96436157445e-103
register 1.5582485551e-103 2.08859758371e-103 1.98503398127e-103 0.00320900862775 1.96436157445e-103
reigns 4.26762915972e-38 2.09771837403e-103 1.16680021186e-32 3.21214691708e-103 0.00196436157445
releasing 1.5582485551e-103 2.08859758371e-103 1.98503398127e-103 0.00320900862775 1.96436157445e-103
remain 1.5582485551e-103 2.08859758371e-103 1.98503398127e-103 0.00641801725551 1.96436157445e-103
remedy 1.5582485551e-103 2.08859758371e-103 1.98503398127e-103 0.00320900862775 1.96436157445e-103
renew 0.0015582485551 1.9278255644e-71 1.98503398127e-103 3.22971806053e-103 1.60302209812e-18
renewest 1.5582485551e-103 2.08859758371e-103 1.98503398127e-103 0.00320900862775 1.96436157445e-103
repair 1.5582485551e-103 0.00208859758371 3.90975791107e-85 2.68936896139e-42 1.96436157445e-103
replete 0.0015582485551 2.08877459776e-103 1.99121198791e-103 3.21544574981e-103 1.97028389471e-103
repose 5.00387555138e-83 3.22021808426e-40 0.00198503398127 3.20900863225e-103 8.99070378303e-40
reserve 1.5582485551e-103 2.08859758371e-103 1.98503398127e-103 3.20900862775e-103 0.00196436157445
restful 0.0015582485551 2.09623296364e-103 2.02088514859e-103 3.20900863548e-103 1.96436183449e-103
resurvey 1.5582485551e-103 2.08859758371e-103 1.98503398127e-103 0.00320900862775 1.96436157445e-103
return 0.0015582485551 1.18237995594e-59 1.98503398127e-103 3.21175924984e-103 1.9813903121e-103
rhyme 1.5582485551e-103 2.08859758371e-103 1.98503398127e-103 0.00320900862775 1.96436157445e-103
rich 2.12380522948e-70 1.41353349731e-24 0.00397006796255 5.14969376265e-71 1.97502910247e-103
right 1.5582485551e-103 2.08859758371e-103 0.00198503398127 3.20900862775e-103 1.96436157445e-103
ripe 0.0015582485551 2.09459845088e-103 1.26864579451e-92 3.21501900792e-103 1.96436157445e-103
riper 1.56635717515e-103 0.00208859758371 1.05117166847e-30 3.2109875746e-103 1.96706445442e-103
rose 1.57648935262e-103 0.00208859758371 5.80570079055e-63 3.20900862775e-103 1.96939775002e-103
rough 1.5582485551e-103 2.08859758371e-103 1.98503398127e-103 3.20900862775e-103 0.00196436157445
runs 0.0015582485551 2.08859820493e-103 2.11027986265e-53 3.20900870511e-103 1.96436157445e-103
sadly 1.5582485551e-103 2.08859758371e-103 1.98503398127e-103 0.00320900862775 1.96436157445e-103
said 1.5582485551e-103 2.08859758371e-103 1.98503398127e-103 0.00320900862775 1.96436157445e-103
sail 9.74288495691e-35 0.00208859758371 8.56005069706e-67 3.20900862775e-103 1.97501246686e-103
saith 1.5582485551e-103 2.08859758371e-103 0.00198503398127 3.20900862775e-103 1.96436157445e-103
sake 0.00155503302288 2.12194128882e-103 1.99165134867e-103 0.00321563059482 1.96452259863e-103
same 1.5582485551e-103 2.08859758371e-103 1.98503398127e-103 0.00320900862775 1.96436157445e-103
saw 1.56327172678e-103 0.00208859758371 2.01616561829e-103 3.20900862775e-103 1.96846514738e-103
say 0.00306424070936 0.00628984333477 3.97905129704e-43 0.00322114044954 0.00200019076199
says 0.0015582485551 2.08861997949e-103 1.98505347917e-103 3.20900862775e-103 2.65357589361e-63
scanted 1.68089804235e-33 2.08859758371e-103 0.00198503398127 3.20900862775e-103 1.96436157445e-103
sea 1.5582485551e-103 2.08859758371e-103 1.98503398127e-103 0.00320900862775 1.96436157445e-103
see 8.8746448398e-69 0.00411351654391 1.92382623837e-38 0.00330684712659 5.63498396269e-82
seem 1.5582485551e-103 7.27676859419e-95 3.41055887479e-13 0.00321610732005 0.00196001618275
seeming 1.5582485551e-103 2.08859758371e-103 1.98503398127e-103 0.00320900862775 1.96436157445e-103
seems 1.57288983412e-103 0.00208859758371 1.51360384341e-73 3.20900862775e-103 1.96852964006e-103
seen 1.56005545649e-103 1.95012457818e-28 0.00197294734382 0.00643755653001 1.04045545854e-80
self 0.00439821283157 0.00496050363214 0.00754793982598 4.7018362063e-55 1.96884599844e-103
send 2.84003640393e-56 1.97639072031e-89 5.19855875345e-09 2.81250792387e-61 0.00196435643003
sessions 0.0015582485551 2.08859758371e-103 1.98503398127e-103 3.20900862775e-103 1.96587380273e-103
set 1.57753227288e-103 0.00208859758371 5.29182459679e-24 3.20900865102e-103 1.96590516438e-103
sets 1.5582485551e-103 2.08859758371e-103 1.98503398127e-103 3.20900862775e-103 0.00196436157445
shade 1.5582485551e-103 2.08859758371e-103 1.98503398127e-103 0.00320900862775 1.96436157445e-103
shake 0.00155988730901 0.00208640108082 2.07406037971e-103 7.81523393535e-90 1.96752064427e-103
shall 0.00386023659062 0.0110369446699 0.00394894507984 3.23487310125e-103 0.00638214881802
shalt 0.00312122163591 6.70304459756e-11 0.00594908336396 2.98826990939e-84 2.25290079651e-15
shame 1.55824895167e-103 0.00208859753762 4.38028131753e-11 0.00641801725551 2.81140273473e-103
she 0.00467474559578 4.7586500205e-23 8.85472856598e-11 3.22728049189e-103 2.77520575647e-103
shine 0.0015582485551 2.20347674346e-68 1.98503398127e-103 3.22019622082e-103 2.33771149969e-61
shore 1.5582485551e-103 2.08859758371e-103 1.98503398127e-103 0.00320900862775 1.96436157445e-103
should 0.000928060299562 0.001592746825 0.0151692909453 3.20915969731e-103 1.37792458922e-26
show 0.0015582485551 6.27948865477e-102 4.08805704166e-82 3.21205647064e-103 2.81325019904e-86
shows 1.5582485551e-103 2.08859758371e-103 1.98503398127e-103 0.00320900862775 1.96436157445e-103
side 1.60203800776e-103 0.00208859758371 2.72239944376e-103 1.42371807716e-34 2.03947455203e-103
sigh 1.5582485551e-103 2.08859758371e-103 1.98503398127e-103 3.20900862775e-103 0.00196436157445
sight 1.5582485551e-103 0.002088597544 4.63974374834e-18 0.00641801731651 1.96436157445e-103
signs 0.0015582485551 2.08859830338e-103 1.56872190005e-59 3.20900871737e-103 1.96436157445e-103
silent 0.0015582485551 2.08859758371e-103 1.18815675739e-64 3.20900862775e-103 1.96436157445e-103
sin 0.00463880013177 4.85211534389e-56 2.0022001289e-103 2.69526050967e-97 0.00200967528553
since 1.5582485551e-103 2.08859758371e-103 1.98503398127e-103 3.20900862775e-103 0.00785744629779
sinful 0.0015582485551 2.08859758371e-103 1.82339352368e-61 3.20900862775e-103 1.96436157445e-103
sing 1.5582485551e-103 2.08859758371e-103 1.98503398127e-103 0.00320900862775 1.96436157445e-103
siren 0.0015582485551 2.08859758371e-103 5.0099006874e-67 3.20900862775e-103 1.96436157445e-103
skill 1.5582485551e-103 2.08859758371e-103 1.98503398127e-103 0.00320900862775 1.96436157445e-103
slave 1.55825634273e-103 0.00185008600883 2.14437179104e-06 0.00357200118647 1.96555736245e-103
sleep 0.0015582485551 2.125410904e-103 1.98503398127e-103 3.21527652874e-103 4.62659868179e-95
slight 0.0015582485551 2.08859758371e-103 1.98503398127e-103 3.20900862775e-103 1.99318686626e-103
slow 1.5582485551e-103 2.08859758371e-103 0.00198503398127 3.20900862775e-103 1.96436157445e-103
slumbers 1.55838190518e-103 0.00208859758371 4.2418809098e-15 2.35792458373e-101 1.96440717617e-103
snow 1.57491482221e-103 0.00208859758371 1.23978652819e-67 3.20900862775e-103 1.96883032502e-103
so 0.00338432901237 2.09976940158e-103 0.00471012984595 3.20900862775e-103 0.0225023494679
sold 1.5582485551e-103 2.094995289e-103 2.63166308284e-13 3.20900862775e-103 0.00196436157419
some 0.00708861855501 2.21774871779e-61 0.008249388354 3.21048483512e-103 0.0064727960635
sometime 1.55824876362e-103 1.15546681853e-11 0.00198503397029 3.20900862775e-103 2.34874048154e-103
song 1.5582485551e-103 2.08859758371e-103 1.98503398127e-103 0.00320900862775 1.96436157445e-103
songs 0.0015582485551 2.10422433167e-103 1.98503398127e-103 3.25248907938e-103 1.96436157445e-103
sorrow 5.01702167516e-76 9.81070968225e-27 0.00198503398127 3.20900862775e-103 2.34232838828e-103
sought 1.5582485551e-103 2.08859758371e-103 1.98503398127e-103 0.00320900862775 1.96436157445e-103
soul 0.00467474566529 3.70126668368e-42 1.98503398127e-103 0.00320900862775 3.41313902521e-103
souls 0.0015582485551 2.09174814015e-103 1.98785780678e-103 3.23346904792e-103 1.96436157445e-103
space 0.0015582485551 2.13031481101e-103 2.18380996953e-71 3.20900866137e-103 1.96436157445e-103
speak 1.55826368872e-103 0.00208829390138 4.42475817097e-102 1.39098094387e-54 0.00196464719285
spend 1.5582485551e-103 2.08859758371e-103 1.98503398127e-103 0.00641801725551 1.96436157445e-103
spends 0.0015582485551 6.19442577706e-36 2.01687915264e-103 3.20900862775e-103 1.99410195354e-103
spendst 1.5582485551e-103 2.08859758371e-103 1.98503398127e-103 3.20900862775e-103 0.00196436157445
spirit 0.00311649711019 2.08905741468e-103 1.98520841899e-103 3.2124316685e-103 1.96436157445e-103
spite 0.0015582485551 2.08859758371e-103 1.98503398127e-103 0.00320900862775 1.9734068914e-103
spot 0.0015582485551 1.79654773876e-16 1.98503398127e-103 3.20900862775e-103 1.99354245529e-103
spring 1.5582485551e-103 2.08859758371e-103 1.98503398127e-103 0.00320900862775 1.96436157445e-103
stage 1.5582485551e-103 0.00189219190857 1.98503398127e-103 0.0035107745165 1.96436157445e-103
stain 0.0015582485551 2.08859761688e-103 1.98503398127e-103 3.24682780117e-103 1.96436157445e-103
stars 0.00155620120977 2.09449449659e-103 1.98992668296e-103 0.00321322486706 1.96461735075e-103
state 1.5582485551e-103 2.08859758371e-103 1.98503398127e-103 0.00641801725551 1.96436157445e-103
stay 1.5582485551e-103 2.08859758371e-103 1.98503398127e-103 0.00641801725551 1.96436157445e-103
steal 2.86202483058e-81 0.00208859758371 7.5955670948e-32 3.48421133829e-81 1.96746999464e-103
steep 1.5582485551e-103 2.08859758371e-103 1.98503398127e-103 0.00320900862775 1.96436157445e-103
stelled 1.5582485551e-103 2.08859758371e-103 1.98503398127e-103 0.00320900862775 1.96436157445e-103
still 1.56221725275e-103 0.00209279500899 0.00197317278243 0.00963975161377 2.08009385571e-21
stone 0.0015582485551 2.08859758371e-103 1.98503398127e-103 0.00320900862775 1.96436157445e-103
store 1.5582485551e-103 2.08859758371e-103 1.98503398127e-103 0.00320900862775 1.96436157445e-103
straight 0.0015582485551 2.08859758371e-103 1.98503398127e-103 3.20900862775e-103 1.96436157445e-103
strange 1.5582485551e-103 2.08859758371e-103 1.98503398127e-103 0.00320900862775 1.96436157445e-103
strengthened 1.5582485551e-103 0.00208859758371 1.98503401843e-103 5.91635103695e-75 1.96562904593e-103
strife 1.5582485551e-103 2.08859758371e-103 1.98503398127e-103 0.00320900862775 1.96436157445e-103
subject 4.91567544061e-101 0.00417719516742 4.42395415963e-66 3.20900862775e-103 1.96982358841e-103
substance 1.5596924242e-103 0.00417719516742 9.2548707245e-38 7.6238790459e-74 1.96476691575e-103
successive 1.5582485551e-103 2.08859758371e-103 0.00198503398127 3.20900862775e-103 1.96436157445e-103
such 0.00311649711019 2.08859758374e-103 1.14554000906e-52 3.20900862775e-103 0.0039287231489
suffer 8.09909685623e-09 2.08859758371e-103 0.00198502366393 3.20900862775e-103 1.96436157445e-103
sum 1.5582485551e-103 2.08859758371e-103 1.98503398127e-103 0.00320900862775 1.96436157445e-103
summers 1.56149479165e-103 2.08859758371e-103 0.00198503398127 3.20900862775e-103 1.96436157445e-103
sun 1.5582485551e-103 2.08859758371e-103 1.98503398127e-103 0.00641801725551 1.96436157445e-103
supposing 1.5582485551e-103 9.59007248643e-14 0.00198503398118 3.60942861768e-75 2.67012612216e-39
survey 1.5582485551e-103 2.08859758371e-103 1.98503398127e-103 0.00320900862775 1.96436157445e-103
survive 1.55843492772e-103 3.50685639028e-21 0.00198503398127 3.23089390258e-103 7.63969584246e-40
suspect 1.5582485551e-103 2.08859758371e-103 1.98503398127e-103 0.00320900862775 1.96436157445e-103
swayst 1.5582485551e-103 2.08859758371e-103 1.98503398127e-103 0.00320900862775 1.96436157445e-103
swears 0.0015582485551 3.64456061774e-101 1.98503398175e-103 5.3247714228e-84 8.66109433199e-82
sweet 0.00158109525013 0.00424657375803 3.69132154499e-26 1.5105334381e-70 0.00579903194396
swift 0.0015582485551 2.08859758371e-103 3.67433036821e-70 3.20900862775e-103 1.96436157445e-103
tables 1.56912281351e-103 0.00208859758371 2.10306206312e-36 3.20933590752e-103 1.96838565145e-103
take 0.0015582485551 2.08859758371e-103 1.98503398127e-103 0.00320900862775 0.00196436157445
takes 1.5582485551e-103 2.08859758371e-103 0.00198503398127 3.20900862775e-103 1.96436157445e-103
task 1.5582485551e-103 5.73201983192e-25 0.00198503398127 3.88329448615e-51 1.72841055335e-96
teach 1.55921769795e-103 0.00208859758371 1.99913052523e-103 3.20900862775e-103 1.96584832217e-103
tears 1.5582485551e-103 2.08859758371e-103 1.98503398127e-103 0.00320900862775 1.96436157445e-103
teeth 1.5582485551e-103 0.00208859758371 1.98520428184e-103 3.49442229279e-103 4.20706357435e-51
tell 1.56991955901e-103 0.00417719516742 3.95178667411e-39 3.21228656784e-103 1.96662967345e-103
tells 1.90519888172e-64 0.00208859758371 3.56687540511e-49 3.20900862939e-103 2.47632516751e-103
tend 1.5582485551e-103 2.08859758371e-103 1.98503398127e-103 0.00320900862775 1.96436157445e-103
th 1.56456514083e-103 0.00417532950809 9.78575532554e-31 3.20900864761e-103 0.0019661162588
than 0.00467474566529 2.08859816044e-103 1.98506975945e-103 3.21592704044e-103 1.97388591995e-103
that 0.0129402929364 0.0274164236384 0.00573874533063 3.23576068592e-103 0.0720486506948
the 0.0294239698007 6.07592659306e-05 0.0638134075676 3.2309760387e-103 0.031313746196
thee 0.0174849955396 0.00240170019325 0.00513944151739 0.0033375811505 1.85919519795e-28
their 0.00779124277548 2.08859758371e-103 4.47497378162e-24 3.20900862775e-103 1.97005980174e-103
them 0.0015582485551 2.08859758371e-103 1.59807232496e-69 3.20900862775e-103 1.96436157445e-103
themselves 1.5582485551e-103 0.00208859757403 9.2038331208e-12 3.20900865773e-103 8.24288754717e-74
then 0.00836840357499 9.29643073569e-85 9.74375498338e-87 4.7020676031e-81 0.00712986500589
thence 1.5582485551e-103 2.08859758371e-103 1.98503398127e-103 0.00320900862775 1.96436157445e-103
there 0.0015449650012 0.00417817410162 2.24139883361e-82 0.00644386891799 1.96743008407e-103
thereof 1.5582485551e-103 2.08859758371e-103 1.98503398127e-103 3.20900862775e-103 0.00196436157445
these 0.00466592985498 2.1148043104e-103 8.72614537639e-101 3.21304556834e-103 0.00197547497415
they 0.002906197567 0.00178808951887 0.000612384229966 3.22201230187e-103 0.00583481901134
thine 1.56332012163e-103 0.00204892527367 4.6124218158e-11 0.00321472396163 0.00592689857775
thing 0.00467474566446 2.08859759743e-103 4.09176441619e-89 0.00320900862946 1.96436157445e-103
think 4.12026743835e-13 1.93297811314e-35 3.48033639028e-69 3.21052340207e-103 0.00392872314838
this 0.00467410429372 0.00835524999581 1.01266599627e-12 3.21397146992e-103 9.19208562069e-42
those 1.55824873032e-103 0.00294913540865 2.0230714777e-25 3.20994000098e-103 0.0129411805508
thou 1.03201986949e-70 0.0424173741116 0.046205638157 9.64853916944e-90 0.0106350083512
though 1.56063357206e-103 2.53511283754e-09 0.00102398522758 3.2090086489e-103 0.0068441226037
thought 1.56125163781e-103 0.00401016511424 2.5961956642e-58 0.00667464921082 1.96514766522e-103
thoughts 0.00156054694771 0.00417411451816 4.76719981749e-60 3.7921538144e-44 1.96621919624e-103
three 1.5582485551e-103 0.00208859404345 3.36471460028e-09 3.20900865801e-103 8.35936451068e-68
thus 1.55935237811e-103 1.04896377252e-78 3.51694016132e-42 3.2378146342e-103 0.00589308472335
thy 0.0163729555436 0.00217671207636 0.0234564391286 3.23056328843e-103 0.0228531605032
tied 1.5582485551e-103 2.09500393891e-103 1.64970333386e-05 3.20900862775e-103 0.0019480363434
tigers 0.0015582485551 2.08859758371e-103 2.32091675949e-64 3.20900862775e-103 1.96436157445e-103
time 1.28143040953e-79 0.00865095897938 0.00960022419834 0.00648766446647 2.63264580075e-38
times 3.50869397812e-30 1.05330522874e-36 0.0079401359251 4.81737255376e-82 4.11488145219e-76
tired 1.5582485551e-103 2.08859758371e-103 1.98503398127e-103 3.20900862775e-103 0.00196436157445
tis 1.43545672394e-74 0.00394641401957 0.00219988193183 3.20900862775e-103 0.00196880467625
to 0.00856854038674 0.000327635582708 0.0800303513035 3.2290303683e-103 0.0177331492043
today 1.55824855806e-103 5.51939790058e-83 1.24700910163e-10 6.98012205785e-100 0.00196436145105
toil 4.88091816948e-94 2.4856992795e-40 0.00198503398127 3.20909337199e-103 5.06748023016e-40
tomb 1.5582485551e-103 2.08859758371e-103 1.98503398127e-103 0.00320900862775 1.96436157445e-103
tongue 1.55839840509e-103 0.00208859758371 3.78882747918e-87 0.00320900862775 1.96500129371e-103
tongues 0.0015582485551 5.81831488914e-21 1.98503398127e-103 3.20900862775e-103 1.99354245529e-103
too 0.00311649716506 8.30044165029e-94 9.12029463494e-16 2.83520417894e-97 0.00392872307973
took 0.00155824854904 2.08864246388e-103 2.27177390468e-96 0.00320900864023 1.96436875541e-103
torn 1.5582485551e-103 2.08859758371e-103 1.98503398127e-103 0.00320900862775 1.96436157445e-103
torture 1.97324368528e-103 0.00208859758371 6.34965479057e-20 3.20900865938e-103 1.96647196968e-103
towards 1.58516966245e-103 0.00208859758371 1.46226260851e-45 3.21511361928e-103 1.9913576881e-103
towers 1.5582485551e-103 2.09507475149e-103 8.54842768209e-22 3.20900862775e-103 0.00196436157445
transgression 1.5582485551e-103 2.08859758371e-103 0.00198503398127 3.20900862775e-103 1.96436157445e-103
treasure 1.5582485551e-103 0.000543079535987 0.00146888317181 2.03977548995e-47 1.96436157445e-103
trimmed 0.0015582485551 2.08859758371e-103 1.98503398127e-103 3.20900862775e-103 5.92572521732e-85
triumph 0.0015582485551 2.08859758371e-103 4.97041278734e-67 3.20900862775e-103 1.96436157445e-103
trouble 0.0015582485551 2.08859758371e-103 1.98503398127e-103 3.20900862775e-103 1.99318686626e-103
truant 1.5582485551e-103 2.08859758371e-103 1.98503398127e-103 3.20900862775e-103 0.00196436157445
true 0.00324308871156 1.10892478264e-25 0.00574718402425 0.00649343883835 1.05204451611e-72
truth 8.47191539828e-12 0.00208859757236 1.98503470624e-103 0.00320900862775 1.98416328636e-103
twain 1.5582485551e-103 2.08859758371e-103 1.98503398127e-103 0.00320900862775 1.96436157445e-103
two 1.5582485551e-103 2.09297342402e-103 9.61401653601e-47 3.21026377363e-103 0.00589308472335
tyrannous 1.56125091123e-103 0.00208859758371 1.46819725591e-91 1.36926368541e-91 1.9693727567e-103
tyrants 1.56899240757e-103 0.00208859758371 5.52715942793e-31 3.21780951324e-103 1.96648262378e-103
under 1.5582485551e-103 7.66411448743e-44 0.00198503398127 3.20900862775e-103 6.06248289363e-36
unkind 1.55824855541e-103 0.00208859758371 3.20960161061e-23 3.20900865826e-103 1.96436157445e-103
unperfect 1.5582485551e-103 0.00208859758371 1.98503398127e-103 6.99291864506e-41 1.96436157445e-103
unseen 1.5582485551e-103 2.08859758371e-103 1.98503398127e-103 0.00320900862775 1.96436157445e-103
unthrifty 1.5582485551e-103 2.08859758371e-103 1.98503398127e-103 3.20900862775e-103 0.00196436157445
untutored 2.0771663445e-54 2.08859758371e-103 0.00198503398127 3.20900862775e-103 1.96436157445e-103
unused 1.5582485551e-103 2.08859758371e-103 0.00198503398127 3.20900862775e-103 1.96436157445e-103
upon 1.57185972207e-103 0.00264744392974 1.31873182929e-75 3.20900862775e-103 0.0053674802236
urge 1.5582485551e-103 6.570099484e-56 6.10485412337e-08 3.20900862775e-103 0.00196430116168
use 2.76611361872e-66 0.000101610228589 0.00185004215568 0.00968913564934 1.96473420075e-103
utmost 0.0015582485551 2.08859758371e-103 3.49842703239e-59 3.20900862775e-103 1.96436157445e-103
vacant 1.57648935262e-103 0.00208859758371 4.40576548751e-65 3.20900862775e-103 1.96939775002e-103
vassalage 1.5582485551e-103 2.08859758371e-103 1.98503398127e-103 0.00320900862775 1.96436157445e-103
verse 7.51335140126e-27 0.00232948791157 8.10827294629e-52 0.00604790328694 1.96469188259e-103
very 2.01476061402e-78 2.08859758371e-103 0.00198503398127 3.20900862775e-103 1.96436157445e-103
vex 0.0015582485551 2.10579630676e-103 9.38337803707e-98 3.20900863136e-103 2.28310217253e-99
vial 1.60254581865e-103 2.28787580057e-15 0.00198503398127 7.83326682816e-52 1.98310559086e-103
view 1.5582485551e-103 2.08859758371e-103 1.98503398127e-103 0.00320900862775 1.96436157445e-103
viewest 1.5582485551e-103 2.08859758371e-103 1.98503398127e-103 0.00320900862775 1.96436157445e-103
vile 0.00311649711019 2.08859758371e-103 1.97322130644e-90 3.20900862775e-103 1.97067832841e-103
violet 1.56562592877e-103 0.00208859758371 2.05040621319e-31 3.20900864583e-103 1.96641927147e-103
virtue 0.0015582485551 2.08859758371e-103 6.19204726464e-63 3.20900862775e-103 1.96436157445e-103
voice 0.0015582485551 2.08859758371e-103 1.98503398127e-103 3.20900862775e-103 1.96436157447e-103
vow 1.5582485551e-103 7.44497810385e-99 8.75892445338e-29 3.20900862775e-103 0.00196436157445
vowed 1.58037231454e-103 2.65735119729e-41 0.00198503398127 3.20900863224e-103 3.62663460606e-41
wailing 0.0015582485551 2.08859758371e-103 7.25533792894e-58 3.20900862775e-103 1.96436157445e-103
wane 1.55827437903e-103 0.00208859758371 5.92270189007e-79 6.28946375839e-53 1.96436157478e-103
want 1.5582485551e-103 2.25777753741e-103 1.38889217659e-21 3.20900862775e-103 0.00196436157445
wantonness 1.5582485551e-103 2.08859758371e-103 1.98503398127e-103 0.00320900862775 1.96436157445e-103
war 1.5582485551e-103 2.08859758371e-103 1.98503398127e-103 0.00320900862775 1.96436157445e-103
warning 1.57998961679e-103 0.00208859758371 3.48430618583e-67 3.20900862775e-103 1.96958172085e-103
was 0.00466066571894 2.12317926688e-103 1.98503398127e-103 3.24492095453e-103 0.00198211105703
waste 0.0015582485551 2.08859762164e-103 2.00409684554e-103 3.20900863239e-103 1.964361582e-103
wasted 0.0015582485551 2.08859758371e-103 2.96120183885e-65 3.20900862775e-103 1.96436157445e-103
waves 1.56099138355e-103 0.00208859758371 2.73051880033e-46 1.06034211256e-62 1.96560312499e-103
way 1.5582485551e-103 2.08859758371e-103 1.98503398127e-103 0.012836034511 1.96436157445e-103
we 1.56637486986e-103 0.00447244024778 0.00170442869704 3.21592165763e-103 6.21395250558e-13
weak 0.0015582485551 2.08859758371e-103 1.98503398127e-103 3.20900862775e-103 4.31236342082e-75
wear 1.5582485551e-103 2.08859758371e-103 1.98503398127e-103 0.00320900862775 1.96436157445e-103
weary 1.5582485551e-103 2.08859758371e-103 1.98503398127e-103 3.20900862775e-103 0.00196436157445
well 1.88212138442e-23 0.00504794141631 0.00314249787122 3.20900864478e-103 1.97097307821e-103
were 1.40479061821e-10 8.52647872335e-47 0.00992516972742 5.54485151932e-48 4.4409824935e-51
weret 1.5582485551e-103 2.08859758371e-103 1.98503398127e-103 3.20900862775e-103 0.00196436157445
wert 1.55836297711e-103 1.12916435507e-21 0.00198503398127 3.22762134863e-103 1.7583037744e-28
wet 0.0015582485551 2.08859758371e-103 1.98503398127e-103 3.20900862775e-103 1.9643615749e-103
what 1.03041270455e-78 0.00741257616746 0.000154120139382 3.21126375542e-103 0.0262699776097
whats 1.5582485551e-103 2.08859758371e-103 1.98503398127e-103 3.20900862775e-103 0.0039287231489
when 0.00705289844945 0.000478226872989 5.14042673803e-10 1.14795562294e-82 0.0456613078954
where 5.22650886413e-60 0.00240034860925 1.530712614e-20 9.26755274069e-97 0.00559987757797
wherefore 3.60846991051e-80 0.00417719516742 2.13755809284e-50 3.20900862775e-103 2.00737596512e-103
wherein 1.5582485551e-103 0.00208859758371 1.18876822039e-61 3.20900865714e-103 9.36228641646e-64
whereof 1.5582485551e-103 2.93072900448e-51 0.00186052067382 3.20900862775e-103 0.000123216609376
whether 6.98619334271e-86 0.00417719516742 1.00043734287e-86 3.20900862775e-103 1.9693096843e-103
which 0.00312511241116 0.0071623073103 0.00458719315602 3.22824120779e-103 0.0142501463912
whilst 1.5582485551e-103 2.08859758371e-103 1.98503398127e-103 3.20900862775e-103 0.00589308472335
white 1.55837448824e-103 0.00208859758371 1.99111056377e-103 5.19965062445e-49 1.96443859259e-103
who 1.58110713431e-103 2.08988412952e-103 6.24528606719e-62 3.20900862775e-103 0.0117861694467
whoever 1.5582485551e-103 2.08859758371e-103 1.98503398127e-103 3.20900862775e-103 0.00196436157445
whom 0.00311649711019 2.08859758371e-103 1.98503398127e-103 3.20900862775e-103 1.97901713368e-103
whose 1.55868255492e-103 0.00400317304095 0.00173316543639 3.20900864031e-103 0.00237727789866
why 1.5582485551e-103 5.13892612856e-63 1.8453328616e-28 0.00320960195837 0.0176788909688
widows 0.0015582485551 2.08859758371e-103 6.47362819878e-72 3.20900862775e-103 1.96436157445e-103
will 0.0115433593042 0.00270533528656 2.30868176873e-28 0.00328819295959 0.00249892348792
wilt 1.56115721429e-103 0.000700448582373 0.00324478551979 6.12274868994e-74 5.89454422905e-05
winds 0.0015582485551 9.59841933105e-47 2.00326507025e-103 3.20900862775e-103 1.99406176233e-103
wink 0.0015582485551 6.799278969e-90 1.98503398127e-103 3.30665382292e-36 1.96436157445e-103
winter 0.0015582485551 2.11827533432e-103 1.98503398127e-103 3.21410126344e-103 4.9021198039e-48
winters 0.00155824856164 7.92058789319e-59 0.00397006795422 4.36503921877e-63 3.01849589917e-73
wise 1.56840224526e-103 0.00208859758371 5.27989331371e-49 3.20900862775e-103 2.03070225875e-103
wish 1.09953457342e-21 2.0886051673e-103 5.917441421e-06 0.00319944248392 1.96436157445e-103
with 0.0185468654946 0.0197750618797 0.00675256752621 7.25500577358e-87 0.00437615812806
within 1.5582485551e-103 0.00417719516742 4.40769164685e-40 3.5441632909e-90 1.96832423258e-103
womans 1.5582485551e-103 2.08859758371e-103 1.98503398127e-103 3.20900862775e-103 0.0039287231489
words 1.45682229853e-26 0.00209252622575 0.00396633412315 5.17822361885e-63 1.37256339469e-20
work 1.5582485551e-103 0.00208859758371 6.96422337875e-16 3.20900865826e-103 1.96436157445e-103
world 4.0050710712e-74 0.00417719002872 4.88389532365e-09 7.69999117098e-46 1.96854744571e-103
worlds 1.55824991765e-103 8.88077456964e-58 0.00198503379726 2.97481127883e-10 1.96833878165e-103
worst 5.14063300106e-100 0.00208859758371 5.09200331568e-42 2.22112158803e-89 1.96801169375e-103
worth 0.00311483478886 2.10915137488e-103 1.99150184811e-103 0.00321243196063 6.75384008429e-93
worthless 0.0015582485551 2.08859758371e-103 2.9866460207e-60 3.20900862775e-103 1.96436157445e-103
would 0.00136125898812 2.08859802336e-103 0.00223597660729 3.2090086825e-103 1.96436157445e-103
wound 1.5582485551e-103 2.08859758371e-103 1.98503398127e-103 3.20900862775e-103 0.00196436157445
writ 0.0015582384733 1.35131316196e-08 2.61150111951e-55 3.20900863734e-103 2.03337270438e-103
write 1.5582485551e-103 2.08859758371e-103 1.98503398127e-103 0.00320900862775 1.96436157445e-103
writers 1.57323403474e-103 2.08859758371e-103 0.00198503398127 3.20900862775e-103 1.96436157445e-103
written 1.07321385968e-58 2.08859758371e-103 0.00198503398127 3.20900862775e-103 1.96436157445e-103
wrong 1.5582485551e-103 2.08859758371e-103 1.98503398127e-103 0.00320900862775 1.96436157445e-103
wrongs 0.0015582485551 2.08859765687e-103 1.98503398127e-103 4.90012757991e-93 1.96436157445e-103
yea 0.0015582485551 2.08957466207e-103 1.98503398127e-103 3.22780770544e-103 1.98479951659e-103
year 1.5582485551e-103 2.57824161114e-41 0.00198503398127 2.62428479694e-41 1.96436157445e-103
years 1.55825692301e-103 0.00208859758371 1.98508472227e-103 1.85134068523e-19 1.98657712198e-103
yet 0.00309350705422 1.71379532536e-38 1.98503398127e-103 3.20900862775e-103 0.00199334333246
you 0.00516120596122 0.0211174066796 0.00709900595947 0.00321139924253 1.23460379202e-68
young 1.09948417315e-91 0.00208859758371 2.28266771649e-70 3.23237250548e-103 1.96835267318e-103
youngly 1.57303215383e-103 0.00208859758371 1.99926043278e-46 3.20900863344e-103 1.97459313038e-103
your 8.16120472879e-69 1.73857728348e-58 0.0203989937318 4.22786629754e-100 0.00338578298446
youth 0.00185934937171 0.00168128715744 3.1336867122e-38 0.00321473973124 1.9516204646e-97
youths 0.0015582485551 2.08859758371e-103 1.98503398127e-103 3.20900862775e-103 1.99318686626e-103
