7.487759087471386465e-02 2.094387647998396865e-30 1.336276876214043739e-07 1.804115075121248965e-23 6.687539672136189051e-01 3.451310472966756556e-48 2.563683082839796068e-01 1.239413183361556345e-32 2.920569100284806782e-48 2.353103001146050214e-61 4.485612925394606922e-103 1.788304243438214521e-87
4.483373704772076979e-21 1.086604600695078102e-27 5.766753065427324443e-17 1.128326371829527286e-11 1.969906025579183650e-01 3.182396455564497372e-08 2.982856369721297395e-23 3.395910352826644885e-02 2.467950440484920904e-01 3.017261470477181346e-22 4.231376692878315992e-103 5.222552180300751301e-01
5.184136354679101943e-01 4.436619717931201414e-36 1.054706745355642837e-09 1.832957324513759115e-10 6.705995117872290412e-02 2.686467639228284654e-47 3.227915439391196295e-01 9.560728384502996476e-28 9.173486817624476597e-02 5.444184917565005401e-40 3.412540448294340801e-103 4.744563017001002247e-72
1.902189912855474230e-35 1.839242036954853384e-06 1.444882493949435250e-24 1.820958117457455090e-14 2.962618869572695517e-27 7.582207444029437360e-01 7.754422307872715482e-47 2.609173543047880186e-33 2.417774163550007738e-01 9.510741645258808698e-17 3.310659484422059411e-103 7.208704478719589312e-42
3.609656434465474976e-28 3.181687931090572169e-11 1.108832320999955897e-25 8.364713266409021797e-01 2.239543836409100055e-02 1.411332349630987637e-01 1.881961752259742521e-54 9.120315193819532860e-14 3.225060019695745273e-20 7.848036870625666530e-72 3.877122295382827103e-103 1.333758010372192051e-31
8.917351843709108544e-44 1.957659994287798411e-01 9.382974979718186525e-38 3.474556984153769840e-18 7.388901125168441686e-26 2.812304963706339051e-14 2.445553194514591322e-63 1.668039641168408044e-41 1.239094283922529405e-01 3.784777334702487665e-103 3.767533659093720659e-103 6.803245721789391576e-01
3.399864303908580817e-21 5.934088561649335346e-34 6.193532062108347835e-01 9.633220902255900035e-29 5.219366481914254252e-27 2.275098446937820650e-38 1.354051851520670902e-35 3.806467937891652165e-01 5.058754189268406380e-43 1.161125726317418142e-65 2.673637003513884685e-103 3.235683173885310502e-87
7.627610083631029121e-32 3.076021406227057442e-01 9.388313838098265307e-02 3.226260974676063431e-01 2.852354726579452154e-05 9.418462509914088725e-22 7.202064980811603845e-02 1.881402960361123755e-01 1.608270055882107761e-23 1.569915413721104450e-02 5.342553693708811535e-103 1.167212504691148569e-70
1.598077442268449794e-51 6.633966962819316526e-01 8.669997236367732588e-39 1.356241480709607095e-01 1.927906698300762556e-01 8.801175893932814305e-12 4.635469654489579585e-44 8.188485807724858040e-03 5.052589591009375692e-13 5.242053271582034457e-103 5.232166448819406947e-103 6.975902185153157760e-44
2.114164451454091931e-01 2.481053314242620783e-40 1.704946053383693816e-01 1.374210775055384263e-71 5.726228532255488409e-30 3.476821668232450813e-78 6.180889495162213976e-01 1.549910478109845452e-37 3.130814909312704540e-37 2.019948239946548760e-48 3.891492444728412530e-103 3.893261338602020167e-103
3.346334387915694642e-59 3.292164964079841891e-103 6.718039716718136951e-60 5.617586482580780521e-102 3.318135112184824538e-103 3.302584023051957097e-103 1.643674092728585612e-01 8.503820161621496627e-92 6.256279641725334474e-85 8.356325907271414666e-01 3.289473684210526616e-103 3.289473684210526616e-103
0.000000000000000000e+00 0.000000000000000000e+00 0.000000000000000000e+00 0.000000000000000000e+00 0.000000000000000000e+00 0.000000000000000000e+00 0.000000000000000000e+00 0.000000000000000000e+00 0.000000000000000000e+00 0.000000000000000000e+00 0.000000000000000000e+00 0.000000000000000000e+00
