5.229486694549141338e-63 1.818777648416037285e-01 4.749661481905573246e-01 1.614679506563847835e-63 2.065023735071461974e-48 2.921529292612959892e-47 1.564741165603024745e-02 1.499620551945341435e-45 3.275086753118087723e-01 3.294853084638131308e-103 3.289473684210526616e-103 3.289473684210526616e-103
2.233474371902194590e-81 1.901389772124755430e-23 2.341952426671593933e-51 3.981868956950432036e-44 1.000000000000000000e+00 1.363234885100657331e-32 1.472117710451262342e-30 5.031516070028514598e-40 3.457364128087432200e-35 8.576596311454891825e-60 4.500996720326970775e-103 1.954009708601649749e-50
1.512365022682019656e-41 1.109640494302106539e-01 5.225713613558113059e-21 2.955001058671770776e-41 1.948432033431452010e-27 6.165290964710424398e-02 3.017586573670762440e-01 3.011994042242273618e-51 5.256243835556090316e-01 3.794395474981415150e-95 5.403692531729596117e-103 5.406421231778540324e-103
5.995429762827722867e-87 1.053545948186491928e-66 7.745275614501899280e-27 5.124311322854192388e-19 3.156184371856089627e-46 4.202525404458027497e-02 5.388939728982000256e-32 4.481115858156299314e-01 1.097297206713867580e-02 3.421712723153288449e-01 5.400905128298441361e-103 1.567189157573223024e-01
5.021374903835182853e-38 9.153802492758489340e-02 4.534030525447173717e-26 9.878516035466108902e-02 2.348388762057704674e-51 2.004759278383267489e-35 1.007603478721807444e-01 4.964908622880382927e-01 1.829473314391396129e-89 2.124256045575348417e-01 4.500996344618392766e-103 8.383120611086619690e-89
3.936878927467698540e-103 2.844545705545946918e-50 1.764073602222780395e-42 6.415384665337653392e-01 1.559092674984068379e-32 3.584615334662347164e-01 2.230388813123804933e-22 3.965710465032701817e-50 1.783485813183941903e-48 4.923399529741663171e-37 3.930832881069690831e-103 3.373036246877486731e-59
9.018023767685252092e-63 3.215643146134845032e-01 2.327635036990760881e-42 1.442067098244889460e-30 1.102642571368036209e-16 6.054816920808100411e-01 4.669724623015194625e-25 7.295399330570406793e-02 1.350772848519475257e-15 5.341312731352685719e-52 4.204261054224049312e-103 2.608292868675394005e-52
1.970887698371684487e-54 2.076731925676865986e-01 1.535046398474162775e-36 5.460628068538096230e-32 4.960792342694988821e-46 2.363970628598650069e-19 4.531783652192186246e-21 4.466237868094400515e-02 5.235530437091624259e-89 7.476644287513694032e-01 4.193325581006228983e-103 3.557592379717093804e-24
2.465466780265077257e-56 1.277497055248348915e-17 2.045045484777240630e-01 6.535106867360353267e-29 9.325539079753481228e-08 6.960865386048705656e-25 7.787560286552899225e-01 1.673932961159528901e-02 1.607606768998549064e-20 3.702566962305921950e-67 5.028520180691028168e-103 5.038571948739215926e-103
3.514839825219144709e-103 2.499407135822538013e-16 5.442736872048232294e-36 7.506797245300489859e-32 2.321180223570723395e-20 7.547533401481437911e-18 9.313191639121920936e-10 4.800273865218318559e-02 2.865673141518098352e-92 7.780787138489905113e-31 3.462024220881878527e-103 9.519972604164974594e-01
1.000000000000000000e+00 2.420264785220744450e-81 8.780331861708748065e-62 3.295557164907582819e-103 6.464491231731605790e-58 3.290530699670481130e-103 2.125186846908936870e-63 8.003212068597783588e-77 1.187493425977544275e-24 3.291465091934450029e-103 3.289473684210526616e-103 3.289473684210526616e-103
0.000000000000000000e+00 0.000000000000000000e+00 0.000000000000000000e+00 0.000000000000000000e+00 0.000000000000000000e+00 0.000000000000000000e+00 0.000000000000000000e+00 0.000000000000000000e+00 0.000000000000000000e+00 0.000000000000000000e+00 0.000000000000000000e+00 0.000000000000000000e+00
