 0 1 2 3 4
abused 2.84940846853e-103 1.35067137287e-103 1.53184636803e-103 0.00265352288872 2.14586314343e-103
accessary 2.84940846853e-103 0.00135067137287 1.53184636803e-103 2.65352288872e-103 2.14586314343e-103
add 2.84940846853e-103 0.00135067137287 1.53184636803e-103 4.17598011878e-42 2.1666239503e-103
adjunct 2.84940846853e-103 1.71448716177e-50 1.53184636803e-103 0.00265352288872 2.16551282116e-103
admiring 2.84940846853e-103 0.00134451773702 1.53184636803e-103 2.68109149305e-103 9.77651605898e-06
advance 2.84940846853e-103 1.35067137287e-103 1.53184636803e-103 0.00265352288872 2.14586314343e-103
after 2.84940846853e-103 0.00135067137287 3.48908887958e-72 2.65352288872e-103 2.14586314343e-103
again 0.00281976381501 2.83990566394e-60 1.54012358732e-103 0.00268112958938 2.14924772306e-103
against 2.84940846853e-103 1.65181405103e-12 0.00306369273419 2.653548013e-103 5.53663762636e-74
age 0.00284000606976 0.00135512828068 1.5620898519e-103 4.09583622884e-28 4.46609503456e-89
ah 2.84940846853e-103 1.35067137287e-103 0.00153184636803 2.65352288872e-103 2.15638821619e-103
alive 2.84940846853e-103 0.00135067137287 1.53184636803e-103 2.65352288872e-103 2.18034313097e-103
all 0.00652970477227 5.34267066354e-17 0.0218556552742 0.00613163234627 0.00886268077724
allege 0.00284940846853 2.68320233427e-69 1.53416255997e-103 3.16404253991e-99 2.15166517602e-103
alone 2.84940846853e-103 0.00252051697858 4.3609366522e-49 0.00831581815295 2.56884083629e-33
am 2.8551886233e-103 0.00622038748558 0.0067318457602 1.95494831627e-52 2.76625150361e-44
an 2.84940846853e-103 0.00270134274574 2.76339550331e-24 2.66721044673e-103 2.46395298764e-32
and 1.67660128053e-79 0.0410643846796 0.0599194902247 3.3468289215e-72 0.0439498428916
angel 2.84940846853e-103 1.35067137287e-103 1.53184636803e-103 2.65352288872e-103 0.00214586314343
another 2.84940846853e-103 0.00135067137287 1.98747840889e-34 2.65352288872e-103 2.14623177946e-103
answer 0.00284940846853 7.14831257962e-23 1.5350780259e-103 2.68076388404e-103 2.14910743673e-103
any 2.84940846853e-103 1.35896754187e-103 0.00123910916292 2.65352288872e-103 0.00255593950113
appeal 0.00284940846853 1.56426221769e-36 1.54690691139e-103 2.65352288872e-103 2.14586314343e-103
apple 2.84940846853e-103 1.71804263618e-99 1.53184636803e-103 2.6540772813e-103 0.00214586314343
are 2.86478446348e-103 0.0094914729479 4.55357344671e-14 4.59207392748e-77 0.0106708925123
arise 2.84940846853e-103 1.35067137287e-103 1.53184636803e-103 0.00265352288872 2.14586314343e-103
art 0.00470213961021 0.00418744124258 0.00460766678227 0.00329461504002 5.884842985e-19
as 2.8646513119e-103 0.00455248747861 0.0270056292735 1.10560266565e-73 1.51619879631e-19
assure 2.89551534154e-103 0.00135067137287 1.53184636803e-103 4.5035390401e-40 4.21768287264e-102
awakes 2.84940846853e-103 1.35067137287e-103 0.00153184636803 2.65352288872e-103 7.76920759101e-100
awards 2.84940846853e-103 0.00135067137287 1.53184636803e-103 3.06096192405e-57 1.93995249177e-70
away 2.84940846853e-103 4.82644680973e-22 0.00450158940193 0.00812331193487 3.08230730747e-31
babe 0.00284940846853 1.35757904406e-103 1.53965213193e-103 1.12451906896e-46 2.1691422423e-103
back 2.85053100124e-103 0.00198381747227 1.53184636803e-103 2.68856055182e-103 0.00328582292176
bad 0.00553170832377 5.23231887785e-55 1.54952124487e-103 0.00280914344477 2.15957796371e-103
badges 2.84940846853e-103 0.00135067137287 1.53184636803e-103 2.65352288872e-103 9.03422051514e-74
badness 2.86274522144e-103 0.00135067137287 1.53184636803e-103 1.48853410598e-35 4.54710544524e-100
bath 0.00284940846853 1.35067137287e-103 1.54015888342e-103 2.65352288872e-103 2.1885249961e-103
be 0.00354398724956 0.0189988896946 0.00415977161373 0.0291850527481 0.00209403481507
bear 2.84940846853e-103 1.91618788996e-34 0.00153183345384 0.00265337694103 1.3611630577e-07
beauteous 2.84940846856e-103 0.00270134274574 1.55960634068e-103 2.65352288872e-103 2.14942465221e-103
beauty 0.0179104969102 0.00043664180144 1.5358662126e-103 1.36519291221e-32 0.00727669250187
beautys 2.86623778247e-103 8.40574866077e-19 1.53184636803e-103 2.68730803277e-103 0.00429172628686
because 2.84940846853e-103 1.35067137287e-103 0.00153184636803 2.65352288872e-103 2.14605131906e-103
becomes 2.84940846853e-103 0.00135067137287 1.53184636803e-103 3.1626615666e-39 1.93631772384e-86
becoming 2.84940846853e-103 0.00135067137287 1.53184636803e-103 2.66050225648e-103 1.07835373231e-27
before 2.84940846853e-103 3.54400825591e-21 0.00153184636803 2.65352288872e-103 2.1482378788e-103
begin 2.84940846853e-103 1.35067137287e-103 1.53184636803e-103 0.00265352288872 2.14586314343e-103
behind 2.84940846853e-103 1.35067137287e-103 1.53184636803e-103 0.00265352288872 2.14586314343e-103
behold 2.84940846853e-103 0.00135067137287 1.53184657211e-103 2.65352288872e-103 2.14588623965e-103
being 2.85276247929e-103 2.02290219589e-79 3.6881404023e-35 2.65446149158e-103 0.0193127682909
belied 0.00266104617505 1.36916748861e-103 8.20439831736e-49 0.00282376202267 4.18413073838e-06
belong 2.84940846853e-103 1.35067137287e-103 1.53184636803e-103 0.00265352288872 2.14586314343e-103
belongs 0.000270072780427 2.00291051524e-71 1.5384328613e-103 8.80274219664e-56 0.00194247383229
beloved 8.08148091874e-25 5.47867910205e-05 1.56520561004e-103 0.00519941189485 1.80385961163e-23
beseechers 2.84940846853e-103 0.00135067137287 1.53184636803e-103 1.49783245215e-41 1.22188619166e-72
besides 2.22538306217e-49 0.00135067137287 1.53195867528e-103 2.65352288872e-103 2.14586314343e-103
best 2.44805526987e-19 0.00270134274574 1.53420109791e-103 0.00265352288872 2.1756485577e-103
better 2.86522923337e-103 0.00270134274574 1.53184636803e-103 5.10588635597e-37 7.65794201666e-100
black 2.84940846853e-103 1.35067137287e-103 0.0030438812232 0.00265352288872 0.00431947893631
blame 0.00284940846853 6.61183005102e-20 4.49206628493e-16 2.65352288872e-103 2.94860583315e-23
blessed 2.84940846853e-103 9.78575426269e-29 0.00306369273606 2.65352288872e-103 2.18364418459e-103
blessings 2.84940846853e-103 0.00135067137287 1.53184636803e-103 2.65352288872e-103 2.14586314343e-103
blind 2.84940846853e-103 1.35067137287e-103 1.53184636803e-103 0.00530704577745 2.14586314343e-103
blood 2.84940846853e-103 1.84428342348e-22 1.53184636803e-103 2.75905116979e-103 0.00429172628686
blot 2.84940846853e-103 1.35067137287e-103 1.53184636803e-103 0.00265352288872 2.14586314343e-103
boast 0.00284940846853 1.35140072627e-103 1.5399394522e-103 5.79883979536e-82 2.16800061855e-103
book 2.84940846853e-103 1.35067137287e-103 1.53184636803e-103 0.00265352288872 2.14586314343e-103
born 2.84940846853e-103 1.35637125484e-103 1.63287595243e-103 2.65352288872e-103 0.00214586314343
bosom 2.84940846853e-103 0.00135067137287 1.53184636803e-103 7.61328821386e-44 1.31285531626e-82
both 0.00284574358967 1.35073118793e-103 0.00153381661253 2.65352288872e-103 2.74966577114e-91
brass 0.00284940846853 2.48986168415e-71 1.53428561238e-103 2.77743407047e-103 2.15314046984e-103
brave 2.90326491566e-103 1.35069910506e-103 0.00153184636803 2.65662765014e-103 2.16613307591e-103
breast 2.84940846853e-103 1.35067137287e-103 1.53184636803e-103 0.00265352288872 2.14586314343e-103
breath 0.00282292583123 5.04419754163e-41 8.31753767809e-38 2.65352288872e-103 0.00216580697246
breathe 0.00284940846853 1.35246193752e-103 1.53562873406e-103 1.3645136378e-74 2.16684331551e-103
breathes 2.84940846853e-103 0.00135067137287 1.53184636803e-103 2.65352288872e-103 1.00025732805e-74
bred 2.84940846853e-103 1.35067137287e-103 1.53184636803e-103 0.00530704577745 2.14586314343e-103
breed 2.84940846853e-103 1.35080121958e-103 0.00153184636803 2.65352288872e-103 2.16481557601e-103
bright 4.3503231012e-103 3.19215864108e-17 1.57475744814e-103 0.00796056866617 5.96944115918e-20
bring 2.84940846853e-103 0.00135067137287 1.53184636803e-103 2.78829625096e-50 2.23915601234e-46
brings 2.84940846853e-103 1.35067137287e-103 1.53184636803e-103 0.00265352288872 2.14586314343e-103
but 1.23976995391e-79 5.0199471437e-16 0.0388882766634 2.66720095705e-103 0.0184833097589
by 0.00293267469333 3.67930594056e-17 0.00958881743158 4.23477700475e-90 0.0186928944669
call 0.00552890721414 4.73093983324e-52 2.14386770144e-52 0.00546527487789 2.15574404301e-103
came 2.84940846853e-103 1.35067137287e-103 0.00153184636803 2.65352288872e-103 2.1506315431e-103
can 2.85241517037e-103 0.00363043870279 1.54383794985e-103 1.5660871335e-73 0.00925322552157
cannot 2.84940846853e-103 0.00135067137287 1.53184636803e-103 1.53152211051e-48 2.16662395031e-103
care 2.84940846853e-103 1.35067137287e-103 1.53184636803e-103 0.00265352288872 2.14586314343e-103
carved 2.8646186307e-103 1.35264752567e-103 0.00153184636803 2.65352288872e-103 2.61279346211e-100
cast 2.85270514094e-103 0.00135067137287 1.53184636803e-103 2.0333188068e-33 1.05833236242e-32
cause 2.84940846853e-103 1.35067137287e-103 1.53184636803e-103 0.00265352288872 2.14586314343e-103
change 0.00284940846853 1.3521679984e-103 5.11209218842e-62 3.41201504713e-89 5.61457831281e-101
cheeks 2.84940846853e-103 1.35067137287e-103 1.53184636803e-103 2.65352288872e-103 0.00214586314343
cheer 2.84940846853e-103 1.35067137287e-103 1.53184636803e-103 0.00265352288872 2.14586314343e-103
child 0.00284940846853 1.35067137287e-103 1.53558224188e-103 5.97291480194e-39 2.16634865877e-103
choose 2.84940846853e-103 1.35067137287e-103 1.53184636803e-103 0.00265352288872 2.14586314343e-103
cold 2.84940846853e-103 1.35067137287e-103 1.53184636803e-103 0.00265352288872 2.14586314343e-103
commits 2.84940846853e-103 1.35067137287e-103 1.53184636803e-103 0.00265352288872 2.14586314343e-103
common 2.84940846853e-103 0.00135067137287 1.53184636803e-103 8.64359718089e-41 2.1666239503e-103
compare 2.84940846853e-103 1.35067137287e-103 1.53184636803e-103 0.00265352288872 2.14586314343e-103
compared 2.84940846853e-103 1.35067137287e-103 0.00153184636803 2.65352288872e-103 5.89426193369e-80
complexion 2.85447077252e-103 0.00135067137287 1.53184636803e-103 8.35324205807e-40 2.16963569224e-103
conceit 0.00284940846853 1.35067137287e-103 1.53508146795e-103 6.30077280659e-90 2.16620914135e-103
conquest 0.00284940846853 1.35067137287e-103 6.38761273264e-100 1.45958821711e-91 2.17322159383e-103
conscience 0.00284940846853 5.97874326748e-54 1.53363643592e-103 2.65352288872e-103 2.14586314343e-103
constancy 0.00284940846853 1.35067137287e-103 1.53651660797e-103 2.65503680181e-103 2.14668562224e-103
constant 2.84940846853e-103 0.00135056659182 1.53184636803e-103 1.9164622423e-77 1.66469644847e-07
contains 2.84940846853e-103 1.35067137287e-103 1.53184636803e-103 0.00265352288872 2.14586314343e-103
content 2.84940846853e-103 1.35067137287e-103 1.53184636803e-103 0.00265352288872 2.14586314343e-103
control 2.84940846853e-103 1.35067137287e-103 1.53184636803e-103 0.00265352288872 2.14586314343e-103
cools 2.84940846853e-103 0.00135067137287 1.53184636803e-103 6.84801284681e-78 2.14739495219e-103
copy 2.84940846853e-103 0.00135067137287 1.53184636803e-103 8.66609877994e-42 9.49051367737e-98
count 0.00284940846853 1.35067137287e-103 1.53430677787e-103 2.70932303393e-103 2.15288245053e-103
countenance 2.84940846853e-103 3.17767390479e-55 8.72778417123e-45 0.00265352288872 1.5699759645e-17
crests 2.84940846853e-103 1.3589647989e-103 0.00153184636803 2.65352288872e-103 5.48631402189e-74
crime 2.84940846853e-103 1.35067137287e-103 1.53184636803e-103 0.00265352288872 2.14586314343e-103
crooked 3.17702177493e-103 0.00135067137287 1.53184636803e-103 4.25281162792e-30 2.82984264224e-68
cruel 3.12039953683e-103 2.31606769508e-44 1.53184636803e-103 1.49849583152e-55 0.00214586314343
crying 2.84940846853e-103 1.35067137287e-103 1.53184636803e-103 3.56091744048e-37 0.00214586314343
cunning 2.84940846853e-103 1.35067137287e-103 1.56654373341e-76 2.65352288872e-103 0.00429172628686
cupid 2.84940846853e-103 4.22783228831e-54 1.53184636803e-103 2.65352288872e-103 0.00214586314343
cure 0.00568416161989 1.35448217654e-103 0.00153369379443 1.04476392965e-05 2.39342323805e-16
curious 2.84940846853e-103 0.00135067137287 1.53184636803e-103 3.2332569829e-42 2.20737135883e-103
curse 2.84940846853e-103 1.35067137287e-103 1.53184636803e-103 0.00265352288872 2.14586314343e-103
daily 1.94825815821e-53 4.24450425e-62 1.53287005375e-103 4.02900436221e-69 0.00429172628686
dare 0.00284940846853 1.35188111065e-103 2.50177447669e-66 1.02102323873e-80 5.01733202729e-96
dark 2.84940846853e-103 2.20358043174e-09 0.00153184386887 2.65352288872e-103 2.14586314343e-103
date 2.84940846853e-103 1.35067137287e-103 1.53184636803e-103 0.00265352288872 2.14586314343e-103
day 0.00545424535366 1.35477043926e-103 4.10817154589e-54 0.00282363727173 0.0021924788543
days 2.53689275019e-61 1.35502570098e-103 0.00300409538019 0.0133708512637 2.5669177019e-46
dead 2.84940846853e-103 1.35067137287e-103 1.53184636803e-103 0.00796056866617 0.00214586314343
dear 5.62639544165e-75 0.00662124653937 6.17039107893e-44 0.00291306623747 1.69306038176e-33
death 2.90231725688e-103 0.00405201411861 1.53193280323e-103 2.6987453829e-103 2.0446802358e-22
deaths 2.84940846853e-103 1.35067137287e-103 1.53184636803e-103 2.65352288872e-103 0.00214586314343
debate 2.84940846853e-103 1.35067137287e-103 1.53184636803e-103 0.00265352288872 2.14586314343e-103
decay 2.84940846853e-103 1.35067137287e-103 1.53184636803e-103 0.00265352288872 2.14586314343e-103
deeds 2.84940846853e-103 1.35067137287e-103 1.53184636803e-103 0.00796056866617 2.14586314343e-103
defence 2.84940846853e-103 1.35067137287e-103 1.53184636803e-103 0.00265352288872 2.14586314343e-103
delight 2.84940846853e-103 1.35067137287e-103 1.53184636803e-103 0.00265352288872 2.14586314343e-103
denied 2.84940846853e-103 1.35067137287e-103 1.53184636803e-103 0.00265352288872 2.14586314343e-103
despite 2.84940846853e-103 0.00125248134555 1.53319568231e-103 0.00246107357674 0.0024574921845
devise 2.84940846853e-103 1.35067137287e-103 1.53184636803e-103 0.00265352288872 2.14586314343e-103
did 3.07939751825e-103 0.00270134274574 1.53184636803e-103 2.15114197875e-37 5.82299518312e-73
die 4.60954794831e-05 1.71854692304e-70 0.00457075810354 0.00265352288872 2.15667614129e-103
died 0.00284940846853 1.00332457805e-99 1.53609044666e-103 2.65352288872e-103 2.14640871545e-103
dies 0.00284940846853 1.35067137287e-103 1.53531744538e-103 1.35510222631e-83 2.16758619418e-103
diest 2.84940846853e-103 1.35067137287e-103 0.00153184636803 2.65352288872e-103 2.15979904541e-103
disdaineth 2.84940846853e-103 1.35067137287e-103 1.53184636803e-103 0.00265352288872 2.14586314343e-103
distilled 2.84940846853e-103 1.35067137287e-103 4.16422966224e-62 2.65352288872e-103 0.00214586314343
distills 2.84940846853e-103 0.00135067137287 1.53184636803e-103 2.65352288872e-103 2.14671953367e-103
do 0.00615201088018 2.94508240068e-54 0.0118968632492 2.67947054801e-103 0.00230593640381
doom 0.00284940846853 1.35067137287e-103 1.53426511414e-103 2.70579159941e-103 2.15244505838e-103
dost 2.88269211228e-103 0.00945469961009 6.02692961627e-83 4.00854086112e-52 1.93092975997e-62
doth 0.0147379615528 0.00536157650865 1.53503065556e-103 2.8497570662e-06 0.00398502642844
doubt 2.84940846853e-103 1.35067137287e-103 1.53184636803e-103 0.00265352288872 2.14586314343e-103
draw 0.00569881693706 1.35213712862e-103 2.25817675422e-55 9.77287996219e-102 3.68172741313e-99
drawn 2.84940846853e-103 2.06868902842e-67 1.53184636803e-103 0.00265352288872 3.5488985339e-75
dreading 2.84940846853e-103 1.35067137287e-103 1.53184636803e-103 0.00265352282537 5.1230367061e-11
dream 2.84940846853e-103 5.16155441697e-41 0.00153184636803 2.59373465683e-86 7.91887942422e-42
dreams 0.00284940846853 1.35067137287e-103 1.53558224188e-103 2.57894142306e-98 2.16688833462e-103
drugs 2.84940846853e-103 1.35067137287e-103 0.00153184636803 2.65352288872e-103 2.15063156614e-103
due 0.00569881693706 1.35067137287e-103 1.54321539119e-103 2.62431690481e-102 1.92534021223e-81
dull 3.98553330485e-60 0.00270134274574 1.53996266348e-103 5.78696422393e-47 4.20437856812e-45
dumb 0.00284940846853 2.23819728912e-28 1.54688210557e-103 2.65352288872e-103 2.14586314343e-103
dwell 3.18525668693e-52 0.00135067137287 1.53246674248e-103 2.65352288872e-103 2.14589547855e-103
dying 3.03927667632e-103 0.00135067137287 1.53184636803e-103 2.55189760137e-35 5.87588137636e-16
eat 0.00284940846853 1.3542898622e-103 4.43775613411e-26 2.66060503962e-81 7.36389754621e-69
edge 2.84940846853e-103 1.35067137287e-103 1.53184636803e-103 0.00265352288872 2.14586314343e-103
effect 2.84940846853e-103 1.35067137287e-103 1.53184636803e-103 0.00265352288872 2.14586314343e-103
eithers 2.85618749901e-103 0.00135067137287 1.53184636803e-103 3.994375353e-38 6.49227621109e-103
elements 0.00284940846853 9.74584878459e-52 5.57579325318e-51 2.66347832285e-103 5.16024611232e-101
else 0.00569881693706 1.39006820942e-103 2.95635351132e-41 2.71888137745e-103 1.38795054272e-57
elsewhere 2.84940846853e-103 1.35067137287e-103 1.53184636803e-103 0.00265352288872 2.14586314343e-103
end 0.00266828513585 1.35067137287e-103 1.53558379585e-103 0.00282219470755 2.1663568517e-103
enfeebled 2.84940846853e-103 0.00135067137287 1.53184636803e-103 2.05127380105e-42 2.1666239503e-103
engraft 2.84940846854e-103 0.00135067137287 1.53184636803e-103 5.24619833313e-80 3.91256105683e-89
enough 7.28830010122e-08 6.10130307592e-52 1.54145736648e-103 0.00265345501614 2.44588708845e-99
enrich 2.84940846853e-103 0.00135067137287 1.53184636803e-103 2.70422549627e-103 9.51230408589e-65
ere 2.84940846853e-103 0.00135067137287 0.00153184636803 2.28325153618e-43 2.17148791348e-103
erred 2.84940846853e-103 1.35067137287e-103 1.53184636803e-103 0.00265352288872 2.14586314343e-103
error 6.49416247806e-45 0.00135067137287 7.0535487267e-43 2.65352288872e-103 2.14930617356e-103
even 2.84940846853e-103 0.00135067137287 0.00459553910409 1.36489674913e-31 4.34951062414e-96
ever 2.84940846853e-103 0.00405201411861 1.53184636803e-103 1.25706599489e-55 2.78711019314e-97
every 2.84940846853e-103 3.41426968996e-91 1.53184636803e-103 2.65352288872e-103 0.00214586314343
eves 0.00284940846853 1.3533257351e-103 1.1884657958e-37 1.23212820697e-83 5.6000646811e-80
evil 2.84940846853e-103 0.00135067137287 1.53184636803e-103 9.74359407694e-35 2.15454453911e-103
example 2.84940846853e-103 0.00135067137287 1.53184636803e-103 2.65352288872e-103 2.14586314343e-103
executor 0.00284940846853 1.35067137287e-103 1.53538219817e-103 7.22145627555e-84 2.16422708721e-103
external 2.84940846853e-103 1.35067137287e-103 0.00153184636803 2.65352288872e-103 2.03215727324e-86
eye 2.84940846853e-103 1.39277845401e-103 1.56802936397e-103 2.6551545615e-103 0.00214586314343
eyes 0.0135511193311 3.45871487579e-23 8.79185525196e-14 0.00995778681896 0.00749242615327
fade 2.84940846853e-103 0.00135067137287 3.10961844119e-75 2.65352322342e-103 2.14590630719e-103
fair 7.32860094318e-24 0.00614359060814 0.00213535236388 0.00280605074936 6.29801448676e-32
fall 2.84940846853e-103 1.35067137287e-103 1.53184636803e-103 0.00265352288872 2.14586314343e-103
false 0.00350370677345 9.35600082767e-51 1.53463285337e-103 0.00257017381069 0.00601224655038
fame 2.84940846853e-103 0.00135067137287 1.53184636803e-103 1.37970369499e-75 1.26720872028e-18
far 2.84940846853e-103 1.35067137287e-103 1.53184636803e-103 2.65980230103e-103 0.0064375894303
faster 2.84940846853e-103 9.38481107195e-75 1.53184636803e-103 0.00265352288872 2.16551269853e-103
father 2.84940846853e-103 1.35067137287e-103 8.43946973294e-50 2.65352288872e-103 0.00214586314343
faults 2.84940846853e-103 1.42946544682e-76 1.53184636803e-103 0.00530704577745 2.00253727485e-92
fear 2.84940846854e-103 1.28341302348e-77 0.00153184636803 0.00265352288872 2.17055473999e-53
fears 2.84940847131e-103 0.00234953619798 3.23788336262e-45 0.000691157557379 5.44099763008e-85
fee 2.84940846853e-103 1.35067137287e-103 1.53184636803e-103 0.00265352288872 2.14586314343e-103
feed 2.84940846853e-103 0.00135067137287 1.40526898087e-51 2.65352288872e-103 2.14711265176e-103
feeds 2.84940846853e-103 0.00135067137287 1.53184636803e-103 2.65352288872e-103 2.14586314343e-103
feelst 2.84940846853e-103 0.00135067137287 1.53974686777e-103 2.6616140592e-103 2.14641766037e-103
feil 2.84940846853e-103 1.35067137287e-103 0.00153184636803 2.65352288872e-103 2.16010028255e-103
fester 2.84940846853e-103 0.00135067137287 1.53184636803e-103 1.02965435321e-89 3.77028030971e-44
filled 2.84940846853e-103 1.35067137287e-103 1.53184636803e-103 2.65352288872e-103 0.00214586314343
find 0.00527900782512 7.0743820109e-64 9.30646824453e-22 0.00569799467078 8.12238844509e-65
finding 2.84940846853e-103 1.35067137287e-103 0.00153184636803 2.65352288872e-103 9.56978751748e-80
fine 2.8569150723e-103 0.00135067076033 1.53184636803e-103 2.68783459648e-103 9.73168022934e-10
fingers 0.00284940846853 9.67383369625e-23 1.54238511074e-103 1.37783872952e-77 4.17002682831e-73
fire 0.00854822540559 1.35067137287e-103 1.53368055499e-103 2.65352288872e-103 2.14587304058e-103
first 2.8526957573e-103 0.00129733508397 1.53184636803e-103 2.19983568303e-32 0.00223060054059
flatter 2.84940846853e-103 1.35067137287e-103 1.53184636803e-103 0.00265352288872 2.14586314343e-103
flattered 2.97314154863e-102 1.35067137387e-103 1.53184636803e-103 0.00265352252511 2.94051494752e-10
flattery 2.84940846853e-103 1.36001225096e-103 0.00153184636803 2.65352288872e-103 8.5599219874e-46
flowers 4.13525053e-37 1.3589661531e-103 0.00153184636803 2.70341932733e-103 5.64055196273e-51
foes 2.84940846853e-103 1.35067137287e-103 1.53184636803e-103 0.00265352288872 2.14586314343e-103
fond 0.00284940846853 1.35067137287e-103 1.53461768065e-103 2.65352288872e-103 2.14607892253e-103
fool 2.84940846853e-103 0.00135067137287 1.53184636803e-103 4.50243915397e-53 2.15121604633e-103
fools 0.00284940846853 1.35067137287e-103 1.53450849163e-103 1.8178508968e-99 2.15557129886e-103
for 0.00291841855654 0.0122595136921 0.0458009404415 2.40436585387e-62 1.14096596618e-13
forgetfulness 2.84940846853e-103 2.51706140972e-15 0.00153184636803 2.65352288872e-103 1.07974278522e-98
form 0.00284940846853 1.35561373707e-103 1.53557997481e-103 3.30005129708e-61 2.16755261672e-103
former 3.45448856323e-103 0.00135067137286 1.53184636803e-103 1.74399632657e-14 1.1197857988e-38
forth 2.84940846853e-103 1.35067137287e-103 1.53184636803e-103 0.00265352288872 2.14586314343e-103
foul 0.00211394698793 0.00304996484701 3.11914251242e-65 7.73549885143e-44 1.17385821019e-80
found 1.17517835584e-33 1.18798347323e-84 0.00153184636803 2.703404489e-103 6.50041202008e-57
free 2.84940846853e-103 1.35067137287e-103 1.53184636803e-103 0.00265352288872 2.14586314343e-103
friend 0.000566408974985 0.00242002356195 1.53861098096e-103 0.00267873069396 2.14836944552e-103
from 2.84940846853e-103 0.00406706252786 0.00457847214649 1.53440215731e-76 9.49461445668e-21
full 0.00284445656284 1.35067137287e-103 0.00153450852013 2.58692704947e-95 2.17139587137e-103
gain 2.86139893833e-103 1.35074374444e-103 0.00153146293153 0.0026541870921 2.1629843631e-103
gainst 2.84940846853e-103 1.36162567311e-103 0.00153184636803 2.05849690954e-78 5.52124702148e-48
gavst 2.84940846853e-103 1.35620117535e-103 0.00153184636803 2.65352288872e-103 1.19205200785e-99
general 2.84940846853e-103 0.00135067137287 1.15636858434e-16 2.65352288872e-103 2.14586314343e-103
get 2.84940846853e-103 0.00135067137287 1.53184636803e-103 3.8928995835e-63 8.7394177684e-17
give 0.001160365085 1.46371075374e-70 0.0100991105247 2.54634048303e-101 2.54873805465e-77
given 0.00284940846853 2.91665581709e-83 1.53364529406e-103 1.58903328302e-86 2.14596104151e-103
gives 2.84940846853e-103 0.00137180003109 1.53184636803e-103 5.01038450024e-41 0.00211229523798
glad 2.84940846853e-103 1.35067137287e-103 1.53184636803e-103 0.00265352288872 2.14586314343e-103
glass 2.84940846853e-103 0.00135067137287 1.53184636803e-103 1.92752561973e-90 2.14660396946e-103
glutton 2.84940846853e-103 0.00135067137287 1.53184636803e-103 4.50403473857e-41 2.17250193742e-103
gluttoning 2.23545273888e-87 1.36760818102e-103 0.00153184636803 2.65352288872e-103 2.16074145587e-103
go 2.84940846853e-103 1.35067137287e-103 1.53184636803e-103 0.00341535266364 0.00152978312298
going 2.84940846853e-103 4.31461950729e-103 0.00153184636803 4.37910102466e-47 1.18615116147e-44
gone 2.84940846853e-103 1.35067137287e-103 1.53184636803e-103 0.00530704577745 2.14586314343e-103
good 1.91491705066e-65 0.00405201411861 1.53296707881e-103 2.12787487201e-42 6.40841744467e-103
goodness 2.84940846853e-103 1.35067137287e-103 0.00153184636803 2.65352288872e-103 2.15966042546e-103
got 0.00284940846799 1.35067137287e-103 1.53558224189e-103 5.00458484615e-13 1.35379387134e-87
grace 0.0028389946978 2.20748870859e-99 0.00306929119519 1.19251100156e-95 2.07221681966e-51
grave 0.00284940846853 1.35067137287e-103 1.53426511414e-103 2.7057915994e-103 2.15244505838e-103
green 2.84940846853e-103 1.35067137287e-103 1.53184636803e-103 0.00265352288872 2.14586314343e-103
grief 2.84940846853e-103 1.35067137287e-103 0.00153184636803 2.65352288872e-103 2.17458560896e-103
griefs 2.84940846853e-103 1.35067137287e-103 1.53184636803e-103 2.65352288872e-103 0.00214586314343
groan 2.84940846853e-103 1.35310223862e-103 1.57021026638e-103 2.65352288872e-103 0.00214586314343
gross 0.00284940846853 1.35256603063e-103 1.53558224188e-103 7.8013931503e-72 2.16686078729e-103
grow 2.93752876661e-103 4.76156758728e-18 1.53184636803e-103 0.0106140915549 2.69638196852e-100
growth 2.84940846853e-103 1.41574461593e-103 0.00153184636803 2.65352288872e-103 1.11059678074e-82
had 0.00265437717892 1.35479842153e-103 0.00307116772914 0.00282219807834 7.0906592581e-65
hand 2.84940846853e-103 1.35067137287e-103 1.53184636803e-103 0.00265352288872 2.14586314343e-103
happy 4.23421617546e-91 0.00398133615163 8.0158496874e-05 2.66812327589e-103 2.14262077539e-26
hardest 2.97314093719e-102 1.35067137287e-103 1.53184636803e-103 0.00265352287964 7.34228077896e-12
hast 9.9319771793e-57 1.48872099515e-103 0.00459553910409 7.2000330962e-69 2.26039587771e-37
hate 2.84940846853e-103 0.000779342115595 0.00369908936592 0.00267529541818 2.51739573517e-74
hath 3.00012950938e-103 0.00270134274574 1.53188416379e-103 1.24234780056e-71 2.66620308515e-49
have 6.99296094338e-27 0.00523111635807 0.0107236497068 1.9219146403e-84 0.0110008783576
he 0.0026748260057 0.00320452587738 3.9306759925e-39 1.34361067715e-47 0.0164989553446
head 2.84940846853e-103 1.35067137287e-103 0.00153184636803 2.65352288872e-103 1.20521412213e-48
hear 0.00240615092367 5.25207357337e-24 8.68770831967e-26 5.8929274576e-82 0.00247967629765
hearsay 3.70673589898e-103 7.82235438308e-19 1.53184636803e-103 4.11451936998e-29 0.00214586314343
heart 0.00206374741489 6.24517206435e-26 1.55375429732e-103 0.0193063101799 1.75875687639e-97
hearts 0.00854822540559 4.35565404592e-72 1.5411565234e-103 7.87846268441e-103 2.17403176071e-103
heats 2.84940846853e-103 0.00135067137287 1.53184636803e-103 2.65352288872e-103 2.14586314343e-103
heaven 0.00854822540559 8.83569924453e-90 5.08639227429e-63 3.05886901395e-103 2.16647882536e-103
heavens 0.00284940846853 1.94950957982e-98 1.53365575641e-103 5.28574046882e-85 2.16604623645e-103
heavy 2.84940846853e-103 1.35067137287e-103 1.53184636803e-103 2.65352288872e-103 0.00214586314343
heed 2.84940846853e-103 0.00110877543722 0.000274343128838 2.65352288872e-103 1.77254718688e-82
heir 2.84940846853e-103 1.35067137287e-103 1.53184636803e-103 0.00265352288872 2.14586314343e-103
hell 2.84940846853e-103 1.35067174574e-103 0.00153184636803 0.00530704577745 2.15965076421e-103
help 2.85379153944e-103 0.00135067137287 1.53184636803e-103 1.27078281894e-41 2.16923178745e-103
hence 3.7387691591e-103 3.90350949285e-58 0.00306369273606 0.00530704577745 4.31767252877e-38
her 0.00559738431392 1.35106805e-103 8.63950771024e-28 6.95844931236e-83 0.00651397739991
here 2.84940846853e-103 1.35067137287e-103 0.00153184636803 2.65352288872e-103 2.15982952023e-103
heres 2.46545302933e-35 1.3589661531e-103 0.00153184636803 2.70341932734e-103 8.80394082724e-50
hers 2.84940846853e-103 1.35067137287e-103 0.00153184636803 2.65352288872e-103 5.03343118732e-68
herself 0.00284940846853 1.36796674685e-103 1.5341014645e-103 2.69468507279e-103 2.15074759795e-103
hide 2.84940846853e-103 1.35067137287e-103 1.53184636803e-103 0.00265352288872 2.14586314343e-103
high 2.84940846853e-103 1.37723071969e-103 0.00153184636803 2.65352288872e-103 2.15935065273e-103
him 2.84949437856e-103 2.44759964288e-78 0.0168165619189 2.65352288872e-103 0.00219313868538
himself 2.84940846853e-103 0.00135067137287 2.67012974336e-34 2.65352288872e-103 2.14678405266e-103
his 0.00265744898488 6.68616507391e-23 1.54280220571e-103 5.98202985371e-56 0.0130197417709
hold 2.84940846853e-103 0.00270134274574 1.53184636803e-103 2.66249134944e-103 2.51948180147e-93
hope 0.00164281086901 0.000571948922682 1.53362154964e-103 0.00265352339369 2.14588038703e-103
how 2.84940846853e-103 1.35496905082e-103 0.00289690255664 0.00265436911116 0.00237882424332
if 1.02498607458e-39 1.03891838903e-97 0.0199140027844 2.69882107821e-103 7.19038499101e-68
ignorance 2.84940846853e-103 1.35067137287e-103 1.53184636803e-103 0.00265352288872 2.14586314343e-103
ill 0.00239006736679 6.47859792354e-85 0.00149499677659 0.00853026933483 0.00852029011486
ills 2.98378775171e-103 5.28106937971e-70 0.00153184636803 2.76819529929e-103 3.06793748509e-63
image 2.84940846853e-103 1.35067137287e-103 1.53184636803e-103 2.65352288872e-103 0.00214586314343
images 0.00284940846853 1.35067137287e-103 1.53558224188e-103 1.5524662196e-80 2.16634824165e-103
impeached 2.84940846853e-103 0.00135067137287 1.53184636803e-103 2.65352288872e-103 2.14586314343e-103
import 2.8494084686e-103 1.35067137287e-103 0.00153184636803 2.65352288872e-103 2.16483260277e-103
in 4.06460037384e-22 0.0468392858142 0.00865631384526 1.99464031902e-32 0.0186058710289
incapable 2.84940846853e-103 1.35067137287e-103 0.00153184636803 2.65352288872e-103 7.55988543448e-49
informer 0.00284940846853 1.35067137287e-103 1.53363290362e-103 2.65833721231e-103 2.14914361225e-103
ink 0.00284940846853 1.35992170427e-103 7.62627061357e-42 1.000815727e-71 3.35786145144e-73
into 0.00284940846853 2.20191036381e-70 1.53363643592e-103 2.65352288872e-103 2.14990766045e-103
inward 4.02935569297e-87 0.00135067137287 1.53192024291e-103 2.67860748778e-103 2.923444908e-61
is 6.49908368071e-71 0.0195987717833 6.62912582089e-05 1.67187325398e-90 0.0138329464335
it 8.05052138892e-65 0.018781299321 2.97836750623e-36 0.00290518736766 4.40992004801e-12
jacks 2.84940846853e-103 5.63533450969e-36 0.00153184636803 2.65352288872e-103 2.15482980813e-103
joy 0.00665420766477 0.000897798813502 1.54940206742e-103 3.26799517554e-25 9.04695044668e-51
judgment 0.00284940846853 1.35067137287e-103 1.53558094115e-103 2.65352288872e-103 2.18405656474e-103
keep 0.00284940846853 9.07465074647e-44 5.56283290564e-41 2.65352288872e-103 2.14586314343e-103
keeps 2.84940846853e-103 0.00135067137287 1.53184636803e-103 2.65352288872e-103 2.16255167985e-103
keepst 2.84940846853e-103 0.00135067137287 1.53184636803e-103 1.14650708526e-67 2.15478057221e-103
kept 2.84940846853e-103 1.35067137287e-103 1.53184636803e-103 2.65352288872e-103 0.00214586314343
kill 2.84940846853e-103 1.35067137287e-103 0.00306369273606 0.00265352288872 2.16755923404e-103
kind 2.84940846853e-103 9.50089940852e-30 0.00153184636803 2.65352288872e-103 2.15379522517e-103
king 2.84940846853e-103 2.23540710899e-59 1.53184636803e-103 2.87497487548e-103 0.00214586314343
kingdoms 2.84940846853e-103 5.96810062192e-80 1.53184636803e-103 0.00265352288872 2.81721131438e-56
kings 2.84940846853e-103 1.35067137287e-103 1.53184636803e-103 0.00265352288872 2.14586314343e-103
kiss 2.84940846853e-103 1.35067137287e-103 1.53184636803e-103 0.00265352288872 2.14586314343e-103
knife 2.84940854945e-103 1.35067137287e-103 1.53184636815e-103 0.00530704577745 2.40305357281e-31
know 2.84940846853e-103 0.00398501598869 8.08875215272e-75 0.00543867000138 9.72968448514e-33
knows 2.84940846853e-103 6.70216735299e-38 1.03093460898e-94 2.71344115418e-103 0.00429172628686
lack 0.00266828513585 1.35067137287e-103 1.53558379585e-103 0.00282219470755 2.1663568517e-103
lacked 0.00338846249764 0.00084159909586 0.000287561427185 6.13723944166e-85 2.16129952768e-103
large 2.84940846853e-103 0.00097786101824 1.53184636803e-103 2.68663608997e-103 0.000592298034562
lascivious 2.84940846853e-103 1.35067137287e-103 0.00153184636803 2.65352288872e-103 2.34189108708e-39
last 2.84940846853e-103 0.00135067137287 3.56455832232e-55 2.68574882156e-103 2.18811875682e-103
laws 2.84940846853e-103 1.35067137287e-103 1.53184636803e-103 0.00265352288872 2.14586314343e-103
leads 2.84940846853e-103 0.00135067137287 1.53184636803e-103 3.01573519643e-42 2.1674139916e-103
learn 2.84940846853e-103 1.76995272191e-74 0.00306369273606 2.65352288872e-103 2.38021384434e-74
learning 2.84940846853e-103 0.000181647005649 0.00132583377944 2.65352288872e-103 2.14634672636e-103
least 2.84940846853e-103 0.00135067137287 1.53184636803e-103 2.67050750507e-103 2.14602364289e-103
leave 2.74136653875e-67 0.00175456390608 0.00413746964138 2.67167686608e-103 2.28847562161e-79
leaves 2.84940846853e-103 1.98121521186e-42 0.00153184636803 2.65352288872e-103 1.12163381313e-48
leese 2.84940846853e-103 1.35067137287e-103 0.00153184636803 2.65352288872e-103 2.15631438746e-103
length 0.00284940846853 1.35067137287e-103 1.53363643592e-103 2.65352288872e-103 2.14586314343e-103
lesser 2.97314094131e-102 1.35067137287e-103 1.53184636803e-103 0.00265352287728 9.25694937425e-12
lesson 2.97314177441e-102 1.35067137287e-103 1.53184636803e-103 0.00265352239814 3.96731524732e-10
lest 2.84940846853e-103 1.35067137287e-103 0.00306369273606 2.65352288872e-103 3.6869220525e-38
let 0.00564011729413 1.17556442455e-35 0.00309524975424 2.65352288872e-103 1.78919145965e-65
lie 2.84940846853e-103 1.35900148043e-103 0.00153184636803 2.65352288872e-103 1.07233447874e-43
lies 0.00266133122824 1.35067137287e-103 0.00153558383009 0.00282219638669 2.18035964719e-103
life 0.00842440489763 8.40835447832e-65 1.5387978027e-103 0.00276883122573 2.15241006535e-103
like 2.84940846853e-103 4.04652360548e-72 0.00284606645436 1.28873057491e-88 0.00459658467652
lilies 2.84940846853e-103 1.35067137287e-103 0.00153184636803 2.65352288872e-103 2.12439828312e-89
limbs 0.00284940846853 1.35850974093e-103 1.53567213536e-103 8.48768648064e-51 2.16946450531e-103
line 2.84940846853e-103 1.35067137287e-103 1.53184636803e-103 0.00265352288872 2.14586314343e-103
lines 0.00284940846853 1.35071123076e-103 1.53375990714e-103 2.65592642504e-56 1.58098876817e-33
lips 2.39933981856e-36 2.43368453896e-44 1.53407027807e-103 0.00265352288872 2.17657729944e-103
live 0.00854822540599 0.00810402823669 3.83162182718e-13 5.36367588012e-61 7.37367893232e-77
lived 5.32387550584e-07 0.00270109038437 7.00709871265e-51 2.92656993642e-67 2.185209891e-103
lives 2.84940846853e-103 2.41617466105e-10 0.00371665160449 2.71059026565e-103 0.00337703863462
lo 2.84940846853e-103 1.35067137287e-103 0.00153184636803 2.65352288872e-103 2.16594845998e-103
long 2.84940846853e-103 1.36135814811e-103 0.00612738547212 0.00265352288872 2.19271614991e-103
longer 3.26915973331e-103 0.000346213194455 1.53184636803e-103 0.00462687689676 6.7352791227e-59
look 3.63246032351e-103 0.00155167652142 1.53413962933e-103 0.00346066490786 0.00761138468973
looks 0.00284940846853 1.35122012368e-103 1.57742851481e-103 2.38048582705e-84 2.17558826149e-103
lose 0.00213240189416 1.36155326323e-103 1.53545973491e-103 0.00332123809259 2.1731738742e-103
loss 0.00284940846853 1.3586191307e-103 1.57298777462e-103 3.75974299485e-84 2.17544342661e-103
losses 4.57328737916e-41 1.35896707074e-103 0.00153184636803 2.69601517429e-103 2.53115198901e-64
lost 2.84940846853e-103 1.35067137287e-103 0.00153184636803 2.65352288872e-103 2.16121860772e-103
loud 6.50547289593e-41 1.39833532468e-73 1.53275293553e-103 0.00265352288872 2.16872612885e-103
love 0.0443339057268 0.0246388892347 0.00262579098098 0.0119008444728 1.44667740999e-26
loved 2.84940846853e-103 1.35067137287e-103 1.53184636803e-103 0.00265352288872 0.00214586314343
lovely 2.85338850678e-103 0.00135067137287 1.53184636803e-103 9.99796021544e-40 2.16899220889e-103
lovers 2.85090193306e-103 0.00135067137287 1.53184636803e-103 3.00489160737e-40 2.16751283152e-103
loves 0.0103900070871 0.000457830842069 2.38181034117e-53 2.70027118013e-103 0.0021773242233
loving 2.84940846853e-103 0.00135067137287 1.53184636803e-103 5.41279412584e-42 2.1666239503e-103
lovst 2.84940846853e-103 0.00135270720716 0.00152953745305 2.65352288872e-103 2.16218840357e-103
made 0.00284940846853 2.04425925993e-99 1.53781451593e-103 2.65433245147e-103 2.14820329962e-103
maintain 2.84940846853e-103 1.35067137287e-103 1.53184636803e-103 0.00265352288872 2.14586314343e-103
make 0.00633484844033 1.73923087963e-22 0.00402924547261 0.00386022446812 0.00363017946322
makes 2.84940846853e-103 0.00194690694562 0.00391932628509 7.37279739056e-92 8.76735014428e-49
maketh 0.00284940846853 1.35067137287e-103 1.53362892409e-103 2.6637823477e-103 2.18038002028e-103
man 1.54856803663e-86 0.00135067137287 1.53188379147e-103 2.65352288872e-103 2.14586314343e-103
many 0.00284940846853 1.35067137287e-103 1.53363646361e-103 2.65352514541e-103 2.1458634324e-103
map 2.84940846853e-103 1.56770695282e-103 8.90971105989e-87 2.65380854427e-103 0.00214586314343
masked 0.00284940846853 4.94858003616e-20 1.53981590011e-103 2.67693356051e-103 6.5532284618e-78
matcheth 0.00284940846853 1.35067137287e-103 1.5350780259e-103 2.66066842496e-103 2.14866066529e-103
matter 2.84940846853e-103 0.00135067137287 2.33167299879e-82 0.00265352288872 2.19909864086e-87
may 2.84940846853e-103 2.12933591802e-26 0.00255694496698 2.65355478956e-103 0.00929332229916
mayst 2.84940846853e-103 0.00675335686409 2.9888465241e-13 1.07619051253e-80 1.57311019775e-22
me 0.00302940570083 0.00642204842873 0.0152850023167 0.0429975931991 8.0480820234e-28
meant 3.17702177493e-103 0.00135067137287 1.53184636803e-103 5.96422525591e-30 1.88421444463e-67
meet 2.84940846853e-103 1.35067137287e-103 1.53184636803e-103 0.00265352288872 2.14586314343e-103
men 3.86949916615e-58 3.55766326541e-26 0.00297946264244 0.00810647525707 1.16717266978e-49
methinks 2.84940846853e-103 0.00135067137287 1.53184636803e-103 3.02954851808e-103 2.14828091895e-103
might 0.00569440627182 1.35067137287e-103 1.53412295701e-103 0.00265763033815 2.16225073466e-103
mind 2.84940846853e-103 1.36920490102e-103 1.53184636803e-103 0.0106140915549 2.15189151997e-103
mine 0.0127122779426 0.00412568234128 0.00494357868774 0.00333516255587 2.14145166243e-18
miracle 2.84940846853e-103 8.41444473743e-20 0.00153184636803 3.09106689975e-101 1.05398803245e-67
mistress 3.21398442677e-103 0.00135067137287 1.53184636803e-103 1.7950015669e-28 6.96790222991e-61
moan 2.84940846853e-103 1.35067137287e-103 1.53184636803e-103 0.00265352288872 2.14586314343e-103
mock 2.89911678146e-99 1.68865194022e-79 0.00153184636803 2.65771107884e-103 3.95751822855e-24
monument 2.84940846853e-103 1.35067137287e-103 1.53184636803e-103 0.00265352288872 2.14586314343e-103
more 5.78158312456e-06 0.00348712661252 1.5393724625e-103 2.62871802434e-37 0.0223517357112
most 0.0099608781149 0.00338239107391 1.19676548549e-33 2.65487534119e-103 4.29725676159e-100
mourn 0.00284940846853 2.46801985599e-51 9.51682065308e-85 2.65352288872e-103 2.14586314343e-103
mouths 0.00284940846853 1.35067137287e-103 1.53450849163e-103 8.62489213663e-100 2.15557129886e-103
much 0.00559822020933 1.1952638836e-35 1.53511357254e-103 0.00274720398868 4.48941771325e-68
murdrous 2.84940846853e-103 0.00135067137287 1.53184636803e-103 2.65352288872e-103 2.14586314343e-103
muse 2.84940846853e-103 1.35067137287e-103 1.53184636803e-103 2.65352288872e-103 0.00429172628686
must 0.00543728708643 0.00687732676417 3.05557844155e-35 9.7483740747e-84 2.20174463054e-103
my 3.39385723802e-65 0.0455843335121 0.00179602087327 3.47103661733e-70 0.0538142908485
name 0.00569881693706 1.18466884103e-39 1.55516752882e-103 1.98002013612e-77 2.1606613368e-103
nature 2.85925944345e-103 0.00118211847777 1.53184636803e-103 2.69110268691e-103 0.000267786415399
near 2.84940846853e-103 0.00105493005701 1.53184636803e-103 0.00588805783287 1.39034987859e-13
need 0.00284940846853 1.35067137287e-103 1.53558224188e-103 1.65703831532e-57 2.16634826424e-103
needs 2.84940846853e-103 0.00135067137287 1.53184636803e-103 2.65352288872e-103 2.14751902553e-103
neer 2.84940846853e-103 0.00270134274574 1.53965363527e-103 1.27450568585e-52 6.08561332009e-28
never 2.84940846853e-103 1.57273484227e-68 0.0015324424077 0.00265249040601 4.30588389928e-101
new 0.00277577164059 1.35067137287e-103 1.53426607165e-103 0.00270581293886 0.00430489534118
next 2.84940846853e-103 5.4089077074e-66 1.53184636803e-103 0.00265352288872 2.16551254641e-103
night 0.00281539775223 1.35302831252e-103 1.92936750389e-82 0.00271035106793 0.00212552022469
nightly 3.57646919618e-92 4.07357786853e-71 1.53227581779e-103 2.66647227989e-103 0.00214586314343
nights 0.00292717919052 3.25761604777e-14 1.53549624391e-103 3.77575358771e-50 0.0020872947325
no 2.86633680149e-103 0.0124610950273 4.43897558784e-75 8.92609541584e-101 0.010244666899
none 2.84940846853e-103 1.71257502163e-87 0.00735558347138 0.00317951421102 3.87597290563e-24
noon 2.84940846853e-103 1.35067137287e-103 1.53184636803e-103 0.00265352288872 2.14586314343e-103
nor 2.84940846853e-103 0.00405201411861 2.2483475531e-36 2.6552390794e-103 7.62209168847e-87
not 5.30808579704e-06 0.0206383812166 0.00782509393094 0.00600341428606 0.0093287938954
nothing 2.84950631325e-103 0.00136170061243 0.00458303043552 5.5601969304e-50 7.28871612277e-93
nought 2.84940846853e-103 1.35897243438e-103 0.00153184636803 2.65352288872e-103 3.54145624258e-63
now 2.87342683461e-103 0.0080327114574 6.17162749295e-07 0.00279256243986 1.18285916656e-47
odour 2.84940846853e-103 1.35067137287e-103 1.53184636803e-103 2.65352288872e-103 0.00214586314343
of 0.00242301696149 0.0208931553152 1.97822599232e-20 1.55702158446e-47 0.0379408422262
off 0.00284940846853 1.35067137287e-103 1.53668670084e-103 7.66118765755e-73 2.16659513457e-103
office 0.00284940846853 1.35413606857e-103 1.53558224188e-103 1.12742009029e-60 2.16728461085e-103
offices 2.84940846853e-103 1.35067137287e-103 0.00153184636803 2.65352288872e-103 2.15963469709e-103
oft 2.84940846853e-103 8.82286411316e-81 0.00153184636803 2.65352288872e-103 2.15861282406e-103
often 4.38776674864e-48 0.00135067137287 1.53222558009e-103 2.65352288872e-103 2.14586370205e-103
old 2.84940846853e-103 1.36714452928e-103 1.53184636803e-103 0.00530770222543 0.00214533228405
on 2.76732940196e-39 0.00800849025442 0.00470389226453 4.40891036402e-78 3.20203436455e-62
once 2.84940846853e-103 1.89523139495e-70 1.53184636803e-103 0.00265352288872 2.16551254641e-103
one 4.9925365941e-15 0.00550475159003 0.000704313310079 0.00919353449445 1.19038411602e-34
only 2.84940846853e-103 1.35067137287e-103 0.00153184636803 2.65352288872e-103 2.25116194241e-82
onward 2.84940846853e-103 4.83176275389e-36 0.00153184636803 2.65352288872e-103 2.16418016175e-103
or 7.15582600538e-72 6.21779466011e-52 0.00546444626141 8.13837265502e-83 0.0138038469361
other 2.95579740451e-103 4.5798922172e-07 1.53184636803e-103 9.18647850945e-100 0.00214513551848
others 0.00562074262241 1.37371995899e-103 0.00157381923947 3.46763755043e-83 8.93561230507e-33
our 3.06647063344e-103 0.00135067137287 1.53184636803e-103 3.1012747134e-31 4.91786582806e-34
out 2.84940846853e-103 2.64732185897e-88 0.00153184636803 0.00265352288872 1.03822766857e-76
outgoing 2.84940846853e-103 0.00135067137287 1.53184636803e-103 2.67050510689e-103 2.14602537817e-103
outright 2.84940846853e-103 1.36396836888e-103 0.00153184636803 5.1717584719e-66 5.03224652315e-42
outward 2.88260014631e-103 0.00132519509708 1.53184636803e-103 5.56263752404e-39 0.00218633827479
owe 2.84940846853e-103 1.35067137287e-103 1.53184636803e-103 0.00265352288872 2.14586314343e-103
owes 2.32867663908e-43 1.53370571199e-64 1.53394823504e-103 2.65352288872e-103 0.00214586314343
own 2.84940846853e-103 0.00270134274574 1.74795547427e-36 2.65691864962e-103 3.05114357901e-56
pain 0.00257953797524 1.35067137287e-103 1.53924603996e-103 0.00555836374005 2.16631871627e-103
painting 2.84940846853e-103 1.35067137287e-103 0.00144347507779 2.65352288872e-103 0.00226965668998
pale 2.70279084098e-65 1.56572338951e-16 1.53184636925e-103 0.00265352288872 7.33552932664e-20
part 2.84940846853e-103 1.35067137287e-103 1.53184636803e-103 0.00530704577745 2.14586314343e-103
pay 2.84940846853e-103 1.35067137287e-103 1.53184636803e-103 0.00265352288872 2.14586314343e-103
pays 0.00284940846853 1.35067137287e-103 1.53558224188e-103 6.6747645048e-82 2.16634824165e-103
pearl 8.23317926187e-08 0.0013506323461 1.53786175084e-103 2.65352288872e-103 1.46071018173e-66
pen 2.84940846853e-103 1.35067137287e-103 1.53184636803e-103 0.00265352288872 2.14586314343e-103
pent 0.00284940846853 1.35067137287e-103 1.53393222996e-103 2.67786435043e-103 2.14895555588e-103
perceivst 2.84940846853e-103 3.12491132408e-51 0.00153184636803 2.65352288872e-103 2.13203107419e-52
perforce 2.84940846853e-103 1.35067137287e-103 0.00153184636803 2.65352288872e-103 2.15063094441e-103
perjured 2.84940846853e-103 1.35067137287e-103 1.53184636803e-103 0.00265352288872 2.14586314343e-103
picture 0.00284940846853 2.67599776056e-28 1.53431159458e-103 2.66263340789e-103 2.14649649359e-103
pine 2.94456312698e-103 1.35997801951e-103 0.00153184636803 2.65868813664e-103 2.61435564001e-103
pity 2.84940846853e-103 0.0011058099944 0.0033413990833 3.89601248047e-85 2.19739273656e-94
plague 0.00569881693706 1.35274290438e-103 5.44753239419e-82 1.13480239919e-84 2.16352477051e-103
play 2.84940846853e-103 1.35067137287e-103 1.53184636803e-103 0.00265352288872 2.14586314343e-103
please 2.00327998488e-89 0.00135067137287 1.5403031021e-103 2.65352288872e-103 2.14733977159e-103
pleasure 2.84940846853e-103 0.0013488859081 1.53184636803e-103 0.00265703060476 2.15313645615e-103
poets 2.85967992784e-17 0.00270134274574 1.53372942362e-103 2.65746671005e-103 2.14589254937e-103
poison 2.84940846853e-103 1.35067626654e-103 0.00153184636803 2.65352288872e-103 2.15982952023e-103
poisoned 2.8537589977e-103 1.36068329709e-103 1.53185204902e-103 5.86981157228e-50 0.00214586314343
poor 2.84940846853e-103 1.35067137287e-103 0.00153184636803 2.65352288872e-103 2.15967510402e-103
praise 9.06786880739e-25 0.003736659618 6.09152483515e-54 0.0112336355848 8.17084394117e-81
praises 2.84940846853e-103 0.00135067137287 1.53184636803e-103 1.64738939381e-41 2.1666239503e-103
praising 2.85047623514e-103 1.35067381219e-103 0.00306369273606 2.65358225075e-103 1.56056980182e-102
pray 2.84940846853e-103 1.99978296758e-32 0.00153184636803 2.65352288872e-103 1.14198567481e-69
present 2.84940846853e-103 0.00135067137287 1.53184636803e-103 3.7434912439e-42 2.20737135899e-103
presume 2.84940846853e-103 1.35067137287e-103 0.00153184636803 2.65352288872e-103 2.1489887993e-103
preventst 2.84940846853e-103 1.36654418375e-103 0.00153184636803 1.50589047262e-59 1.46855538135e-49
pricked 2.84940846853e-103 1.35067137287e-103 0.00153184636803 2.65352288872e-103 2.16336932778e-103
print 0.00284940846853 1.35067137287e-103 1.53554473033e-103 3.16626772638e-84 2.64182692486e-90
privilege 2.84940846853e-103 1.35067137287e-103 1.53184636803e-103 0.00265352288872 2.14586314343e-103
prize 2.84940846856e-103 0.00135067137287 6.3991589268e-103 2.66211912051e-103 2.34321812887e-103
proceeds 2.84940846853e-103 1.35067137287e-103 1.53184636803e-103 0.00265352288872 2.14586314343e-103
profit 2.84940846853e-103 3.25310926091e-80 1.39205020317e-38 2.65352288872e-103 0.00214586314343
prognosticate 2.84940846853e-103 1.35067137287e-103 1.53184636803e-103 0.00265352288872 2.14586314343e-103
proud 3.27874991371e-103 0.00135067137287 1.53184636803e-103 1.00730388502e-24 1.14373478863e-50
prove 2.84940846853e-103 0.00171726959702 1.53184636803e-103 0.00989387433678 1.10240595645e-95
proved 2.84940846853e-103 1.35067137287e-103 1.53184636803e-103 0.00265352288872 2.14586314343e-103
proves 2.84940846853e-103 1.35067137287e-103 0.00153184636803 2.65352288872e-103 2.15963469709e-103
pure 0.00284940846853 2.23056104764e-77 1.53571658519e-103 1.18323791261e-90 2.16162859854e-103
purpose 2.85169110064e-103 0.00270134274574 1.53184636803e-103 1.16154966315e-41 2.16082192769e-103
put 1.04878817469e-85 5.48257347268e-29 1.5319346434e-103 2.65352863278e-103 0.00214586314343
quiet 2.85252892724e-103 0.00135067137287 1.53184636803e-103 1.91011307041e-40 2.16848089656e-103
raised 2.84940846853e-103 1.45806207107e-31 1.53184636803e-103 2.65362317872e-103 0.00214586314343
ransom 2.46057760396e-14 0.00270134274573 1.62596250575e-103 4.27814943035e-16 4.53624021339e-32
ransoms 2.84940846853e-103 1.35067137287e-103 1.53184636803e-103 2.65352288872e-103 0.00214586314343
rare 2.84940846853e-103 1.35067137287e-103 1.53184636803e-103 0.00530704577745 2.14586314343e-103
read 0.00569881693706 1.35141925316e-103 1.2742143038e-102 1.06894261983e-78 8.25430678417e-19
rebuked 2.84940846853e-103 1.44851035469e-103 0.00153184636803 2.65352288872e-103 1.2806247615e-98
receiving 2.84940846853e-103 1.35067137287e-103 0.00153184636803 2.65352288872e-103 2.15063156614e-103
reign 2.84940846853e-103 1.35067137287e-103 1.53184636803e-103 0.00265352288872 2.14586314343e-103
remain 2.84940846853e-103 1.35067137287e-103 1.53184636803e-103 0.00265352288872 2.14586314343e-103
remains 2.84940846853e-103 1.35067137287e-103 1.53184636803e-103 0.00265352288872 2.14586314343e-103
remember 2.97376269929e-102 1.35067137287e-103 1.53184636803e-103 0.00265316528533 2.89188367062e-07
remembered 2.84940846853e-103 0.00270134274574 1.53195279181e-103 2.24603724014e-65 2.149126895e-103
remove 0.00284940846853 1.60518707937e-23 5.92280724926e-65 2.65352288872e-103 2.14586314343e-103
removed 2.84940846853e-103 1.35067137287e-103 1.53184636803e-103 0.00265352288872 2.14586314343e-103
replete 0.00284940846853 1.39261309752e-103 1.53531744538e-103 1.17659011963e-73 1.21865354314e-87
report 2.84940846853e-103 1.35067137287e-103 1.53184636803e-103 0.00530704577745 2.14586314343e-103
respect 2.84940846853e-103 1.35067137287e-103 1.53184636803e-103 0.00265352288872 2.14586314343e-103
restored 0.00284940846853 1.47419918669e-33 1.53609044667e-103 2.65352288872e-103 2.14643190914e-103
return 2.84940846853e-103 1.35067137287e-103 0.00153184636803 2.65352288872e-103 2.15963469709e-103
rhyme 2.84940846853e-103 1.35067137287e-103 1.53184636803e-103 0.00265352288872 2.14586314343e-103
rich 0.00284940846853 9.39876401846e-23 1.53609044666e-103 2.65352288873e-103 2.14644407715e-103
rid 0.00284940846853 6.75137353554e-30 1.53430677787e-103 2.49982062869e-81 2.15372696804e-103
right 0.000850412092082 0.00364890333944 1.53381854235e-103 2.66581700427e-103 2.14635816579e-103
rise 2.84940846853e-103 0.00135067137287 1.53184636803e-103 1.02953484234e-70 2.15911520249e-103
robs 2.84940846853e-103 0.00135067137287 1.53184636803e-103 2.65352288872e-103 2.14586314343e-103
rose 0.00284940846853 2.69791715667e-18 1.54945983295e-103 2.65352288872e-103 2.14595832564e-103
rude 3.55053461887e-103 0.00135067137287 1.53184636803e-103 8.73208536265e-24 5.30325208711e-46
run 1.41283711875e-102 1.35069853385e-103 0.00153184636803 2.65964250123e-103 2.17441887234e-103
sad 2.84940846853e-103 1.35067137287e-103 1.53184636803e-103 0.00265352288872 2.14586314343e-103
same 2.84940846853e-103 1.36908901263e-103 0.00153184636803 6.08262939466e-58 3.73556840323e-49
saucy 2.84940846853e-103 1.35067137287e-103 0.00153184636803 2.65352288872e-103 2.15963469709e-103
save 1.55703861668e-12 1.47400652287e-59 0.00612738547129 2.65794070455e-103 2.15630407505e-103
saved 4.12180896473e-32 1.3589627382e-103 0.00153184636803 2.73135280211e-103 1.02018519629e-53
say 0.00244234251194 0.00221585621915 1.14118376255e-24 0.0039863893093 5.16682867525e-26
saying 2.84940846853e-103 0.00135067137287 1.53184636803e-103 2.66564796554e-103 9.97679220379e-70
says 2.84940846853e-103 0.00136536885914 1.53184636803e-103 2.7092403405e-103 0.00212251268623
scope 2.84940846853e-103 1.35067137287e-103 1.53184636803e-103 0.00265352288872 2.14586314343e-103
scorn 7.43557414085e-51 1.3589681546e-103 0.00153184636803 2.68731616682e-103 2.08065269381e-48
scythe 0.00854822540559 2.71754056877e-37 1.53518002607e-103 1.75972387692e-85 2.15438284862e-103
seal 0.00284940846853 1.35067137287e-103 1.53609044666e-103 2.65352288872e-103 2.14640234255e-103
seat 0.00284940846853 1.35067137287e-103 1.53393222996e-103 2.67786435043e-103 2.14895555588e-103
see 0.0110271524323 0.00120432591154 2.27860025844e-19 0.00328604482788 1.56439155986e-58
seeing 3.10514965107e-103 0.00135067137287 1.5320001636e-103 2.65889500595e-103 2.16376402635e-103
seek 2.84940846853e-103 8.05866993687e-66 1.53184636803e-103 0.00265352288872 2.16755327222e-103
seem 2.85980141578e-103 0.00405201411861 0.00153184636803 2.26025933368e-51 2.56510624311e-34
seemed 2.84940846853e-103 1.62528572421e-06 0.00153000307137 2.65352288872e-103 2.14586314343e-103
seeming 2.84940846853e-103 0.00135065213842 1.53184636803e-103 2.68103934388e-103 3.05585076467e-08
seen 2.84940846853e-103 1.35067137287e-103 1.53184636803e-103 0.00265352288872 2.14586314343e-103
self 2.42570999741e-06 0.0175575780167 3.75103407857e-63 2.70475709451e-59 1.06287681591e-71
sell 2.84940846853e-103 1.35067137287e-103 1.53184636803e-103 0.00265352288872 2.14586314343e-103
send 2.84940846853e-103 1.35067137287e-103 0.00153184636803 2.65352288872e-103 2.16034207403e-103
shadow 2.84940846853e-103 2.01453909431e-54 1.53609364463e-103 2.65370005138e-103 0.00214586314343
shall 1.79293229164e-16 0.0126741748551 0.00247605950185 2.71663215905e-103 2.69804123804e-21
shalt 2.84940846853e-103 1.0647267901e-39 1.53184636803e-103 2.67447875925e-103 0.00214586314343
shame 2.84940846853e-103 0.00135067137287 1.53184636803e-103 8.68134826835e-45 2.1666239503e-103
shamed 2.84940846853e-103 1.35489675494e-103 0.00153184636803 2.73149957472e-103 1.93689016906e-47
she 0.00267264675131 2.19008769371e-24 0.00440658711183 4.83500016323e-42 0.0111271237879
sheds 2.84940846853e-103 1.35067137287e-103 1.53184636803e-103 0.00265352288872 2.14586314343e-103
shine 2.84940846853e-103 0.00134573625499 1.53184636803e-103 3.62277448861e-103 7.84061006367e-06
should 0.00316803632508 1.48128985563e-24 5.48835535788e-22 3.89795878965e-54 0.00834349688419
shouldst 2.84940846853e-103 6.7113845859e-21 1.53184636803e-103 2.67288203853e-103 0.00429172628686
show 0.0164591815598 4.05256593077e-61 3.27180664797e-25 0.00855402817312 9.2865217898e-78
shows 4.0272433751e-103 0.00194093893957 1.53184636803e-103 0.00414740877754 5.92947166054e-34
shun 0.00284940846853 1.3542898622e-103 4.81389771274e-27 2.31535618666e-81 6.48009319888e-70
sick 2.84940846853e-103 5.07471043408e-39 0.00153184636803 2.65352288872e-103 1.6460506772e-63
sight 2.84940846853e-103 1.35067137287e-103 1.53184636803e-103 0.00265352288872 2.14586314343e-103
silent 0.0028494084547 1.36077107761e-103 1.53381437523e-103 2.65352288872e-103 1.04144822371e-11
sin 2.84940846853e-103 0.00135067137287 1.03413525107e-45 0.00265352288872 2.14586314343e-103
since 2.60178570691e-57 9.18583644323e-84 0.0137866173123 2.65903740289e-103 6.28758403128e-56
sing 0.00284940846853 1.35284252018e-103 1.4298286144e-65 1.04804964422e-70 5.66391353299e-71
single 2.84940846853e-103 0.00123004290824 0.00166865557206 2.65352288872e-103 1.52088919624e-84
sings 2.84940846853e-103 1.35067137287e-103 0.00153184636803 2.65352288872e-103 6.4162691547e-47
sit 2.84940846853e-103 1.35067137287e-103 1.53184636803e-103 0.00265352288872 2.14586314343e-103
sits 2.84940846853e-103 1.35067137287e-103 1.53184636803e-103 0.00265352288872 2.14586314343e-103
skill 2.84940846853e-103 1.35067137287e-103 1.53184636803e-103 0.00265352288872 2.14586314343e-103
slain 2.84940846853e-103 1.35067137287e-103 1.53184636803e-103 0.00530704577745 2.14586314343e-103
slander 2.84940846853e-103 6.8221161099e-58 0.00153184636803 2.65352288872e-103 2.15753954189e-103
sleep 0.00569881693706 1.35468261036e-103 5.79380195087e-36 2.60322531247e-74 6.36453929414e-64
slight 0.00284940846853 1.35482113378e-103 1.56357585854e-103 3.19532853731e-59 2.17360227426e-103
slow 2.84940846853e-103 1.35067137287e-103 1.53184636803e-103 0.00530704577745 2.14586314343e-103
smell 2.84940846853e-103 6.10684576847e-65 1.53184636803e-103 0.00265352288872 2.16551254641e-103
so 4.37121096634e-15 0.0142247150984 0.0279972966546 0.0111224557169 7.10999477051e-31
soil 0.00284940846853 1.35067137287e-103 1.53523268616e-103 2.7887044156e-103 2.16246106946e-103
some 2.98199796735e-103 3.69844668041e-18 1.53184636803e-103 6.85526174296e-75 0.0064375894303
sometime 0.00284940846853 7.94016092378e-35 1.53363643592e-103 2.65352288872e-103 2.14586314343e-103
son 2.84940846853e-103 0.00130810685853 1.53201106672e-103 0.00273714494166 2.15109197364e-103
song 0.00266828513585 1.35067137287e-103 1.53558379585e-103 0.00282219470755 2.1663568517e-103
sorrows 3.1954074972e-103 0.00270134274574 1.53184636803e-103 1.50227680643e-27 3.35388434362e-63
sort 2.84940846853e-103 1.35067137287e-103 1.53184636803e-103 0.00530704577745 2.14586314343e-103
soul 2.84940846853e-103 1.35067137287e-103 1.53184636803e-103 0.00265352288872 2.14586314343e-103
sourest 2.84940846853e-103 1.38047365089e-103 1.53184636803e-103 2.5435395801e-28 0.00214586314343
sourly 2.84940846853e-103 0.00135067137287 1.53476174134e-103 2.65352288872e-103 2.14586314343e-103
speaking 2.84940846853e-103 0.00135067137287 1.53184636803e-103 7.18125146388e-98 2.14673194089e-103
speechless 2.84940846853e-103 1.79057424421e-85 1.53184636803e-103 2.65352288872e-103 0.00214586314343
spent 2.84940846853e-103 1.35067137287e-103 1.53184636803e-103 0.00530704577745 2.14586314343e-103
spites 2.84940846853e-103 1.35067137287e-103 0.00153184636803 2.65352288872e-103 9.27904896253e-39
stain 0.00284940846853 1.35067154688e-103 1.5356147183e-103 1.53630844234e-82 2.16635550564e-103
staineth 2.84940846853e-103 1.35067137287e-103 1.53184636803e-103 0.00265352288872 2.14586314343e-103
stand 2.84940846853e-103 1.35067137287e-103 1.53184636803e-103 0.00265352288872 2.14586314343e-103
stands 2.84940846853e-103 0.00135067137287 1.53184636803e-103 2.65352288872e-103 2.14586314343e-103
state 0.00284940846853 1.64836430681e-85 1.53531744538e-103 2.77839784048e-51 2.16997846405e-103
still 0.00804581157632 0.00506466020768 1.76521616096e-24 0.0117460493658 4.14443966113e-70
stoln 2.86235168646e-103 0.00135067137287 1.53184636803e-103 5.5369605434e-34 2.48956647905e-45
store 2.84940846853e-103 1.35067137287e-103 1.53184636803e-103 0.00265352288872 2.14586314343e-103
stores 0.00284940846853 1.35300801213e-103 1.70538549724e-44 2.34962190836e-81 9.31913454329e-84
straight 3.22145592149e-103 0.0012017542718 1.53207887205e-103 1.10044849172e-29 0.00238245342367
strains 1.81776071625e-72 2.09155961832e-102 1.59686967622e-103 0.00265352288872 7.38030863481e-90
strength 0.00284940846853 1.35067137287e-103 1.53450849163e-103 5.29618234503e-100 2.15557129886e-103
strive 2.84940846853e-103 1.75907245031e-40 1.53184636803e-103 0.00265352288872 2.16551254641e-103
strong 2.84940846853e-103 1.35067137287e-103 1.53184636803e-103 0.00265352288872 2.14586314343e-103
stronger 2.84940846853e-103 1.35067137287e-103 1.53184636803e-103 0.00265352288872 2.14586314343e-103
strongly 2.84940846853e-103 0.00135067137287 1.54882724716e-103 2.65354602833e-103 2.1461572624e-103
style 0.00284940846853 1.35317459462e-103 1.53558224188e-103 5.35190568459e-64 2.16702515357e-103
subjects 2.8635914661e-103 1.37671847917e-103 1.53184636803e-103 2.66565505523e-103 0.00214586314343
suborned 2.84940846853e-103 1.35067137287e-103 1.53184636803e-103 2.65352288872e-103 0.00214586314343
substance 2.92443930975e-69 5.09097341546e-46 1.53201303966e-103 1.95152981098e-57 0.00214586314343
such 2.90918263214e-103 0.00810402823722 0.00153184636803 2.49995218176e-55 2.82359104132e-75
summer 2.97314092151e-102 1.35067137287e-103 1.53184636803e-103 0.00265352288867 4.65535614334e-14
summers 2.84940846853e-103 0.00135065548162 1.80228520538e-08 2.65352288872e-103 2.14586314343e-103
sun 0.00284908945397 0.00133724951165 1.53542123045e-103 3.10004307906e-89 2.1564069918e-05
suns 2.84940846853e-103 1.35067137287e-103 0.00153184636803 2.65352288872e-103 1.91053444148e-47
sure 2.84940846853e-103 1.35067137287e-103 0.00153184636803 2.65352288872e-103 2.1506011621e-103
surfeit 2.99312970432e-103 3.6708077212e-93 1.58377215106e-103 2.68340971646e-103 0.00214586314343
suspect 0.00284940846853 1.35067137287e-103 1.53545403689e-103 1.03699405278e-41 1.29609431923e-77
swear 2.84940846856e-103 1.35642502641e-103 0.00306369273606 2.71414876553e-103 1.2989822789e-70
sweet 0.00524559698545 0.00113108386644 0.00293988153946 0.00372145687532 2.63502091489e-44
sweetest 2.84940846854e-103 1.63400929938e-05 0.00151331446411 2.65352288872e-103 2.14586314348e-103
sworn 1.19907431912e-40 3.31858694943e-48 1.77316700331e-19 2.65628090439e-103 0.00429172628686
take 2.84940846853e-103 1.35067137287e-103 0.00153184636803 0.00265352288872 2.14671557213e-103
takes 0.00569881693706 6.69853769557e-61 1.53625747868e-103 1.66608500089e-101 5.99380605517e-85
teach 0.00284940846853 1.35067137287e-103 1.53360091312e-103 3.09229620208e-82 1.76600366025e-85
teachest 2.84940846853e-103 9.54075372855e-50 0.00153184636803 3.96733501597e-82 1.46518439923e-63
tears 0.00854822540559 1.83167484155e-49 1.96252364985e-52 2.653524415e-103 2.14601758475e-103
telling 2.84940846853e-103 1.3516548032e-103 1.53184636803e-103 2.69656223978e-103 0.00214586314343
tempting 2.87007728735e-103 1.35209063211e-103 1.53187320565e-103 2.65773920148e-103 0.00214586314343
ten 2.84940846853e-103 1.35067137287e-103 1.53184636803e-103 2.65352288872e-103 0.00214586314343
th 2.84940846853e-103 1.35067137287e-103 1.53184636803e-103 2.65352288872e-103 0.00214586314343
than 0.00567890197111 5.74740629765e-32 9.71570530829e-46 2.71913785286e-103 0.00645258720681
thank 2.84962691526e-103 1.35068000448e-103 0.00153184636803 2.65353503659e-103 2.16003836269e-103
that 0.00788223676697 0.0359162851355 0.0377482136963 1.55318979314e-73 4.20900940817e-19
the 1.73511748041e-99 5.25149671107e-17 1.03548902898e-31 3.9298692111e-49 0.0729593468767
thee 0.0282671881616 0.0102712862083 0.0130211631749 0.0397358282095 2.82352513586e-28
their 2.95142079932e-103 0.0053626075945 1.53205709905e-103 2.3897594471e-52 0.0129388521447
theirs 2.84940846853e-103 1.35067137287e-103 0.00153184636803 2.65352288872e-103 2.22091219489e-103
them 2.90294326337e-103 0.0014426707189 0.00280509740548 6.42921649802e-78 0.0023619495164
then 0.00308124483086 1.23837417544e-64 0.0239524908755 0.00271692066478 0.00270033676025
thence 2.84940846853e-103 4.1083926822e-58 0.00459553910409 2.65352288872e-103 2.15821795001e-103
there 2.84940846853e-103 0.00135067787157 0.00306368536564 9.14223786488e-86 1.00557242954e-14
thereby 2.84940846853e-103 1.35067137287e-103 1.53184636803e-103 0.00265352288872 2.14586314343e-103
therefore 2.84940846853e-103 1.35067137287e-103 0.00306369273606 2.65352288872e-103 2.15935998162e-103
theres 0.00284940846853 1.35067137287e-103 1.53364038142e-103 3.91829372205e-80 4.79438699017e-101
these 4.35671742866e-33 0.0082752620031 0.00186114082753 0.00174670134253 2.17290047553e-103
they 2.483405926e-10 0.00367269480108 0.00347466316028 7.49446462071e-76 0.0150479793667
thief 2.84940846853e-103 8.07119647181e-08 8.48927044259e-19 2.65352288872e-103 0.00214573491325
thievish 2.84940846853e-103 2.34680591502e-20 0.00153184636803 2.65352288872e-103 3.78278346088e-65
thine 0.00699156902717 1.87161193033e-18 0.00524872552207 2.82787181602e-46 0.00454902376937
thing 0.00284940846853 1.35276674219e-103 1.77088243176e-47 9.54805807104e-73 5.53942417941e-83
things 3.27844938546e-13 0.00405201411845 2.05205747632e-35 2.65552513638e-103 1.51578187485e-26
think 2.84940846853e-103 0.00405201411861 0.00153184636803 2.70193248182e-103 3.94235997695e-22
thinks 0.00284940846853 1.47345044718e-103 1.53416255997e-103 2.71637130388e-103 2.1515049656e-103
this 0.0379715003346 0.00551320565388 0.0281825091333 0.00316919766542 4.0120672677e-20
those 2.84940846853e-103 1.35067137287e-103 0.00135576492345 2.65352288872e-103 0.00239252409459
thou 6.45019643488e-27 0.0297398257834 0.0367358963723 4.21148121197e-86 1.03082832887e-63
though 0.00854365747602 3.1668661071e-86 0.00153430209398 2.7031866298e-103 2.16597551311e-103
thought 2.8945946207e-103 0.00270134274574 9.1079966666e-19 6.50721978376e-88 2.15524711153e-103
thoughts 2.84940846853e-103 0.00135067137287 1.53184636803e-103 2.65352288872e-103 2.14586314343e-103
three 2.84940846853e-103 4.65098791594e-46 0.00153184636803 2.65352288872e-103 2.15625072201e-103
threw 2.84940846853e-103 1.35067137287e-103 1.53184636803e-103 0.00265352288872 2.14586314343e-103
thrice 2.84940846853e-103 1.24014223377e-62 0.00153184636803 0.00265352288872 6.74961929468e-48
thrive 0.00284940846853 4.57894304321e-103 1.53644697551e-103 2.68185792552e-103 2.14944159191e-103
thus 2.84940846853e-103 7.64021003124e-90 0.00472565851506 2.72560374875e-103 0.00625531367858
thy 3.71338035626e-63 0.0333994799231 5.58565112618e-36 1.2189114754e-49 0.0456466765243
till 2.84940846853e-103 0.00168369148406 0.00574969504494 2.6603255355e-103 1.39882389643e-27
time 0.00851502307698 1.37424317258e-103 0.00153622901577 0.00533037378698 2.87353227351e-103
times 0.00567301437335 1.37357058557e-103 1.0475440889e-78 2.84726783305e-103 0.00216529481533
tired 2.84940846853e-103 1.35067137287e-103 0.00153184636803 2.65352288872e-103 4.03841970568e-86
tis 0.00279500661777 3.07793463378e-81 3.69043140667e-28 2.67287133097e-76 0.00433269581712
to 2.98882420966e-103 0.00454855486515 0.0247770031899 7.66037492959e-38 0.0868168466503
told 2.84940846853e-103 1.35152709751e-103 1.53287713001e-103 0.00265352288872 0.00214586314343
tombed 1.94501808025e-13 5.83412114308e-30 1.5347172688e-103 0.00265352288854 3.70078638936e-83
tombs 0.00284680183035 1.36115668188e-103 1.40133268903e-06 1.15418455618e-54 6.06513074576e-50
tongue 0.00267053628594 1.35067137287e-103 1.53556099396e-103 0.00282009831513 2.16611562921e-103
tongues 2.84940846853e-103 2.6196737347e-46 1.53184636803e-103 7.51153368745e-67 0.00214586314343
too 6.83397811759e-103 4.93538820329e-87 1.53184636803e-103 1.93919338222e-15 0.00429172628686
toward 2.84940846853e-103 1.35067137287e-103 1.53189991836e-103 2.65352288872e-103 0.00214586314343
towards 2.84940846853e-103 1.35067137287e-103 0.00153184636803 2.65352288872e-103 1.15345922525e-94
transferred 2.84940846853e-103 1.35067137287e-103 1.53184636803e-103 0.00265352288872 2.14586314343e-103
treasure 2.84940846853e-103 1.35067137287e-103 1.53184636803e-103 0.00265352288872 2.14586314343e-103
trespass 2.84940846853e-103 0.00135067137287 1.61226198445e-103 2.65352288872e-103 2.14586318736e-103
triumph 0.00284940846853 1.35114534008e-103 1.53672573632e-103 2.39339240119e-84 2.16673052123e-103
true 1.92444756994e-42 0.00792784471312 1.08372585473e-26 0.00299965224573 1.60207002719e-37
truth 0.00283992407186 1.35067137287e-103 0.00153694519424 0.00265352288872 2.16032448565e-103
truths 0.00284940846853 1.66961812774e-55 6.11632060696e-103 7.61049080579e-50 2.17796141602e-103
turn 2.84940846853e-103 0.00142558210916 5.19494160246e-23 0.002506353594 2.24379371475e-103
twain 2.84940846853e-103 1.35067137287e-103 1.53184636803e-103 0.00265352288872 2.14586314343e-103
twice 2.84940846853e-103 0.00135067137287 1.53184636803e-103 2.65352328519e-103 2.14707643954e-103
tyrants 2.84940846853e-103 1.35067137287e-103 0.00153184636803 2.65352288872e-103 2.16053453893e-103
unbred 2.84940846853e-103 1.35067137287e-103 1.53184636803e-103 0.00265352288872 2.14586314343e-103
universe 2.84940846853e-103 3.84929800231e-103 1.53184636803e-103 4.08996051449e-65 0.00214586314343
unkind 0.00284940846853 3.77897748316e-41 1.53363751104e-103 2.65372392445e-103 2.1458752006e-103
unless 2.84940846853e-103 6.12513053924e-53 0.00459553910409 2.65352288872e-103 2.74272099167e-54
unlooked 2.84940846853e-103 1.35067137287e-103 0.00153184636803 2.65352288872e-103 2.15063156614e-103
unthrifts 0.00284940846851 4.56953293417e-16 1.20680151063e-14 2.66496069731e-103 4.19917322517e-80
untrue 2.84940846853e-103 1.35067137287e-103 1.53184636803e-103 0.00265352288872 2.14586314343e-103
unused 0.00284940846853 1.35067137287e-103 1.53540341133e-103 1.83837915922e-91 1.63968235296e-39
unworthiness 0.00284940846853 1.35413540702e-103 1.53558224188e-103 3.24252093264e-81 2.16728443385e-103
up 0.00284940846853 1.35067137287e-103 1.53558224188e-103 7.90774716755e-81 2.1704595181e-103
upon 2.89768434992e-103 0.00135067137287 1.53187512724e-103 2.95513151189e-67 2.15579124934e-103
use 8.0675918781e-44 0.00135067137287 1.5322578418e-103 5.5092179393e-91 6.35960552767e-47
used 0.00267024884704 1.3514347398e-103 0.00153521607137 0.00281452886468 1.0912954193e-83
verse 1.67848300062e-09 0.00540268469585 1.53301775871e-103 4.76217697836e-76 2.14793708559e-103
view 0.00284940846853 1.35067137287e-103 1.53393222996e-103 2.67822030108e-103 2.14919439836e-103
virtue 3.97703953913e-11 0.00268690089464 1.53374633756e-103 2.67007948922e-103 0.00216880743334
vow 2.52657625951e-64 1.58712590368e-65 0.00137161936654 1.53002363609e-35 0.00237031464474
wait 2.84940846853e-103 1.35067137287e-103 1.42808899787e-90 2.65352288872e-103 0.00214586314343
waiting 2.84940846853e-103 0.00135067137287 1.53357095503e-103 2.65392299208e-103 5.13025116142e-98
wake 2.84940846853e-103 0.00135067137287 1.53184636803e-103 2.5895610023e-40 2.1666239503e-103
waking 0.00284940846853 1.37904572951e-103 1.56793888126e-103 2.65352288872e-103 2.14586314343e-103
want 0.00569881693706 1.35067137287e-103 1.53601026063e-103 8.98834323952e-80 2.16644395803e-103
war 0.00284940846853 1.36464197179e-103 1.60305059585e-46 2.87955031746e-38 5.53598157718e-81
warm 0.00284940846853 1.35067137287e-103 1.5379854249e-103 2.65430070126e-103 2.14691528212e-103
was 0.00304596648199 0.00255733711254 1.53564419345e-103 4.10157997404e-70 0.00222662436668
wastes 2.84940846853e-103 0.00135035859945 1.53184636803e-103 2.69831325812e-103 4.96915072912e-07
watch 2.84940846853e-103 1.35067137287e-103 0.00153184636803 2.65352288872e-103 2.15971043454e-103
water 2.84940846853e-103 0.00270134274574 1.53184636803e-103 2.65352288872e-103 2.14586314343e-103
we 2.84940846853e-103 3.4678691863e-13 8.86054495475e-21 2.67825081644e-103 0.00643758942974
wealth 0.00284940846853 0.00135067137287 1.53558224188e-103 3.5956077992e-32 5.38232359934e-98
weeds 2.84940846853e-103 1.35067137287e-103 1.53184636803e-103 0.00265352288872 2.14586314343e-103
weep 2.95315716827e-103 1.38613525685e-103 0.00153184636803 2.65635759595e-103 2.17899651856e-103
welcome 2.84940846853e-103 0.00270134274574 1.53193138741e-103 4.36584352068e-72 1.63285622248e-35
well 0.00380120365181 0.0023315406551 1.56827175003e-103 0.0087933462317 0.00134313928413
went 0.00284940846853 1.42083786494e-103 1.53363728535e-103 2.65360640686e-103 2.14587211336e-103
were 1.81596609692e-66 4.74273677391e-92 0.00612738547212 2.7086223712e-103 1.28313958194e-68
what 0.0113644928792 1.11717105818e-97 9.18531222677e-46 3.07775917451e-102 0.00860841075024
whats 2.84940846853e-103 1.35067137287e-103 0.00153184636803 2.65352288872e-103 2.1598815704e-103
when 1.62341661178e-56 0.00440111740362 0.00528963119541 2.66625492078e-103 0.00920237390516
where 2.84940846853e-103 2.09854643399e-79 0.00919107820818 2.65352288872e-103 8.42092577428e-57
which 0.00855272008337 0.0140530805153 0.00703716071061 1.65690749444e-16 3.15349572291e-22
while 0.00284940846853 1.35067137287e-103 1.53500173989e-103 2.65352288872e-103 2.14616331433e-103
whilst 2.84940846853e-103 1.00958694906e-27 0.00153184636803 2.65352288872e-103 2.15322492121e-103
whit 3.03965306881e-103 0.00135067137287 1.53184636803e-103 6.58544211566e-31 1.71550948038e-70
who 2.84940846853e-103 3.49510635867e-48 0.00459553910409 2.65352288872e-103 3.29795160799e-77
whole 0.00284940846853 1.35067137287e-103 1.9236158009e-60 4.9658455933e-83 7.59635671802e-86
whom 0.00569881693706 2.03193087593e-76 9.13132941937e-21 1.82749653299e-55 2.28656138834e-47
whose 2.8494084686e-103 0.00269846991654 0.00153510454989 2.65352288872e-103 2.98336610955e-81
why 9.23116435703e-57 1.61531110706e-91 0.00306369273606 2.67715816392e-103 1.96861793546e-55
wide 2.84940846853e-103 5.22178698354e-79 0.00148214874614 0.00273961101085 3.52856783009e-30
wilful 2.84940846853e-103 0.00135008128169 1.53184636803e-103 2.68104419679e-103 9.37500373275e-07
will 2.84940846853e-103 0.00223485764202 0.00613172373257 0.0115230311855 1.72353496373e-85
willed 2.84940846853e-103 0.00135067137287 1.53184636803e-103 2.65352288872e-103 2.15630680714e-103
wilt 2.84940846853e-103 0.00371205435094 0.00191740731634 1.96903936917e-70 2.13304233544e-32
winter 2.89474553019e-103 0.00405201411858 1.53184636808e-103 3.11638906019e-92 4.37620340317e-14
winters 2.9731419284e-102 1.35067137287e-103 1.53184636803e-103 0.00265352230957 4.68354676303e-10
wise 0.00284940846853 1.35067137287e-103 1.53558224188e-103 3.33985019441e-82 4.35588983958e-79
wish 2.84940846853e-103 0.00135597177663 0.00152583498406 4.50638427319e-94 3.11726036119e-94
wished 0.00284940846853 1.35067137287e-103 1.53507864674e-103 3.56348088231e-82 2.16102077543e-103
wit 2.84940846853e-103 1.35067137287e-103 1.53184636803e-103 0.00265352288872 2.14586314343e-103
with 0.00855239347181 0.0025696031823 0.00179970334289 6.19415290217e-60 0.0363106109027
witness 2.84940846853e-103 2.61042949313e-72 1.53184636803e-103 2.65672720379e-103 0.00214586314343
wits 0.00284940846853 1.35067137287e-103 1.53363643592e-103 2.65352288872e-103 2.16580736212e-103
woe 0.00284940846853 1.35067137287e-103 1.53448096664e-103 0.00796056866617 6.48124755624e-82
womens 2.84940846853e-103 1.98974878041e-06 1.53184636803e-103 2.21736943297e-89 0.00214270195363
wonder 0.00284940846853 1.35108827317e-103 1.53695032012e-103 7.55944427258e-83 2.16676490123e-103
words 3.45467341703e-103 0.00135067137286 1.53184636803e-103 1.08826249364e-14 3.01475840683e-38
world 0.0103508812864 1.35323719019e-103 1.53483337694e-103 6.79893176356e-69 0.00293416282848
worlds 2.84940846853e-103 1.35067137287e-103 1.53184636803e-103 2.65352288872e-103 0.00214586314343
worms 0.0028493728941 1.37878581662e-101 1.56934389554e-103 1.91579164063e-38 2.67907736819e-08
worse 0.00551773668946 1.35067137287e-103 1.53558298035e-103 0.00282215458439 2.17523750302e-103
worst 0.00569881693706 1.35296348682e-103 1.53551438479e-103 7.17700080142e-75 8.80360134396e-93
worth 0.00550597120338 1.36151523891e-103 1.53486108424e-103 0.00283311123977 2.16962425922e-103
worthiness 2.84940846853e-103 0.00135067137287 1.53928825978e-103 2.7547092795e-49 2.1501306883e-103
worthy 0.00284940846853 1.35067137287e-103 1.53846930628e-103 5.90203600914e-87 2.15875608098e-103
would 2.84940846853e-103 0.00269718101204 2.2450488557e-11 9.92376778482e-102 0.0021524750171
wretchcd 2.84940846853e-103 0.00135067137287 1.53184636803e-103 4.31328220447e-43 2.1666239503e-103
wretched 2.84940846853e-103 1.35067137287e-103 0.00153184636803 2.65352288872e-103 2.23441401597e-103
writ 2.84940846853e-103 1.79417254817e-05 0.00151149799346 0.00265352288872 2.14586314343e-103
wrong 2.84940846853e-103 1.35067137287e-103 1.53184636803e-103 0.00530704577745 2.14586314343e-103
ye 2.84940846853e-103 1.35067137287e-103 1.53184636803e-103 0.00265352288872 2.14586314343e-103
yet 0.00665041804757 1.51360675551e-50 0.0178705741981 1.15359033832e-81 8.51018225303e-47
yore 2.84940846853e-103 1.35067137287e-103 1.53184636803e-103 0.00265352288872 2.14586314343e-103
you 0.00681496441978 0.00995714410135 0.0190621813312 0.0127166552225 8.6195945556e-13
young 2.84940846853e-103 1.35067137287e-103 1.53184636803e-103 0.00265352288872 2.14586314343e-103
your 0.0081163184676 0.0199283123278 0.00214029952209 1.40278432805e-69 9.0717592688e-55
yours 0.00854822540559 6.09414032166e-43 1.53428449012e-103 2.70742429749e-103 2.20412766447e-103
youth 2.84940846853e-103 1.35067137287e-103 1.53184636803e-103 0.00265352288872 2.14586314343e-103
