 0 1 2 3 4
abhor 3.07926875019e-103 0.00328357708452 4.58647555992e-89 1.43828298032e-103 1.42177213415e-103
absence 0.00307926875019 3.28357708452e-103 1.21215343663e-43 1.43828298032e-103 1.42177213703e-103
absent 1.12628002517e-47 3.28357725122e-103 0.00291476700017 1.43828298033e-103 9.04838464248e-44
abundance 1.46873539942e-55 3.28357708452e-103 2.91476928247e-103 0.00143826121433 2.15161268701e-08
abundant 3.0792715369e-103 3.28357708452e-103 4.21745302688e-39 1.43828298051e-103 0.00142177213415
abysm 4.94558043365e-90 3.28357708452e-103 2.91476700017e-103 0.00143828298032 2.97639222076e-43
account 5.13989441909e-53 3.28357708453e-103 4.22172819238e-79 1.76467992731e-36 0.00142177213415
acknowledge 8.82196174996e-99 3.28357708452e-103 2.91476700017e-103 0.00143828298032 2.01181206945e-59
add 2.40462570984e-55 4.78865483072e-95 9.22331870844e-79 0.00101925619517 0.000414216544828
addition 3.82598552056e-23 3.28390574827e-103 7.147819036e-58 2.11866511123e-65 0.00142177213415
affable 4.7040176481e-46 3.28357708452e-103 2.91476700017e-103 3.12788899585e-17 0.00142177213415
afford 3.07926875019e-103 0.00328357708452 2.91477993268e-103 1.43828298032e-103 1.42177213415e-103
afloat 3.07926875019e-103 0.00328357708452 2.91476700017e-103 1.43828298032e-103 1.42177213415e-103
after 8.9994729507e-31 3.28364826926e-103 1.00028848112e-16 3.92334756929e-58 0.00142177213415
again 3.07926875019e-103 3.28357708452e-103 2.91476700017e-103 0.00143828298032 1.42177213915e-103
against 0.00615865460101 3.28358491638e-103 2.16823522643e-26 0.00143822828427 1.35702809914e-72
age 1.18595251313e-53 0.00328357708452 2.91476700017e-103 3.20249028012e-05 0.00139011486293
ah 1.82527852153e-15 2.98425798352e-53 0.00660242898612 1.42999448327e-20 0.00104476753882
alack 3.07926875019e-103 0.00656715416905 4.18382939262e-36 1.43828298032e-103 1.42177213415e-103
alas 0.00307926875019 3.28357708452e-103 6.82676443022e-86 1.43828298032e-103 1.42177213415e-103
all 5.14421153287e-48 3.28357719752e-103 0.0203310612829 0.00722709492703 8.74229878267e-25
allow 3.07926875019e-103 0.00328357708452 2.91486229564e-103 1.43828298032e-103 1.42177213415e-103
almost 3.07926876181e-103 3.28357708452e-103 2.91476700017e-103 0.00143828298032 1.42182646184e-103
alone 9.21815834168e-51 0.00328357708452 4.76289884678e-84 4.05260725151e-49 0.00142177213415
altered 1.68440543397e-61 3.28357708456e-103 3.4366818271e-53 1.05047873194e-77 0.00142177213415
alters 1.05181935395e-49 3.28357717755e-103 0.00291476700017 2.89561040338e-68 9.29556656078e-52
although 3.54252905302e-82 3.28357708452e-103 2.9147670002e-103 7.46330111235e-33 0.00142177213415
always 1.14642261804e-53 3.28357708452e-103 2.91476700017e-103 0.00143828181741 1.14956427303e-09
am 4.91189433935e-37 3.24751648654e-87 0.00693847816553 0.00663708165349 7.04626892371e-06
ambush 3.11925830217e-57 3.28357708452e-103 3.24884883862e-41 1.54583475849e-08 0.00142175685326
an 0.00307926921061 3.28358999048e-103 4.7833717064e-85 0.00431484872591 4.08145424857e-77
and 0.0965716261206 2.56295640716e-79 2.45059349129e-38 0.0147292963565 0.0190478239784
anew 3.07926875019e-103 0.00328357708452 2.91476700017e-103 1.43828298032e-103 1.42177213415e-103
angel 1.04767003992e-57 3.28357708452e-103 2.13477399877e-81 1.3198575304e-07 0.00142164166354
another 3.07926875019e-103 0.00328357708452 1.68419309555e-84 1.43828298032e-103 1.42177213415e-103
anothers 1.49055409591e-40 3.28357708452e-103 2.91476700017e-103 0.0015054485785 0.00135537756704
answers 1.79490278996e-52 3.28357708452e-103 7.78225990331e-77 1.22844337907e-06 0.00142055779275
anticipate 3.07926875019e-103 0.00328357708452 1.30722448777e-88 1.43828298032e-103 1.42177213415e-103
antique 3.67258546453e-53 3.28357708452e-103 2.91476700017e-103 1.69441279093e-08 0.00142175538453
any 2.24317832609e-43 3.28357716386e-103 0.00582673756059 0.00143966287508 1.20552617547e-40
apparel 3.07926875019e-103 2.79281731625e-57 2.91476700017e-103 0.00143828298032 1.42177213415e-103
appear 3.07926875019e-103 0.00328357708452 1.31508880626e-98 1.43828298032e-103 1.42177213415e-103
are 2.35450784921e-51 0.0069004185791 0.00553913828804 0.00289694452559 0.00282074777659
argument 3.07926875019e-103 0.00328357708452 2.91476700073e-103 1.43828298032e-103 1.42177213415e-103
arising 3.07926875019e-103 0.00328357708452 2.91554185573e-103 1.43828298032e-103 1.42177213415e-103
art 1.04608002666e-19 0.00654537223519 0.00989108402316 0.00144466331447 0.000865515898673
as 0.0225376955631 1.00862075024e-85 0.00187615903187 1.00721046462e-08 0.00573990439277
assured 3.07926875019e-103 0.00328357708452 2.91476700017e-103 1.43828298032e-103 1.42177213415e-103
at 0.00330732376687 3.28357720931e-103 0.00282048935035 2.16984529218e-18 0.00562777705446
authority 3.07926875019e-103 0.00328357708452 2.4768946965e-101 1.43828298032e-103 1.42177213415e-103
away 3.07926875019e-103 0.00328357708452 2.91477195975e-103 1.43828298032e-103 1.42177213415e-103
ay 0.00307926875019 3.28357708452e-103 6.05228526894e-49 1.43828298032e-103 1.42177213675e-103
back 1.12061242682e-56 0.00328357796063 2.91476700017e-103 0.00287656480048 7.67495180752e-10
bad 3.07926875019e-103 0.00328357708452 2.9149626674e-103 1.43828298032e-103 1.42177213415e-103
balmy 1.2941893826e-95 3.28357708598e-103 2.91476700017e-103 0.00143828298032 1.70746227034e-61
bankrupt 2.04550004928e-76 3.28460809643e-103 2.91476700017e-103 0.00143828298032 3.41700592625e-73
banks 4.83130440863e-20 2.35453857319e-65 5.42718752876e-29 1.43828342493e-103 0.00142177213415
base 5.01306282931e-59 3.28357708452e-103 2.91476700017e-103 0.00143828297587 4.39809706644e-12
bath 1.71688828975e-50 3.28357708452e-103 3.30955555768e-53 0.0014346874503 0.00142532638909
be 0.014274410566 0.0131344130018 0.0109588170229 0.0169753717816 0.0110927166817
bear 3.07926875019e-103 0.00328357708452 2.91476700017e-103 1.43828298032e-103 1.42177213415e-103
bearing 0.00307926875019 3.28357708452e-103 1.17057427327e-26 1.43828298032e-103 1.42177214545e-103
beauties 5.98408373041e-53 3.28357785876e-103 1.53375539787e-13 0.00143826994711 1.28835211411e-08
beauty 1.05505177903e-54 3.28361701971e-103 5.18971895157e-38 0.0115053115703 9.41340582657e-07
beautys 4.93450521981e-82 3.28357708452e-103 0.00874430100052 0.00143828298032 5.71591589819e-60
because 0.00307926875019 3.28357708452e-103 1.92461859946e-55 1.43828298032e-103 1.42177213628e-103
become 7.63400143121e-53 3.28357708452e-103 2.91476829125e-103 0.00107440215822 0.000359703632804
bed 3.07926934e-103 3.28357708452e-103 2.9147670002e-103 1.43828298032e-103 0.00142177213415
being 7.38996360642e-20 3.37458008462e-103 0.00012362685232 0.00564483460388 0.00146852324013
believe 3.3944281439e-19 3.28357708452e-103 3.20425885224e-46 1.43828298032e-103 0.00142177213415
belong 3.07926875019e-103 0.00328357708452 9.30493597334e-103 1.43828298032e-103 1.42177213415e-103
bemoaned 3.07926875019e-103 3.28357708452e-103 2.91476700017e-103 0.00143828298032 1.4217721348e-103
benefit 0.00307926875019 3.28357708452e-103 3.12759517465e-21 1.43828298032e-103 1.42177215655e-103
bereft 3.07926875019e-103 0.00328357708452 2.91476712503e-103 1.43828298032e-103 1.42177213415e-103
best 7.34265231838e-36 3.28357708452e-103 2.68772939698e-86 0.00279618824375 0.00292299928491
betray 3.07926875019e-103 0.00328357708452 2.91476700017e-103 1.43828298032e-103 1.42177213415e-103
better 1.43933622623e-75 3.28357708452e-103 1.12403520204e-61 0.00287656596065 1.14209193533e-36
bevel 3.07926875019e-103 0.00328357708452 6.01628223246e-99 1.43828298032e-103 1.42177213415e-103
birth 5.6323640426e-88 3.28357882492e-103 0.00289522712578 0.00144792487238 1.44794896221e-103
bitter 3.10320686972e-103 3.28357708452e-103 2.91476700017e-103 0.00143828298032 1.76213700169e-67
bitterness 4.67216859506e-57 3.28357719249e-103 0.00291476700017 2.50986137909e-77 1.42179240912e-103
black 3.07926875019e-103 0.00328357708452 2.91476700017e-103 1.43828298032e-103 1.42177213415e-103
blessed 3.07926962143e-103 3.28357708452e-103 2.91476700017e-103 0.00143828298032 5.42897931657e-73
blest 3.07926875019e-103 0.00328357708452 2.91476700017e-103 1.43828298032e-103 1.42177213415e-103
blindness 3.07926875019e-103 0.00328357708452 1.58652454245e-86 1.43828298032e-103 1.42177213415e-103
bliss 0.00307926875019 3.28357708452e-103 1.09167634586e-29 1.43828298032e-103 1.42177214005e-103
bloody 4.86393021023e-63 3.28357708452e-103 0.00291476700017 1.43828298032e-103 6.15660652027e-42
blot 3.07926875019e-103 0.00328357708452 2.91476700017e-103 1.43828298032e-103 1.42177213415e-103
boast 3.07926875019e-103 0.00328357708452 2.91476700017e-103 1.43828298032e-103 1.42177213415e-103
boat 3.07926875019e-103 0.00328357708452 2.91476700017e-103 1.43828298032e-103 1.42177213415e-103
body 6.30001102322e-72 3.28448212052e-103 2.91476700348e-103 0.00143828298032 9.02678973936e-70
bold 3.07926875019e-103 0.00328357708452 2.91476700017e-103 1.43828298032e-103 1.42177213415e-103
book 0.003098080598 3.28357708452e-103 4.86302974876e-35 2.35264432759e-09 0.00141308392781
born 3.24143436611e-61 3.28357708557e-103 4.8820896167e-48 3.16272058092e-47 0.00142177213415
bosoms 3.07926875019e-103 3.28357708452e-103 2.91476700017e-103 0.00143828298032 1.42177213415e-103
both 0.00329821359619 4.08697902117e-62 0.00283142142167 0.00569199249755 2.96857441797e-37
bough 3.07926875019e-103 0.00328357708452 2.91476700017e-103 1.43828298032e-103 1.42177213415e-103
bounty 8.06321621115e-50 3.28357708452e-103 2.91476711862e-103 2.33340918736e-12 0.00142177213184
brag 2.21034765876e-17 6.85878640518e-98 2.9147670002e-103 1.43828298032e-103 0.00142177213415
brain 3.07926875019e-103 0.00328357708452 2.91518544496e-103 1.43828298032e-103 1.42177213415e-103
brand 2.15635713556e-15 3.28357775221e-103 0.00291893374849 0.00143622691094 2.45587113281e-34
break 5.23879144981e-56 3.28357791184e-103 2.39712587071e-38 4.68353256563e-08 0.00142172583647
breast 2.4459549774e-22 0.00345825206571 6.45052022986e-65 1.43828298032e-103 0.00134613875799
brief 3.07926875019e-103 3.28357708452e-103 2.91476803299e-103 0.00143828298032 1.4217721343e-103
bright 3.07926875019e-103 0.00656715416905 9.02186990782e-80 1.43828298032e-103 1.42177213415e-103
bring 0.00307926876349 3.28357708452e-103 9.39609452486e-49 0.00287656595444 6.71836137547e-86
brought 4.8411880877e-74 0.00328357708801 0.00291476699708 9.79954262621e-41 5.59372095421e-98
brow 3.07926875019e-103 0.00328357708452 1.04645649675e-100 1.43828298032e-103 1.42177213415e-103
bud 7.60899936298e-81 3.28357708452e-103 2.91476700019e-103 1.31561275308e-42 0.00142177213415
built 3.07926899293e-103 3.28357708452e-103 2.91476700017e-103 0.00143828298032 3.09234013242e-102
buried 1.48409957098e-40 6.62034430864e-62 9.37590734609e-16 1.11438311237e-32 0.0028435442683
buriest 2.35564727295e-52 3.28357708452e-103 2.91476700017e-103 0.000112287111433 0.0013107740286
burthens 7.12467824551e-53 3.28357708452e-103 2.91476700017e-103 0.000716603045925 0.000713395371107
but 0.0770442806056 6.19506354876e-102 3.55612090225e-32 0.00446937312245 0.0111925404553
buy 0.00307926875019 3.28357708452e-103 7.72276738255e-82 1.43828298032e-103 1.42177213415e-103
by 1.01301708583e-35 0.00328357715654 0.0116647018011 0.00144188380744 0.00141546454289
calls 1.01876663567e-24 4.3637407792e-101 3.53637464666e-57 5.36737670501e-10 0.00284354373773
came 3.07926934e-103 3.28357708452e-103 2.9147670002e-103 1.43828298032e-103 0.00142177213415
can 5.39423139724e-51 0.00328357719414 0.0145738349036 0.00287656596065 1.09755882049e-41
cannot 3.07926884693e-103 4.33446958269e-61 0.00291614248104 0.00431417021409 2.18289449482e-95
canst 2.3602970124e-38 3.28357721794e-103 0.00291476700017 0.00143828298032 5.64825245162e-40
car 3.07926875019e-103 0.00328357708452 2.91476700017e-103 1.43828298032e-103 1.42177213415e-103
care 3.07926875019e-103 0.00656715416905 2.91476700017e-103 1.43828298032e-103 1.42177213415e-103
carve 0.00307926875019 3.28357708452e-103 6.02364314118e-32 1.43828298032e-103 1.42177214912e-103
case 3.07926875019e-103 0.00328357708452 2.91476700017e-103 1.43828298032e-103 1.42177213415e-103
catch 7.28169999372e-60 3.28357708452e-103 6.91951409646e-25 5.12108394619e-15 0.00142177213415
certain 2.53751680669e-60 3.28357708452e-103 2.91476700017e-103 0.00143828298031 1.15509944035e-14
change 0.00318447759465 3.2837208986e-103 4.08649686972e-28 0.00425960420219 6.03311048858e-06
charter 2.92187389682e-88 1.6090578987e-99 1.98185224423e-51 0.00143828298032 1.42177735756e-103
chary 3.07926875019e-103 0.00328357708452 2.9149626877e-103 1.43828298032e-103 1.42177213415e-103
cheek 2.02773368148e-88 3.28357708453e-103 2.30924217323e-36 1.43828298033e-103 0.00142177213415
cheeks 3.07926875019e-103 0.00328357708452 1.81222118475e-62 1.43828298032e-103 1.42177213415e-103
chest 3.07926875019e-103 0.00656715416905 2.91477123344e-103 1.43828298032e-103 1.42177213415e-103
child 9.32995189588e-52 3.45102009141e-93 0.00582953400034 2.02899961092e-23 4.73610524986e-19
children 3.07927007629e-103 3.28357708452e-103 3.74829960795e-45 1.43828298032e-103 0.00142177213415
churls 3.07926885025e-103 3.28357708452e-103 0.00291476700017 1.43828298032e-103 2.69618308677e-66
closure 3.07926875019e-103 5.72731792304e-99 2.91476700017e-103 0.00143828298032 1.42177213415e-103
come 1.61667548818e-42 3.2835770893e-103 0.00291476693371 1.47408733267e-09 0.00284354284355
commence 3.07926875019e-103 0.00328357708452 2.91476700017e-103 1.43828298032e-103 1.42177213415e-103
compile 3.07926875019e-103 0.00328357708452 5.70785598533e-67 1.43828298032e-103 1.42177213415e-103
complexioned 5.1388664089e-101 3.28357708452e-103 2.91476700017e-103 0.00143828298032 1.9482177477e-61
composition 1.19101192031e-52 3.28357708452e-103 2.91476700017e-103 2.2651741301e-07 0.00142154821706
conceit 5.29547137221e-39 3.28400770795e-103 2.97599542979e-37 6.29636045535e-63 0.00142177213415
conquest 7.91588112175e-55 3.28357708452e-103 9.76973501007e-66 1.43828298033e-103 0.00142177213415
contain 3.07926875019e-103 0.00328357708452 2.91476700888e-103 1.43828298032e-103 1.42177213415e-103
content 3.07926875019e-103 0.00328357708452 3.0500187686e-103 1.43828298032e-103 1.42177213415e-103
contented 9.36455160098e-53 3.28357708452e-103 1.10218467659e-25 1.25001447438e-11 0.00142177212179
contrary 3.07926875019e-103 3.28357708452e-103 2.91476700017e-103 0.00143828298032 1.42177213415e-103
converted 3.07926875019e-103 1.59618165903e-98 2.914767493e-103 0.00143828298032 1.42177213415e-103
cool 3.32322346403e-58 3.28357708452e-103 8.29773490837e-102 3.49662555518e-06 0.0014183156483
copy 2.40654987125e-24 8.69735363465e-89 0.00291476700017 1.43828298032e-103 6.58407212968e-23
could 1.06486477154e-41 2.59984273917e-86 6.42067160918e-44 0.00159522907989 0.00411017197401
count 6.98579984466e-44 3.28357708452e-103 3.01213128872e-103 1.43828298036e-103 0.00142177213415
counterpart 3.5538126437e-41 3.28357708452e-103 7.84808222913e-66 2.02710583488e-30 0.00142177213415
course 1.64152826516e-55 3.28357708452e-103 2.91476700017e-103 0.0014382829803 2.79852502643e-14
cover 4.07349660464e-103 3.28357708452e-103 2.91476700017e-103 0.00143828298032 1.4217721872e-103
coward 3.07926888853e-103 3.28357708452e-103 0.00291476700017 1.43828298032e-103 2.10525827407e-39
created 3.07926875019e-103 0.00328357708452 2.91476700017e-103 1.43828298032e-103 1.42177213415e-103
creation 6.61247539712e-61 3.28357708452e-103 2.91476700017e-103 0.00143828298027 5.39061952482e-14
critic 2.91212006436e-69 3.28357708452e-103 0.00291476700017 1.43828302191e-103 1.10807732808e-42
cure 1.18235865714e-09 3.88253613597e-89 6.436553093e-15 0.00143828242806 2.08707664929e-67
cut 3.99356956659e-52 3.28357708452e-103 4.8692325451e-101 1.43828298034e-103 0.00142177213415
daily 1.45409170614e-11 3.28357708481e-103 1.50729703223e-43 1.43828298032e-103 0.00142177212744
dare 2.24790813824e-93 3.28357708452e-103 0.00291476700017 9.07043414459e-60 9.7147272039e-102
day 5.82959633721e-19 0.00328358480098 8.28517756201e-40 0.00227867805111 0.00201279321636
days 3.07926875019e-103 0.00328357708452 2.91476700017e-103 1.43828298032e-103 1.42177213415e-103
dead 3.07996935352e-103 3.28357708452e-103 6.86012171697e-43 6.89212411469e-79 0.00142177213415
dearer 0.00307926875019 3.28357708452e-103 1.63842352049e-93 1.43828298032e-103 1.42177213581e-103
death 9.2233468342e-49 3.28358073818e-103 8.46357674592e-32 4.25729296176e-60 0.0056870885366
debateth 4.66597892172e-57 3.28357708452e-103 3.70481098594e-78 0.00143828157275 1.39141637269e-09
debtor 1.80071520801e-56 3.28358114839e-103 2.91476700018e-103 4.13312618363e-16 0.00142177213415
decay 3.07926875019e-103 0.00985073125357 1.09464595623e-90 1.43828298032e-103 1.42177213415e-103
decree 3.07926875019e-103 0.00328357708452 2.91476700017e-103 1.43828298032e-103 1.42177213415e-103
deep 8.25940453033e-68 3.28357708452e-103 2.91476700017e-103 0.00287656596065 8.62424146716e-37
defeat 3.07926875019e-103 0.00328357708452 2.91476700017e-103 1.43828298032e-103 1.42177213415e-103
defeated 3.07926875019e-103 0.00328357708452 9.63358937522e-100 1.43828298032e-103 1.42177213415e-103
defect 3.07926875019e-103 0.00328357708452 2.91476700017e-103 1.43828298032e-103 1.42177213415e-103
defy 3.07926875019e-103 0.00328357708452 8.34649200648e-100 1.43828298032e-103 1.42177213415e-103
delight 3.07926879951e-103 0.00656715416905 3.80576894434e-98 0.00143828298032 1.4217761014e-103
delivered 2.41571904498e-61 3.28358102123e-103 2.91476700018e-103 1.29961350237e-18 0.00142177213415
depart 3.07926875019e-103 0.00328357708452 2.91476700017e-103 1.43828298032e-103 1.42177213415e-103
derive 3.07926875019e-103 0.00328357708452 2.91476700017e-103 1.43828298032e-103 1.42177213415e-103
deserved 3.07926875019e-103 3.28357708453e-103 2.60336303596e-42 0.00143828298032 1.42177213416e-103
desire 8.82508848961e-65 3.28357708452e-103 2.91476700017e-103 0.00143828298032 2.14966583872e-16
desired 3.07926875019e-103 0.00328357708452 2.91476700017e-103 1.43828298032e-103 1.42177213415e-103
despair 1.15418332556e-102 3.28357708452e-103 3.37275746124e-68 1.43828299707e-103 0.00142177213415
despised 3.07926875019e-103 0.00328357708452 2.91476700017e-103 1.43828298032e-103 1.42177213415e-103
despising 3.07926875019e-103 0.00328357708452 2.91476700017e-103 1.43828298032e-103 1.42177213415e-103
determined 3.07926875019e-103 0.00328357708452 2.91486359102e-103 1.43828298032e-103 1.42177213415e-103
devised 3.07926875019e-103 0.00328357708452 2.91477319906e-103 1.43828298032e-103 1.42177213415e-103
dial 3.07926875019e-103 3.28357708452e-103 2.91476700017e-103 0.00143828298032 1.42177213415e-103
did 3.07926937763e-103 3.28357708452e-103 0.00291476700017 0.00575313192129 1.79288263751e-70
die 0.00307926875019 3.28357708452e-103 2.70181827069e-41 1.43828298032e-103 1.42177213866e-103
discourse 4.96617673375e-35 1.01386600111e-79 2.43805532567e-54 1.43828298032e-103 0.00142177213415
distillation 1.93178503538e-97 3.28357708452e-103 2.91476700017e-103 0.00143828298032 3.69265627597e-60
divine 2.78875069465e-29 3.28357708452e-103 1.29150424849e-51 1.43828298033e-103 0.00142177213415
divining 3.08086560613e-103 3.28357708452e-103 2.91476700017e-103 0.00143828298032 3.01252369309e-68
do 0.0115062060866 0.00328454463452 0.00297431091398 0.0155726535936 0.000590541169143
done 0.00303659362279 0.00332908369073 1.88452042968e-46 1.43828298032e-103 1.42177213417e-103
dost 1.47814856376e-81 3.28357708452e-103 2.6845538734e-16 1.4382845859e-103 0.00142177213415
doth 0.00618109080557 6.87046959775e-103 9.31381097406e-27 0.0172488613856 4.71400395689e-11
down 3.07926875019e-103 0.00328357708452 2.91476700017e-103 1.43828298032e-103 1.42177213415e-103
dregs 4.07119218686e-52 3.28357708452e-103 2.39058253378e-93 0.000113559733364 0.0013095160158
dressing 4.87514103548e-88 3.28357708452e-103 2.91476700017e-103 0.00143828298032 1.18966387211e-50
drink 3.07926875019e-103 0.00328357708452 2.91476959035e-103 1.43828298032e-103 1.42177213415e-103
drops 5.57965138183e-39 3.28556974778e-103 1.10673317043e-24 1.1433586202e-99 0.00142177213415
dross 3.07926875019e-103 0.00328357708452 2.91476700082e-103 1.43828298032e-103 1.42177213415e-103
drudge 3.07973523744e-103 3.28357813706e-103 2.91476722755e-103 0.00143828298032 1.08655772015e-100
dull 3.07926884672e-103 3.28357708452e-103 0.00291476700017 1.43828298032e-103 1.7846175775e-63
dumb 3.07926875019e-103 0.00328357708452 1.0717429679e-100 1.43828298032e-103 1.42177213415e-103
duteous 3.07926875584e-103 3.28357708452e-103 2.91476700017e-103 0.00143828298032 1.42177264428e-103
each 3.07926936864e-103 6.98419787912e-43 2.91476702251e-103 0.00287656596065 1.42179886733e-103
early 2.52712029077e-52 3.28357708452e-103 2.91476700018e-103 0.00143828004177 2.90481694689e-09
earth 1.87949964329e-69 3.28357708452e-103 8.36405957333e-66 0.00143828298032 1.35925855631e-17
effect 1.83280564951e-61 3.28357708452e-103 1.82632448452e-51 1.43828298033e-103 0.00142177213415
either 7.52941477927e-42 3.28357788632e-103 0.00291476700017 2.45916480784e-68 7.35813718947e-93
eloquence 3.07926875019e-103 0.00328357708452 1.35273212752e-77 1.43828298032e-103 1.42177213415e-103
end 3.07926875019e-103 0.00985073125357 3.4391598534e-94 1.43828298032e-103 1.42177213415e-103
endowed 0.003079268743 2.18861843961e-37 2.9147670002e-103 1.43828298032e-103 3.31985244761e-12
enlighten 3.07930642697e-103 3.28357708452e-103 1.09060138492e-29 1.43828298032e-103 0.00142177213415
enmity 3.07926875019e-103 0.00328357708452 2.91476700017e-103 1.43828298032e-103 1.42177213415e-103
ensconce 2.68916641439e-75 3.28357708452e-103 1.16063982357e-95 0.00143828298032 1.78824501436e-31
entertain 5.05203581388e-54 3.28357716987e-103 0.00291476700017 1.43828869694e-103 1.33727518484e-43
errors 3.07927007975e-103 3.28357708452e-103 2.91476700017e-103 0.00143828298032 1.20826500879e-76
eternal 3.00559363816e-39 1.20747849718e-101 5.59073020786e-40 1.31888949349e-40 0.0028435442683
even 0.00824108637599 2.74828626068e-89 0.00385823976418 1.4382829832e-103 1.4217724986e-103
evermore 6.17712345983e-52 3.28357708452e-103 2.91476700017e-103 4.35570759288e-46 0.00142177213415
every 3.07926924722e-103 3.28357708452e-103 2.91476700017e-103 0.00287656596065 2.21248643975e-80
exchequer 6.12431039764e-61 2.4965373482e-79 0.00291476700017 1.93010006044e-18 6.70441479767e-55
excuse 6.43463050134e-43 0.00328357708452 8.94059164093e-43 6.64244139463e-62 0.00142177213415
expire 3.07926875019e-103 0.00328357708452 2.91476700017e-103 1.43828298032e-103 1.42177213415e-103
eye 2.99321846154e-59 3.28357708453e-103 1.54624216599e-60 5.55878905204e-17 0.00426531640245
eyes 1.66352219498e-38 0.00328371605025 2.66450449536e-54 3.39419152303e-05 0.015605881027
face 0.00251704119671 0.00388310995125 2.91494426706e-103 0.00143828222479 1.36868454059e-13
fade 3.07926875019e-103 0.00328357708452 2.91490618413e-103 1.43828298032e-103 1.42177213415e-103
fair 0.00309029075952 0.00328357708452 7.84356613686e-09 0.00274603252329 0.0043892584226
fall 1.02751068778e-53 3.28357708452e-103 2.91476700017e-103 1.33602545908e-05 0.00140856524931
false 5.06163501509e-58 3.28357713709e-103 2.91476700017e-103 0.00287656595451 6.07142576239e-12
fame 3.12824653474e-103 3.28357708452e-103 2.91476700018e-103 0.00143828298032 9.73857528547e-80
familiar 3.07927073352e-103 3.28357708452e-103 2.91476700017e-103 0.00143828298032 3.35905909666e-86
famoused 1.15913248397e-54 3.28357708452e-103 2.91476700017e-103 1.49304684602e-08 0.00142175737508
farther 3.02742036136e-73 3.28357708452e-103 8.93540840071e-61 6.33040527851e-29 0.00142177213415
fault 3.07927113976e-103 3.28357708452e-103 2.91476700017e-103 0.00143828298032 1.42188584066e-103
fearful 0.00307926875019 3.28357708452e-103 1.09695175276e-81 1.43828298032e-103 1.42177213415e-103
fearing 1.412136737e-55 3.28357708452e-103 4.68601801033e-40 2.82744991178e-81 0.00142177213415
fears 1.1842694318e-38 3.28357721794e-103 0.00291476700017 1.43828298032e-103 3.98505447711e-35
feasting 1.53929833879e-58 3.28357710857e-103 2.91476700017e-103 0.00143828295483 2.52017783766e-11
feeds 0.00307926875019 3.28357708452e-103 2.04960422059e-50 1.43828298032e-103 1.42177213444e-103
fiend 3.07926875019e-103 0.00656715416905 2.1278349272e-74 1.43828298032e-103 1.42177213415e-103
fiery 3.07926875019e-103 3.28357708452e-103 2.91476700017e-103 0.00143828298032 1.42177213415e-103
fight 3.07926875019e-103 0.00328357708452 6.97513916388e-56 1.43828298032e-103 1.42177213415e-103
figures 1.01345299871e-53 3.28357708452e-103 6.24907593134e-59 0.00143825548998 2.71747679493e-08
find 2.39188914566e-41 0.00328357708452 9.43148451052e-103 0.00287656554351 4.12348308481e-10
fingers 3.07926935251e-103 3.28357708452e-103 6.01998724867e-34 1.43828298032e-103 0.00142177213415
fire 3.07926875019e-103 0.00328357708452 2.91476752717e-103 1.43828298032e-103 1.42177213415e-103
fired 3.07926875019e-103 3.28357849641e-103 0.00291476700017 1.43828298032e-103 1.42177213415e-103
first 7.33645820231e-96 3.28357708452e-103 4.79839922342e-33 0.00143255260635 0.00142743672599
five 8.88185587472e-58 3.28357708452e-103 1.52545247429e-57 1.39117540869e-10 0.00284354413078
flatter 2.29709758775e-59 3.28357716509e-103 0.00291476700017 1.43850984099e-103 1.51720419843e-95
flatterer 6.09755421746e-51 3.28357708452e-103 2.91476700018e-103 4.63159217184e-09 0.00142176755573
flattery 1.24456216607e-62 3.28411328205e-103 6.61196239901e-26 8.95331698355e-21 0.00142177213415
flesh 1.26151785343e-63 3.28357708452e-103 2.16434470146e-54 1.43828298033e-103 0.00142177213415
flies 8.41701992283e-63 3.28357708452e-103 7.17817844598e-55 0.00143828298032 8.86241255279e-16
flourish 3.69326256864e-61 3.28357708452e-103 4.97783287105e-34 3.99721896186e-17 0.00142177213415
flower 1.35792857448e-24 3.2835851794e-103 7.18594974099e-34 4.84272016287e-25 0.0028435442683
foes 3.07926875019e-103 0.00328357708452 2.91476700017e-103 1.43828298032e-103 1.42177213415e-103
foison 1.17566145258e-56 1.05946131154e-91 0.0029006338521 6.92082313494e-06 5.25261522293e-08
follow 3.07926884672e-103 3.28357708452e-103 0.00291476700017 1.43828298032e-103 1.42177270641e-103
fool 2.06661242617e-40 5.69548350079e-66 0.00291476700017 1.43828298032e-103 6.09134277216e-49
foot 3.07926875019e-103 3.28357708452e-103 2.91476700017e-103 0.00143828298032 1.42177213415e-103
for 0.0487545553164 2.47179070098e-100 0.00597565463218 0.0051268871522 0.00362853317676
forbear 3.07926875019e-103 0.00328357708452 2.91476700017e-103 1.43828298032e-103 1.42177213415e-103
fore 2.60870837212e-57 3.28357708452e-103 2.91476700017e-103 0.00287656559679 3.59680439089e-10
foregone 3.07926875019e-103 0.00328357708452 2.91476700017e-103 1.43828298032e-103 1.42177213415e-103
forgive 2.60779138247e-70 3.28357709301e-103 0.00291476700017 2.19894360771e-50 2.99922935032e-43
forsake 3.07926875019e-103 0.00328357708452 2.91476700017e-103 1.43828298032e-103 1.42177213415e-103
forth 3.07926875019e-103 0.00328357708452 3.11172530894e-103 1.43828298032e-103 1.42177213415e-103
fortify 3.07926875019e-103 0.00328357708452 3.16568328573e-94 1.43828298032e-103 1.42177213415e-103
found 1.16803407647e-55 3.28357724385e-103 0.00291476700017 1.43828298032e-103 1.42177260205e-103
fresh 3.81515398925e-103 3.28357708452e-103 2.91476700017e-103 0.00287656596065 5.17493217904e-66
friend 3.07927009382e-103 0.00656715416905 9.21215782518e-40 1.43828298032e-103 0.00142177213415
from 3.96366332616e-21 1.25762878859e-99 0.00577653525908 0.00548746262218 0.0059755599257
frown 3.07926875019e-103 0.00328357708452 1.10606241207e-96 1.43828298032e-103 1.42177213415e-103
full 1.78252643738e-62 3.28357708453e-103 2.2115121886e-55 1.07078934145e-61 0.00142177213415
gain 3.07926875019e-103 0.00328357708452 2.91481609924e-103 1.43828298032e-103 1.42177213415e-103
gainer 1.0544937357e-80 3.28446666224e-103 2.91476899682e-103 0.00143828298032 1.17963846336e-76
gainst 8.67434394419e-62 3.28357708601e-103 0.00582953400034 1.37134608396e-61 1.42177544543e-103
gait 3.07926875019e-103 0.00328357708452 2.91476700017e-103 1.43828298032e-103 1.42177213415e-103
gave 4.32060393019e-57 3.28357708452e-103 8.55659135101e-33 9.96849989304e-40 0.0028435442683
gavst 2.5197760906e-24 5.1420197549e-75 1.35449362155e-12 1.43828298032e-103 0.00142177213349
gazers 3.07927007768e-103 3.28357708452e-103 1.15865725316e-50 1.43828298032e-103 0.00142177213415
gentle 1.26508023709e-64 3.28357708452e-103 2.91476700017e-103 0.00575313192129 1.33035094453e-21
gentlest 3.07926924902e-103 3.28357708452e-103 2.91476700017e-103 0.00143828298032 9.06130574957e-84
ghastly 3.74251147755e-103 3.28357708452e-103 2.91476700017e-103 0.00143828298032 1.26470086983e-65
ghost 3.07926875019e-103 0.00328357708452 2.91476700017e-103 1.43828298032e-103 1.42177213415e-103
gift 1.71712809605e-67 3.28357708452e-103 2.91476700054e-103 0.00143828298032 9.88009365214e-32
gilded 3.07926875019e-103 3.28357708452e-103 2.91476700017e-103 0.00143828298032 1.42177213415e-103
give 9.58491580988e-64 0.00328357708452 6.13393557024e-32 4.3239140204e-09 0.00284353999402
gives 1.79918211751e-45 3.28357734677e-103 0.00291476700017 2.60378347049e-63 1.42702292986e-103
glass 3.63333008188e-58 3.28357708452e-103 3.26357600233e-12 0.00287656595899 4.20482162377e-14
glowing 3.20046286997e-57 3.28357708452e-103 1.01987301659e-46 5.20084055496e-09 0.00142176699301
go 3.07926875019e-103 0.00328357708452 2.91476700017e-103 1.43828298032e-103 1.42177213415e-103
goddess 3.68648307964e-93 3.28357708452e-103 2.91476700017e-103 0.00143828298032 4.47260970441e-61
gone 3.07926875019e-103 0.00328357708452 3.09569610181e-96 1.43828298032e-103 1.42177213415e-103
good 3.07926936763e-103 3.28357708452e-103 1.52232335452e-24 1.43828298032e-103 0.00142177213415
got 3.07926875019e-103 0.00328357708452 2.91476700017e-103 1.43828298032e-103 1.42177213415e-103
grace 3.07926875019e-103 0.00328357708452 2.70452662762e-100 1.43828298032e-103 1.42177213415e-103
gracious 4.16310444704e-103 3.28357708452e-103 5.69362658425e-103 0.00143828298032 2.98537792668e-70
grant 0.00307926875019 3.28357708452e-103 1.33551950288e-85 1.43828298032e-103 1.42177213415e-103
grave 2.18596159408e-22 2.75537711278e-101 1.26855758547e-26 1.43828298032e-103 0.00142177213415
great 3.98246532209e-47 0.00328357708452 7.77007904389e-91 1.72415606596e-28 0.00142177213415
greater 3.07926894422e-103 3.28357708452e-103 2.91476700017e-103 0.00143828298032 1.82186529081e-99
greeing 3.07926875019e-103 0.00328357708452 2.91486358857e-103 1.43828298032e-103 1.42177213415e-103
green 3.07926875019e-103 0.00328357708452 2.91476700017e-103 1.43828298032e-103 1.42177213415e-103
grief 3.07926875019e-103 0.00656715416905 2.91476700017e-103 1.43828298032e-103 1.42177213415e-103
grievances 3.5732928548e-102 3.28357708452e-103 2.91476700017e-103 0.00143828298032 9.26317303932e-67
grieve 9.17546066839e-84 3.28357708452e-103 3.61153615862e-46 1.43828298032e-103 0.00142177213415
groan 3.07926875019e-103 0.00328357708452 2.91476700017e-103 1.43828298032e-103 1.42177213415e-103
grow 1.33236785167e-59 3.28358483304e-103 2.91476700017e-103 0.00143828298032 1.11765991019e-58
growing 4.60131558177e-16 0.00328357708452 0.00291476700017 1.43828298033e-103 1.42177230909e-103
grown 3.07926875019e-103 3.28357708452e-103 2.9148713833e-103 0.00143828298032 1.42177213415e-103
grows 3.07926875019e-103 0.00328357708452 1.13030602787e-84 1.43828298032e-103 1.42177213415e-103
guard 3.07926875019e-103 0.00328357708452 2.91483649535e-103 1.43828298032e-103 1.42177213415e-103
guides 1.59674166906e-55 3.28357708452e-103 5.07702049658e-81 0.00143828282087 1.57621035815e-10
gust 3.07926875019e-103 3.28357708452e-103 2.91477484881e-103 0.00143828298032 1.42177213431e-103
gusts 7.70707966135e-58 3.28357708452e-103 2.91476700018e-103 5.62892798136e-11 0.00142177207851
habit 6.63655153086e-65 3.70858141957e-49 2.91476700017e-103 0.00143828298032 4.29305346478e-43
had 3.07927697968e-103 1.23333325272e-101 2.91476779731e-103 0.00143828298032 1.42177727874e-103
hand 1.7840791172e-47 0.00328357708452 2.91476878462e-103 0.00287057909754 5.91813658911e-06
happier 3.07929728608e-103 3.28357708452e-103 1.44828834156e-81 0.00143828298032 1.56498178408e-97
happy 1.1112121329e-42 3.28357708452e-103 2.91480103893e-103 0.00154323034028 0.00131802952301
hast 3.23767912663e-44 3.28357708452e-103 0.00582951856696 1.43828298032e-103 7.52813357072e-09
hate 0.00307926875019 3.28357708452e-103 2.4043677661e-54 1.43828298032e-103 1.42177213646e-103
hath 2.23328437067e-23 7.06662500188e-74 7.76198190883e-57 1.18371021264e-58 0.0056870885366
have 8.21817665765e-51 3.28357713596e-103 0.0116590697543 0.00719141403628 5.89980637078e-19
having 3.07926885289e-103 3.28357708452e-103 0.00291476700017 1.43828298032e-103 1.37711036276e-66
hawks 3.07926875019e-103 3.28357708452e-103 2.91476700017e-103 0.00143828298032 1.42177213415e-103
he 0.00313161385995 3.28357711856e-103 0.0195386107221 1.05572947388e-15 0.00466296130745
healthful 3.07926942205e-103 3.28357708452e-103 2.91476700017e-103 0.00287656596065 2.5557581293e-86
hear 3.07927008404e-103 3.28357708452e-103 3.23335944406e-28 1.43828298032e-103 0.00142177213415
hearing 0.00307926875019 3.28357708452e-103 2.51327250946e-22 1.43828298032e-103 1.42177214723e-103
heart 4.40743471188e-32 0.00331301394064 6.47078412927e-48 1.82158098813e-30 0.00709611466216
hearts 7.20225195218e-69 3.28357708452e-103 2.91476700017e-103 0.00143828298032 3.13227017785e-26
heaven 1.74653354244e-59 3.28357723224e-103 0.00291476700017 5.83488791253e-73 1.42535070362e-103
heavily 7.96518024868e-29 3.28357781036e-103 0.00291476700017 1.43828298032e-103 1.42177271468e-103
help 2.84300390963e-59 3.2835775493e-103 6.71642112719e-42 1.68837065572e-22 0.0028435442683
her 2.89381899402e-66 3.28357708452e-103 2.9147670002e-103 1.43828298032e-103 0.00142177213415
here 3.07926875019e-103 0.00328357708452 2.91510270197e-103 1.43828298032e-103 1.42177213415e-103
heretic 3.07926875019e-103 0.00328357708452 5.17874823404e-76 1.43828298032e-103 1.42177213415e-103
high 3.07926875019e-103 3.18316144526e-80 2.91476700017e-103 0.00143828298032 1.42177213415e-103
highmost 3.07926937136e-103 3.28357708452e-103 7.9889536811e-84 1.43828298032e-103 0.00142177213415
him 0.00607123929946 3.24950110376e-100 0.00315463677573 0.00429380014619 0.00278765484025
his 1.84896848478e-61 0.00328357708452 2.29983442869e-33 0.0129445468216 1.27523729482e-12
hold 7.895890495e-64 0.00670047013538 4.92559105706e-103 0.00425645345323 6.80067725496e-16
holy 3.0792708967e-103 3.28357708452e-103 3.06262905728e-48 1.43828628918e-103 0.00142177213415
honour 7.70103978654e-73 7.98191836131e-93 2.91476857127e-103 0.00287656596065 9.07706183002e-30
hope 5.09612570419e-62 3.28357708452e-103 2.91476700017e-103 0.00143828298032 1.85592997207e-15
horse 3.53695027236e-74 3.28360983786e-103 0.00291476700017 6.43472296211e-52 9.49927230564e-60
horses 3.07926875019e-103 2.58030693306e-97 2.91476700017e-103 0.00143828298032 1.42177213415e-103
hour 5.14900636789e-48 3.28361594466e-103 2.91689499798e-103 0.00143828298032 5.82908339449e-61
hours 6.82811726e-41 2.09328736385e-66 4.7843232706e-54 0.0057526715276 4.55108584552e-07
house 5.21339886633e-97 3.28357708452e-103 5.8845112219e-19 8.59365986743e-67 0.00142177213415
how 0.0181584066163 7.08995896969e-92 0.00904456100396 1.72264517796e-51 3.86343010513e-18
hue 3.48200721305e-40 3.28357708452e-103 2.18088465226e-96 1.43828298032e-103 0.00142177213415
hugely 3.07926882154e-103 3.28357708452e-103 2.91476700017e-103 0.00143828298032 5.9082700005e-101
hung 1.02446336361e-66 3.28357708452e-103 2.91476700019e-103 1.5542663283e-24 0.00142177213415
husband 3.88702116036e-54 3.28357708452e-103 2.91476793731e-103 3.06291753707e-05 0.00139149456803
if 0.0121882816598 3.28357728764e-103 0.0146957478999 5.96279432506e-19 2.82683808176e-25
ill 5.42398246724e-44 3.28357708452e-103 1.27465406089e-39 2.94522137356e-28 0.00426531640245
imaginary 3.07926895472e-103 3.28357708452e-103 2.91476700017e-103 0.00143828298032 1.71022349087e-87
impair 3.00922225339e-86 3.28357708454e-103 0.00291476700017 2.31235084218e-56 7.85777277801e-62
impanelled 3.07926875019e-103 0.00328357708452 2.91486358928e-103 1.43828298032e-103 1.42177213415e-103
imperfect 3.07927129871e-103 3.28357708452e-103 2.91476700017e-103 0.00143828298032 1.0598846422e-71
impute 3.07926875019e-103 0.00328357708452 2.91476700095e-103 1.43828298032e-103 1.42177213415e-103
in 0.00537367697178 1.00500687277e-88 0.042457655692 0.0146464697432 0.0277319294716
incertainty 3.07926875019e-103 0.00328357708452 2.91476700017e-103 1.43828298032e-103 1.42177213415e-103
inconstant 3.07927216773e-103 3.28357708452e-103 2.91476700017e-103 0.00287656596065 1.92521517385e-72
indeed 3.07926875019e-103 0.00328357708452 2.91476700022e-103 1.43828298032e-103 1.42177213415e-103
infection 3.07926875019e-103 3.28357708452e-103 2.91476700017e-103 0.00143828298032 1.42177213418e-103
injuries 1.59949401482e-49 3.28357718373e-103 0.00291476700017 6.6826297379e-72 1.32913720568e-37
instant 3.07926875019e-103 3.28357708452e-103 2.91476700017e-103 0.00143828298032 1.42177213415e-103
interchange 3.07945286973e-103 3.28357708452e-103 2.91476706797e-103 0.00143828298032 1.12170065857e-80
interim 0.00307926875019 1.4803785699e-85 2.91476765883e-103 1.58396990639e-43 1.38504598194e-42
into 5.65460409835e-69 3.28357740532e-103 1.46940703385e-23 2.25468918899e-91 0.00142177213415
invention 3.07926881618e-103 3.28357708452e-103 2.91476700017e-103 0.00143828298032 1.42207849675e-103
inward 3.07927486314e-103 3.28357708452e-103 9.20001995958e-45 1.43828298032e-103 0.00142177213415
is 0.00364342228538 0.00656891333089 0.00892191352038 0.0306879534687 0.00486075270919
issue 1.41031699717e-58 3.28357708452e-103 2.91476700018e-103 3.55077642805e-12 0.00142177213064
it 0.00426783599009 3.28357788618e-103 0.00799787243694 0.00692347361739 0.00718903088601
jealous 3.07926956079e-103 3.28357708452e-103 2.91476700017e-103 0.00143828298032 1.80888265516e-80
jewel 3.07927007799e-103 3.28357708452e-103 1.66057928798e-42 1.43828298032e-103 0.00142177213415
keep 2.33795742772e-73 3.28357708452e-103 2.91490086019e-103 0.00287656596065 3.58240469764e-25
keeps 1.88581675579e-25 3.47847753588e-63 0.00410004149282 6.91361480519e-96 0.000843616060315
kills 2.48612738353e-15 2.30300840111e-96 2.91476700031e-103 9.99089906793e-17 0.00142177213415
kind 3.07926886674e-103 0.00656615226982 0.00291565636647 1.43828298262e-103 1.42401588713e-103
kindness 3.0792687539e-103 0.00328357708452 2.91476700017e-103 0.00143828298032 1.42177231734e-103
knife 3.07926875019e-103 0.00328357708452 2.91476700017e-103 1.43828298032e-103 1.42177213415e-103
know 5.47808445163e-73 0.00328357708452 0.00291476700017 1.43828298032e-103 1.42177225577e-103
knowing 3.07926875019e-103 0.00328357708452 6.57338261432e-94 1.43828298032e-103 1.42177213415e-103
knowledge 3.07926979962e-103 3.28357708452e-103 2.91476700017e-103 0.00143828298032 1.02430801846e-73
knows 2.25514939854e-26 0.00365223886783 2.41084589331e-32 3.77317946705e-17 0.00410568773014
lack 3.07926875019e-103 0.00328357708452 2.91476700017e-103 1.43828298032e-103 1.42177213415e-103
lambs 9.49154958311e-09 3.28357708452e-103 3.19814527454e-50 1.43828298033e-103 0.00142176775167
lame 1.53657334635e-52 3.28359273248e-103 2.91476719766e-103 0.00126493359626 0.000171359410565
lark 2.53242613973e-30 1.54212780084e-96 1.60863904215e-27 1.43828298032e-103 0.00142177213415
last 3.07926875019e-103 0.00328357708452 2.91510270071e-103 1.43828298032e-103 1.42177213415e-103
lawful 7.52227398254e-42 3.18337696587e-95 4.55328383146e-39 0.0014215626931 0.00143830047994
lead 1.47750817302e-74 3.28357708452e-103 0.00291284754134 0.00143923013149 1.32629765623e-60
leave 3.77517007323e-33 1.16528917267e-72 2.91482437969e-103 0.00287651137946 5.39546224415e-08
leaves 3.07926884672e-103 3.28357708452e-103 0.00291476700017 1.43828298032e-103 1.42177354468e-103
left 3.07926875019e-103 0.00328357708452 2.91476700017e-103 1.43828298032e-103 1.42177213415e-103
lends 2.04131176469e-69 3.28357708452e-103 1.15371425178e-07 3.69242987342e-51 0.00284348799215
less 3.07988396794e-103 3.28357708452e-103 2.91476700017e-103 0.00143828298032 6.39473265079e-78
lest 0.00615853750038 3.28357708452e-103 1.46666636015e-85 1.43828298032e-103 1.42177213416e-103
let 0.0222198961473 1.65189643465e-93 0.00133181409755 0.00222435680378 0.00110980539723
lets 3.08357583647e-103 3.28357708912e-103 0.00291476700017 1.43828298096e-103 1.42177716146e-103
level 2.89620820493e-57 0.00328357708756 4.86594301523e-41 1.62283921712e-09 0.00142177052863
lie 3.07926875019e-103 0.00328357708452 2.12388377633e-98 1.43828298032e-103 1.42177213415e-103
life 5.50917190689e-69 0.00328357708453 1.074317815e-55 0.00287656593957 2.08269811147e-11
lifes 3.07928036365e-103 3.28357708452e-103 1.31914915774e-46 1.43828298032e-103 0.00142177213415
like 0.00251666107218 3.28357712653e-103 0.012186984132 0.00287885344592 4.06129537162e-71
likeness 1.50546693381e-52 3.28357708452e-103 2.11049695542e-96 0.00132649521377 0.000110504492927
lilys 3.59476208517e-100 3.28357708452e-103 2.91476700017e-103 0.00143828298032 4.85505241281e-62
lines 7.32734391766e-58 3.28357708453e-103 1.6575180446e-41 1.87990182172e-13 0.00142177213396
lips 7.42506135393e-54 3.28357708452e-103 2.91476700017e-103 7.00691884562e-06 0.0014148456516
list 3.23654939931e-54 3.28357708452e-103 2.91476955485e-103 1.79678042846e-07 0.00142159451873
live 1.39757941204e-29 0.00328391695363 9.28830161009e-33 1.97481936202e-30 0.00426516924086
locked 7.94114900994e-64 3.28357708452e-103 1.0721399123e-58 8.11374040346e-21 0.00142177213415
look 0.0092395382389 3.28357708452e-103 0.00299261354099 0.00281532043187 2.17705820157e-05
looked 3.5560055418e-72 3.28357708452e-103 8.42640583316e-09 2.42854205084e-52 0.0014217680239
looks 3.04057539953e-42 3.33019310214e-103 1.4310963326e-55 1.41388643508e-51 0.00142177213415
lose 1.94914969468e-77 3.28357708452e-103 0.00288473715162 0.00145310111847 3.85408727626e-34
loss 1.47706107106e-42 0.00330404487555 2.9178794644e-103 0.00142931759628 1.6295737727e-11
lost 1.71242531457e-43 3.2836874665e-103 0.00291476700017 2.27988211889e-90 5.36979001322e-22
love 0.00772853334071 0.00657451529319 0.00359820875279 0.00726748186059 0.0201899253762
loves 0.00616168048717 3.28357965478e-103 1.75696927026e-05 0.00457213798244 0.00400095954455
loving 1.09725861834e-92 0.00328357708452 2.91476700017e-103 0.00143828298032 7.05029756357e-55
lovst 1.2487106561e-47 1.01791062672e-96 2.91479101258e-103 0.00143828298032 5.48288057946e-57
mad 0.00305640608117 0.00328357708452 0.00293640829185 1.43828299532e-103 2.33129427536e-16
made 2.00215739681e-48 0.00328357708452 2.91494260908e-103 3.02188988471e-07 0.00284324554831
make 2.40102073118e-15 0.00328602938725 0.00892063690004 1.07739773459e-13 0.00133469674566
making 0.00307926875019 3.28357708452e-103 5.43709948539e-21 1.43828298033e-103 1.42177221572e-103
man 3.07926875019e-103 0.00328357708452 2.91478960108e-103 1.43828298032e-103 1.42177213415e-103
mansion 7.78757099183e-22 3.28357708774e-103 1.93565246095e-54 2.14405213738e-27 0.00142177213415
many 3.07926890946e-103 3.28357708452e-103 0.00582953400034 1.43828298032e-103 6.2248662381e-49
mark 0.00307926875019 3.28357708452e-103 5.46025552529e-86 1.43828298032e-103 1.42177213415e-103
marvel 1.08105086557e-62 3.28357713738e-103 0.00291476700017 1.43828298032e-103 1.42177236289e-103
may 0.00618959042617 3.28357708452e-103 9.97772384282e-25 1.62616369327e-09 0.00282920478121
me 6.74684226825e-26 0.0131792525006 0.0182829882427 0.0177000726594 0.00910983857191
medicine 7.04260254046e-54 3.28357708452e-103 2.9147670002e-103 0.00142368239984 1.44329723414e-05
meditation 3.0792710172e-103 3.28357708452e-103 0.00291476700017 1.43828298032e-103 1.46596455258e-103
meet 3.07926875019e-103 0.00328357708452 2.91476700017e-103 1.43828298032e-103 1.42177213415e-103
memory 2.05305629181e-54 0.00328357708452 2.91476700017e-103 0.00143785769539 4.20402849039e-07
mend 1.08808574655e-53 0.00328357708452 4.48558948595e-16 3.41910252956e-09 0.0014217687543
mended 5.89078745981e-56 3.28357708452e-103 5.00689856283e-103 5.984872627e-12 0.00142177212823
mens 0.00276763655234 3.28357725937e-103 5.69656341124e-70 1.55602720993e-13 0.000143888049561
merit 3.19433857298e-32 3.28357724791e-103 0.00291476700017 1.92568084491e-53 1.14748961393e-15
methinks 3.07926889711e-103 3.28357708452e-103 0.00291476700017 1.43828298032e-103 6.85473096767e-17
might 4.13953606776e-34 3.28357764989e-103 0.00280938588666 0.00170080916043 0.0012136626931
mightst 5.83206543542e-60 3.28357708452e-103 1.86647455005e-36 1.84586356534e-17 0.0028435442683
mind 3.07926875019e-103 0.00985073125357 2.91476755609e-103 1.43828298032e-103 1.42177213415e-103
mine 7.03515934529e-75 0.00328357708452 0.0145738350009 1.0017225947e-75 9.52047908736e-25
miscalled 2.22170800896e-97 3.28357708452e-103 2.91476700017e-103 0.00143828298032 2.61453941523e-59
misprision 3.07926875019e-103 1.45348494293e-96 2.91476700017e-103 0.00143828298032 1.42177213415e-103
mistake 2.38847820233e-48 3.28357708452e-103 2.91602924409e-103 2.69261317997e-48 0.00142177213415
mistress 2.77836868707e-90 3.28357708452e-103 2.85690311794e-58 1.28750562918e-82 0.0028435442683
mixed 1.39843640451e-55 3.28507066586e-103 1.2467831876e-48 1.43828298032e-103 0.00142177213415
moan 3.07926875019e-103 0.00328357708452 2.91476700017e-103 1.43828298032e-103 1.42177213415e-103
monument 2.61432140013e-34 3.28357722567e-103 0.00291476700017 8.41679056652e-39 8.69930870771e-21
more 3.46378810418e-41 0.00656715416905 1.79315003852e-75 0.00431484597384 2.93307077904e-09
morn 3.07926880795e-103 3.28357708452e-103 2.91476700017e-103 0.00143828298032 1.42177498658e-103
most 1.9838813909e-59 3.28357708452e-103 1.0063027464e-36 8.3214363866e-07 0.0028427216773
mother 3.07926875019e-103 0.00328357708452 2.91476700017e-103 1.43828298032e-103 1.42177213415e-103
mothers 0.00310811076179 5.03034243915e-79 2.40223865646e-90 0.00142466090025 1.48657125305e-07
mountain 1.51232237768e-74 3.28357708452e-103 0.00291476700017 1.43828298032e-103 2.86573579372e-40
mourn 2.9757586302e-56 3.28357711915e-103 0.00291476700017 1.43828298032e-103 5.10760283368e-43
mourning 5.01572857229e-60 3.28357708452e-103 1.31629776139e-66 3.94066324552e-18 0.0028435442683
move 3.07926875019e-103 0.00328357708452 2.91476700017e-103 1.43828298032e-103 1.42177213415e-103
moving 3.07926875019e-103 0.00328357708452 2.91476700017e-103 1.43828298032e-103 1.42177213415e-103
much 1.90199921054e-34 6.84542937951e-99 2.10534131944e-10 0.00284469072617 0.00714036988908
muse 1.98889802301e-30 3.28391275778e-103 2.91476700019e-103 3.95508741678e-24 0.0028435442683
music 6.94320377438e-63 3.28357708452e-103 2.91476700018e-103 1.17014830637e-17 0.00142177213415
must 3.08326666915e-103 3.28357708452e-103 2.91476700017e-103 0.00143828298032 3.01383726105e-69
mute 3.07926875019e-103 0.00328357708452 2.91476700017e-103 1.43828298032e-103 1.42177213415e-103
my 8.63680191977e-46 3.28360418033e-103 0.0275010863157 0.0382324493076 0.0383635398368
name 3.8958924817e-18 3.28357708469e-103 9.38813981011e-49 0.00240089877963 0.00189197886839
nature 9.43373551394e-67 3.28357708452e-103 7.0211907406e-22 0.00225230337853 0.00346064059481
natures 3.37740417655e-80 3.28429183573e-103 2.91476734948e-103 0.00143828298032 2.96771493282e-77
necessary 6.57470959179e-52 3.28357708452e-103 2.9147670002e-103 0.000340180033031 0.00108549721595
neck 3.1071396976e-103 3.28357708452e-103 2.91476700017e-103 0.00143828298032 7.18805109165e-103
needs 6.97490419971e-51 3.28357708452e-103 1.59585015142e-67 1.43862152284e-103 0.00142177213415
neigh 5.04298390065e-71 3.28357708452e-103 0.00291476700017 1.43828298032e-103 5.09090205385e-60
neither 0.00307926875019 3.28357708452e-103 1.29448866663e-30 1.43828298032e-103 1.42177214005e-103
never 4.43898933565e-84 3.28357708452e-103 0.00874430100052 1.43828298032e-103 1.16516003826e-36
new 4.40190859305e-06 0.00656246019546 1.17131795945e-82 1.43828298032e-103 1.42177213416e-103
newer 3.07926893769e-103 3.28357708452e-103 0.00291476700017 1.43828298032e-103 2.10009574623e-42
night 4.62841816431e-41 0.00985108072414 4.50619687226e-58 2.41058287395e-33 0.00426516508348
no 0.0301181115826 6.72481780376e-89 2.27463165146e-34 0.00750649587857 3.8707691527e-09
nor 0.0234924417722 3.28390389938e-103 6.47466585245e-16 0.00244590907314 0.000952867173547
not 0.00207312326067 0.00328066105319 0.0150509218065 0.0106363870158 0.0195760383089
nothing 2.21497777712e-48 3.28357708452e-103 2.91476700167e-103 0.00143828298032 1.63791986634e-42
nought 3.07926875019e-103 0.00328357708452 2.91495898402e-103 1.43828298032e-103 1.42177213415e-103
now 0.012801966285 0.00328458946933 0.000686252528022 0.0054460669253 0.00543156235985
number 2.83464922695e-31 3.28381696933e-103 3.00927716587e-33 1.72996050709e-24 0.00142177213415
nursed 3.07926934e-103 3.28357708452e-103 2.9147670002e-103 1.43828298032e-103 0.00142177213415
oaths 3.07926875019e-103 8.42054345404e-56 2.91476700017e-103 0.00143828298032 1.42177213415e-103
oblivious 2.65114832197e-95 3.28357708452e-103 2.91476700017e-103 0.00143828298032 2.50606455131e-60
obsequious 3.72125380458e-62 1.90284368651e-99 1.40367836775e-19 8.27162189451e-19 0.00142177213415
ocean 2.30270060565e-63 3.28358605613e-103 2.91477404592e-103 0.00143828298032 1.79660711758e-59
oer 0.00307926875019 3.28357708452e-103 4.29033615435e-57 0.00143828298032 1.42177213633e-103
of 0.00336009166218 4.76504610324e-98 0.00837018589181 0.0334977632179 0.0209669413518
offenders 3.07926884672e-103 3.28357708452e-103 0.00291476700017 1.43828298032e-103 1.42177269532e-103
old 4.80058825109e-63 3.28357708452e-103 2.91476700017e-103 0.00431484894097 5.09298607914e-19
older 3.07926875019e-103 3.28357708452e-103 2.91476700017e-103 0.00143828298032 1.42177213415e-103
on 0.00312149426197 0.00327463492557 0.00565845246611 0.00726001956823 8.83013910632e-09
one 0.00310124476518 3.28357708452e-103 1.29829385851e-29 2.24330401137e-07 0.00425494779479
only 1.08775957796e-56 3.28358111e-103 2.91476700018e-103 0.00143828298019 1.30021675599e-13
onset 2.67883539033e-28 3.28466704728e-103 1.67785946409e-25 1.43828337149e-103 0.00142177213415
or 0.0107420453983 3.28357718037e-103 1.50211942097e-26 0.00739915831581 0.00194364241287
ornament 3.07926875019e-103 0.00328357708452 2.91476700017e-103 1.43828298032e-103 1.42177213415e-103
other 7.52641763409e-57 3.28357708455e-103 0.00580114046751 0.00145229368342 1.04231925872e-32
others 3.74814147147e-51 3.28357708452e-103 0.00174753956193 1.10567919866e-09 0.00199112407893
our 3.07926890029e-103 3.28357708452e-103 0.00291476700017 1.43828298032e-103 3.51031305894e-40
out 1.33505644968e-97 3.28357708452e-103 2.91476700017e-103 0.00287656596065 1.42177222925e-103
outlive 2.06265805807e-62 3.28357708452e-103 2.91476700017e-103 0.00143828298032 2.64673166595e-16
outward 3.07933648154e-103 3.2835770871e-103 2.91476700029e-103 0.00143828298032 1.88286121255e-75
own 5.05388598716e-37 3.28357708452e-103 1.72146026269e-49 1.43836326933e-103 0.0056870885366
pace 3.07926875019e-103 0.00328357708452 2.91476700017e-103 1.43828298032e-103 1.42177213415e-103
painful 3.07926888853e-103 3.28357708452e-103 0.00291476700017 1.43828298032e-103 1.03712879208e-38
papers 3.07926934053e-103 3.28357708452e-103 4.1708542182e-103 1.43828298032e-103 0.00142177213415
parts 1.20193929946e-43 3.2856384449e-103 2.91476700019e-103 1.160183414e-09 0.00142177098729
pass 2.8524818164e-46 3.28357708452e-103 2.95726208363e-60 0.00144471734777 0.00141541163036
passed 0.00307913206724 3.28357708482e-103 3.58109421769e-54 1.4382829815e-103 6.31097933713e-08
past 0.00307926875014 3.28357708452e-103 2.91476755216e-103 0.00143828298035 1.42177238186e-103
patient 8.17965065234e-54 3.28357708452e-103 2.91476700017e-103 3.80294234535e-06 0.00141801284788
physic 1.59864050514e-63 3.28358308967e-103 5.31781643853e-81 0.00143828298032 5.10938644639e-18
picture 1.73922339447e-59 3.28357708452e-103 6.65851821495e-63 0.00143827793481 4.98759492326e-09
pitch 2.36822018604e-66 3.28357708452e-103 2.91476700019e-103 4.51522578827e-19 0.00142177213415
pity 7.87516315702e-54 3.28357733462e-103 0.00291476700017 1.43839910478e-103 1.42177363379e-103
place 3.07926875019e-103 0.00328357708452 2.91476700017e-103 1.43828298032e-103 1.42177213415e-103
plea 3.07926877358e-103 3.28357708452e-103 2.91476700017e-103 0.00143828298032 9.41028829003e-102
plead 1.65897221702e-49 3.28357726857e-103 0.00291476700017 3.28448416917e-80 1.42182840031e-103
pleasant 3.07926875019e-103 3.14784842629e-102 2.91476700017e-103 0.00143828298032 1.42177213415e-103
please 3.09589016571e-32 7.62658517023e-48 7.76791356477e-21 0.00287221154052 4.304433328e-06
pleasures 3.0792687502e-103 3.28357708452e-103 2.91476700017e-103 0.00143828298032 1.42177213435e-103
plot 3.07926875019e-103 0.00328357708452 2.91476700017e-103 1.43828298032e-103 1.42177213415e-103
poets 3.07926875019e-103 3.28357708452e-103 2.91476700017e-103 0.00143828298032 1.42177213415e-103
point 3.07940198082e-103 3.28357708452e-103 2.91476700017e-103 0.00143828298032 1.4217721517e-103
policy 1.88892043217e-53 3.28357708452e-103 1.90819982093e-60 3.29399725668e-18 0.0028435442683
politic 3.07926875019e-103 0.00328357708452 2.91476700017e-103 1.43828298032e-103 1.42177213415e-103
poor 3.56829131373e-45 3.28357708452e-103 0.00291476822816 0.00575313131534 8.93127030422e-15
possessing 0.00307926875019 3.28357708452e-103 6.26075236057e-19 1.43828298035e-103 1.42177243099e-103
possession 3.24850563886e-85 3.28360388584e-103 2.91476703381e-103 0.00143828298032 4.60899254419e-58
posterity 3.07926875019e-103 0.00328357708452 2.91476748693e-103 1.43828298032e-103 1.42177213415e-103
praise 4.8393972908e-29 0.00328512660716 6.62054149661e-13 0.00431417021376 8.12994438187e-19
praised 0.00307926875019 3.28357708842e-103 1.70324570477e-57 1.43828298032e-103 1.69333353378e-17
praises 4.33910563682e-29 2.78035506788e-98 2.91476700018e-103 9.81941130444e-18 0.00142177213415
preposterously 3.15188051752e-59 3.28357708452e-103 8.81028008679e-63 0.00143828296831 1.187494081e-11
presence 1.76203812005e-50 3.28357708452e-103 2.39115298923e-71 0.00016588607521 0.00125779035699
prison 0.00307926875019 3.28357708452e-103 9.84200883524e-32 1.43828298032e-103 1.42177214664e-103
profane 9.4965165489e-15 1.25946814485e-81 2.9147670002e-103 1.43828299801e-103 0.00142177213415
profound 3.84882828863e-53 3.28357708452e-103 2.91476700024e-103 0.00143194278447 6.26741323289e-06
proof 2.54138425209e-53 3.28357708452e-103 7.68382617626e-57 1.06742054451e-59 0.0028435442683
prophecies 3.07926875019e-103 0.00328357708452 1.55330514469e-40 1.43828298032e-103 1.42177213415e-103
proud 7.53104051594e-45 3.28373282641e-103 2.91476700019e-103 1.27844606895e-27 0.00142177213415
prove 3.07926875019e-103 0.00328357708452 8.56935712223e-73 1.43828298032e-103 1.42177213415e-103
proved 6.94917432408e-61 3.28357708452e-103 2.91476700019e-103 0.00143828298032 1.25594689293e-17
provoke 2.07578842246e-49 3.28357717162e-103 2.23702551557e-96 7.28926257761e-34 0.00142177213415
public 6.16786086801e-52 3.28357708452e-103 2.91476700017e-103 0.0014382827916 1.86553083549e-10
pursuing 8.3975160841e-74 3.28357708452e-103 2.28075869817e-84 0.00143828298032 8.13860546152e-82
pursuit 4.36859204202e-61 3.28357708452e-103 2.87206071048e-50 4.60820690605e-45 0.00142177213415
puts 2.39333068357e-40 3.28357708452e-103 2.91476700149e-103 0.00143828298032 9.43672269244e-67
quenched 1.16607133754e-23 1.70832967878e-98 2.00297564369e-77 1.43951499416e-103 0.00142177213415
question 6.98256306053e-50 7.02744328568e-86 2.97068647484e-50 0.00143828294563 0.00142177216845
quite 3.23170080881e-81 0.00328357708452 2.91476700017e-103 0.00143828298032 3.82817042631e-34
race 3.07926875019e-103 0.00328357708452 2.91476700017e-103 1.43828298032e-103 1.42177213415e-103
rage 3.07926875019e-103 0.00328357708452 2.91476700017e-103 1.43828298032e-103 1.42177213415e-103
rain 1.03752638706e-99 3.28357708452e-103 2.91476700017e-103 0.00143828298032 9.87639933374e-62
rarities 5.61193325655e-58 3.28357708452e-103 3.07937478427e-40 7.52435733758e-11 0.00142177205977
raven 3.07926983788e-103 3.28357708452e-103 2.91476700017e-103 0.00143828298032 2.92551807337e-72
razed 3.07926875019e-103 3.28357708452e-103 2.91476700017e-103 0.00143828298032 1.42177213415e-103
read 3.07926875019e-103 0.00328357708452 2.91476700017e-103 1.43828298032e-103 1.42177213415e-103
reason 3.0792687627e-103 3.28357714211e-103 5.08645588604e-84 0.00143828298032 1.421772721e-103
receives 1.80840574252e-50 3.28357708452e-103 2.91476700017e-103 1.43828298034e-103 0.00142177213415
recompense 3.07926875019e-103 0.00328357708452 1.31680581625e-51 1.43828298032e-103 1.42177213415e-103
records 5.63091164943e-37 3.28357708452e-103 7.06731243891e-36 1.43828298032e-103 0.00142177213415
recured 3.07926875019e-103 0.00328357708452 8.85662146468e-85 1.43828298032e-103 1.42177213415e-103
registers 6.56924231733e-72 3.28357708452e-103 0.00291476700017 1.58290366236e-52 1.03167547042e-21
rehearse 3.07926875019e-103 0.00656715416905 2.91484178566e-103 1.43828298032e-103 1.42177213415e-103
reigned 3.07926875019e-103 0.00328357708452 2.91476700017e-103 1.43828298032e-103 1.42177213415e-103
relief 3.07926875019e-103 0.00328357708452 2.91476700017e-103 1.43828298032e-103 1.42177213415e-103
remedy 3.07926875019e-103 0.00328357708452 2.91476700017e-103 1.43828298032e-103 1.42177213415e-103
remembered 3.07926875019e-103 0.00328357708452 2.91476700176e-103 1.43828298032e-103 1.42177213415e-103
repair 3.07926875019e-103 0.00328357708452 2.91617043746e-103 1.43828298032e-103 1.42177213415e-103
resembling 0.00307926875019 3.28357708452e-103 1.98290212807e-85 1.43828298032e-103 1.42177213415e-103
respect 3.07926875019e-103 0.00328357708452 2.9147670002e-103 1.43828298032e-103 1.42177213415e-103
rest 3.07926884213e-103 3.28357708452e-103 2.91476700017e-103 0.00143828298032 1.42670047342e-103
resty 3.07927007628e-103 3.28357708452e-103 1.02941816829e-48 1.43828298032e-103 0.00142177213415
retention 1.53799886433e-69 3.28357708452e-103 1.50211795808e-36 5.08787971455e-53 0.00142177213415
rhyme 3.07926875019e-103 0.00328357708452 2.91476761433e-103 1.43828298032e-103 1.42177213415e-103
rich 3.65374976227e-22 1.03870896424e-72 2.91478325665e-103 9.51882163962e-73 0.00142177213415
rights 2.30871576243e-58 3.28357708452e-103 1.11747006909e-90 6.15684802037e-15 0.00142177213414
riot 2.13308980842e-13 1.89502505919e-56 2.91476700023e-103 1.43828298032e-103 0.00142177213405
rise 9.6306782026e-71 3.28357708452e-103 0.00291476700017 1.43828298032e-103 1.42177225577e-103
rising 7.70117753217e-64 3.28357714272e-103 0.00291476700017 1.43828298032e-103 1.42189736061e-103
robbery 2.01078453771e-54 3.28357708452e-103 2.91476700017e-103 0.00134931944076 8.79422778671e-05
root 0.00307926875019 3.28357708452e-103 3.96677156874e-86 1.43828298032e-103 1.42177213415e-103
roses 1.74544424317e-52 3.28357914395e-103 2.91488639386e-103 5.361212939e-07 0.00142124216729
rosy 3.51881158835e-98 3.28357708452e-103 2.12065943402e-97 2.87607291209e-77 0.00142177213415
rudst 2.19995588656e-55 3.28357708452e-103 1.97295845331e-51 1.88082819576e-07 0.00142158621044
ruin 2.09608437852e-71 3.28357708452e-103 0.00291476700017 1.43828298032e-103 1.42177225577e-103
ruined 6.80768632773e-78 3.28357711365e-103 0.00291476700017 1.43839132526e-103 1.42177271125e-103
ruminate 3.07926875019e-103 0.00328357708452 2.91476782111e-103 1.43828298032e-103 1.42177213415e-103
runst 2.98320505628e-48 3.2835772834e-103 0.00291476700017 1.43828298032e-103 7.66478151017e-96
sad 1.02579862377e-44 3.28357708452e-103 0.00290808495527 1.43828298032e-103 0.00284680365241
sake 3.07926875019e-103 0.00328357708452 2.91477798343e-103 1.43828298032e-103 1.42177213415e-103
satire 6.22904226857e-52 3.28357708452e-103 9.98909756593e-74 0.000102502936568 0.00132044588551
save 0.00307926875019 3.28357708452e-103 2.02218117498e-24 1.43828298032e-103 1.42177215011e-103
saw 5.01587512518e-45 3.28357708452e-103 2.91476700017e-103 1.43828298034e-103 0.00142177213415
say 0.00308609040483 0.00328798976674 0.00650725476805 1.60812239401e-21 0.00108613146007
says 0.00307926875019 3.28357708452e-103 2.66119558417e-52 1.43828298032e-103 5.481138682e-16
sea 4.66062499466e-36 7.63563076706e-92 4.20939410135e-38 5.17243269543e-21 0.0028435442683
seat 3.07927036707e-103 3.28357708452e-103 2.91476700017e-103 0.00143828298032 1.87205212633e-72
seconds 3.07926935912e-103 3.28357708452e-103 2.9147670002e-103 1.43828298032e-103 0.00142177213415
see 2.69503241813e-14 0.00656910418652 0.00321630525705 2.56389733269e-21 0.00411738699073
seeing 6.88948681866e-22 0.00328441737388 2.91476725921e-103 2.11427710005e-52 0.00142140829314
seem 1.96495871057e-53 3.28357708452e-103 2.91476700695e-103 7.35789280896e-08 0.00142169939988
seemed 5.76779605608e-52 3.28357709621e-103 2.91476700017e-103 0.000817580558588 0.000613577035184
seeming 3.07926880087e-103 3.28357708452e-103 2.91476700017e-103 0.00143828298032 1.42187749543e-103
seen 1.10482099185e-46 0.00328357708452 5.22278798436e-92 1.78563971813e-37 0.00142177213415
seest 6.28721897985e-28 4.06310617706e-82 6.71352402873e-14 1.43828395649e-103 0.00142177213412
self 2.32059459556e-27 3.28395768314e-103 0.00287075649371 0.0128226241515 0.000141990605403
selling 4.71211376396e-54 3.28357708452e-103 1.28077351445e-97 0.00141190959949 2.60706262059e-05
sense 3.07926875019e-103 0.00328357708452 2.91476700017e-103 1.43828298032e-103 1.42177213415e-103
senses 2.22945228058e-50 3.28361556837e-103 2.91476700017e-103 0.00143828298032 2.83044083381e-61
sensual 5.28126809739e-50 3.28357708452e-103 2.91476700017e-103 0.00143816638551 1.15256359828e-07
servants 3.07926875019e-103 3.28357708452e-103 2.91476700017e-103 0.00143828298032 1.42177213445e-103
set 8.17949351307e-52 3.28357708452e-103 2.91476700017e-103 0.000713249746276 0.000716710176373
several 3.08263945396e-103 3.28357708452e-103 2.91476700017e-103 0.00143828298032 8.40326010537e-69
shade 3.07926875019e-103 0.00656715416905 2.91478693029e-103 1.43828298032e-103 1.42177213415e-103
shall 0.0105215671481 3.28358623344e-103 0.00291721873633 0.00825299285517 0.00120021368766
shallowest 3.07926894237e-103 3.28357708452e-103 0.00291476700017 1.43828298032e-103 1.82919431493e-35
shalt 3.45211281598e-70 3.28359547444e-103 2.91476700765e-103 0.00143828298032 3.20620900215e-61
shame 1.14987596547e-99 3.28357708452e-103 4.98787067805e-39 8.21756133703e-59 0.00142177213415
she 9.68371471664e-58 3.2835771021e-103 0.0145860046826 0.00192919549712 0.0037741031851
shine 3.07926875019e-103 0.00328357708452 2.91476700017e-103 1.43828298032e-103 1.42177213415e-103
should 2.28047596735e-38 3.28357773872e-103 0.0118536802611 3.55036469189e-11 0.00417038792582
shouldst 6.40875044666e-96 3.28357708452e-103 2.91476700017e-103 0.00143828298032 5.31612382755e-58
show 3.07926875019e-103 0.00328357708452 2.91476700017e-103 1.43828298032e-103 1.42177213415e-103
shows 3.07926875022e-103 8.57560155559e-37 2.91476700017e-103 0.00143828298032 1.42177213423e-103
sick 0.00307926875019 3.28357708452e-103 1.05463574368e-88 1.43828298032e-103 1.42177213415e-103
side 2.5114668746e-89 3.28357708452e-103 0.00291476700017 3.54785049276e-65 2.09682210624e-39
sight 3.07926875019e-103 0.00985073125357 2.91476713513e-103 1.43828298032e-103 1.42177213415e-103
silence 5.2181360779e-40 3.28357716389e-103 0.00291476611055 0.00143827804102 5.31654607145e-09
simple 3.07926884672e-103 3.28357708452e-103 0.00291476700017 1.43828298032e-103 1.42177265782e-103
simplicity 3.07926875019e-103 0.00328357708452 2.91476700017e-103 1.43828298032e-103 1.42177213415e-103
sin 3.07927026814e-103 3.28357708452e-103 2.61590546387e-50 1.43828298032e-103 0.00142177213415
since 0.00615853997421 3.28357708452e-103 1.38817060235e-39 1.43828298032e-103 0.00142177099192
sinful 2.06204650617e-55 3.28357708452e-103 1.82982457324e-76 6.19837604016e-15 0.00142177213414
sire 3.64472850532e-70 3.28357708452e-103 0.00291476700017 1.43828298032e-103 1.42177261778e-103
slave 3.07927527052e-103 3.28357708452e-103 1.19227366234e-102 1.43828298032e-103 0.00142177213415
so 0.0494257416353 0.00656839287883 0.00036399280125 0.015145716063 0.0103692681858
some 1.07001060158e-45 3.28357708452e-103 2.91476700017e-103 7.24088112622e-45 0.00142177213415
sometime 0.00307926875019 3.28357708452e-103 1.02663848552e-84 1.43828298032e-103 1.42177213415e-103
soon 9.93752877686e-43 3.28357737617e-103 0.00291476700017 1.43841994418e-103 1.42177263139e-103
sorrow 3.0792999817e-103 3.28357708452e-103 3.49941504158e-48 1.43828298032e-103 0.00142177213415
soul 3.07926885025e-103 3.28357708452e-103 0.00291476700017 1.43828298035e-103 1.92602425476e-73
souls 6.48798955414e-54 3.28357708452e-103 2.91476700017e-103 0.00128979743158 0.000146781000964
speak 0.00308613399962 3.2835807962e-103 1.30995802586e-16 1.43828298032e-103 0.00141860228406
special 3.08018215386e-67 3.28357708452e-103 2.91476700017e-103 0.00287656596065 7.78212371276e-41
spend 3.07926875019e-103 0.00328357708452 2.91476700017e-103 1.43828298032e-103 1.42177213415e-103
spent 3.07926875019e-103 0.00328357708452 2.91476700017e-103 1.43828298032e-103 1.42177213415e-103
spite 4.1321403591e-66 3.28357715061e-103 0.00291476700017 1.43828298032e-103 6.90112454461e-102
spring 6.43430618188e-40 3.28357708452e-103 6.16543301046e-23 1.44140991347e-103 0.00142177213415
spur 0.00307926875019 3.28357708452e-103 3.32904029293e-96 1.43828298032e-103 1.42177213416e-103
stained 3.07926875019e-103 0.00328357708452 2.200682293e-102 1.43828298032e-103 1.42177213415e-103
stand 3.07926875019e-103 0.00328357708452 1.73213092532e-98 1.43828298032e-103 1.42177213415e-103
stands 3.08903306508e-50 3.28357708452e-103 2.91476700017e-103 0.00138648571371 5.12026571287e-05
star 3.71465796936e-62 3.28357708452e-103 6.15032722996e-53 1.43828298033e-103 0.00142177213415
state 3.07926875019e-103 0.00985073125357 2.91476700017e-103 1.43828298032e-103 1.42177213415e-103
statute 1.33654043093e-56 3.28357712348e-103 0.00291476700017 7.16522511694e-48 2.74906470333e-29
stay 3.56504620677e-66 0.00328357708452 2.91476700019e-103 1.85293443636e-21 0.00142177213415
steel 2.01288448764e-64 3.28357708452e-103 2.91476700017e-103 0.00143828298032 1.36858895752e-17
stern 8.95673978585e-57 3.28357708452e-103 2.91476700017e-103 0.00143712093093 1.14870958639e-06
still 1.50602793527e-50 0.00328357708452 2.91476700157e-103 1.43828298034e-103 0.00142177213415
stole 8.78480387082e-52 3.28357708452e-103 2.08890734731e-82 4.97017291149e-32 0.00142177213415
stopped 2.569058589e-64 3.28358423587e-103 2.91476700017e-103 0.00143828298032 1.1617975821e-61
store 3.07926875019e-103 0.00328357708452 1.06185509757e-56 1.43828298032e-103 1.42177213415e-103
stormy 3.07927009741e-103 3.28357708452e-103 1.23021081643e-32 1.43828298122e-103 0.00142177213415
straight 1.69065111774e-22 9.95607561658e-83 2.20765151946e-30 1.43828298032e-103 0.00142177213415
string 3.07926938019e-103 3.28357708453e-103 1.30607031047e-19 1.43828298032e-103 0.00142177213415
striving 1.37963522748e-65 3.28357708452e-103 4.6096399341e-49 0.00143828298032 2.30462339048e-43
strong 5.87766301995e-46 0.00328357708452 3.3474036932e-103 3.09765715525e-81 0.00142177213415
style 3.07926875019e-103 0.00328357708452 5.28517697667e-56 1.43828298032e-103 1.42177213415e-103
such 7.31270516634e-54 3.28357708452e-103 0.00874430064059 0.00287656613821 3.71633914804e-14
sue 3.07926884672e-103 3.28357708452e-103 0.00291476700017 1.43828298032e-103 1.42177264937e-103
sufficed 3.07926875019e-103 0.00328357708452 2.91476700017e-103 1.43828298032e-103 1.42177213415e-103
sum 5.64091410976e-52 3.28357720937e-103 0.00291476700017 1.43828298032e-103 9.01655150029e-60
summer 8.04560088004e-53 3.28359342301e-103 0.00497631878958 0.00473586438888 1.01134851854e-09
summers 2.24782801563e-57 3.28357708452e-103 0.00281986166434 7.05651139686e-12 0.00146806528263
sun 1.69182213728e-82 0.00328357708452 6.25449746403e-49 1.05850880645e-86 0.00142177213415
sure 1.51072949246e-37 3.34732718059e-91 3.7509686624e-18 3.72979982075e-25 0.00142177213415
survey 3.07926875019e-103 0.00328357708452 5.65732062214e-80 1.43828298032e-103 1.42177213415e-103
swart 2.17771609912e-52 3.28357708452e-103 2.91476700018e-103 6.81219829928e-05 0.00135443216109
swear 3.07926875019e-103 0.00328357708452 2.91476700017e-103 1.43828298032e-103 1.42177213415e-103
sweet 2.79964057857e-65 0.00328357708452 4.78568687653e-12 2.23718914494e-14 0.00853063280255
sweets 3.66037039611e-74 3.28357708452e-103 0.00291476700017 1.30939308439e-44 3.4827048656e-89
swift 3.07926875019e-103 3.28357708452e-103 2.91476700017e-103 0.00143828298032 1.42177213415e-103
sworn 4.42338216504e-47 3.28357708452e-103 2.91476700017e-103 1.91005174743e-36 0.00142177213415
sympathized 3.07926875019e-103 0.00328357708452 2.91476700017e-103 1.43828298032e-103 1.42177213415e-103
take 3.07926875019e-103 0.00328357708452 2.91476700017e-103 1.43828298032e-103 1.42177213415e-103
taste 3.07926875019e-103 0.00328357708452 1.901230129e-90 1.43828298032e-103 1.42177213415e-103
tattered 3.07926877662e-103 3.28357708452e-103 2.91476700017e-103 0.00143828298032 1.42182707476e-103
taught 2.01336949514e-49 3.28357708863e-103 0.00291476600205 5.0193057718e-08 0.00142172300415
tell 0.00307926875019 3.28357708452e-103 4.42849841176e-22 1.43828298032e-103 1.42177216853e-103
ten 0.00310919883448 3.28357708482e-103 6.77485384652e-82 0.000826026150659 0.000591408957959
tend 3.07926875019e-103 0.00328357708452 2.91476700017e-103 1.43828298032e-103 1.42177213415e-103
tendered 3.07926875019e-103 0.00328357708452 3.02393401959e-66 1.43828298032e-103 1.42177213415e-103
tenth 3.07926939303e-103 3.28357708452e-103 2.87187623661e-27 1.43828298032e-103 0.00142177213415
termed 1.50264397091e-62 3.28357708452e-103 2.91476700017e-103 0.00143828298032 5.76886993344e-15
terms 3.07926884672e-103 3.28357708452e-103 0.00291476700017 1.43828298032e-103 1.42399394327e-103
th 0.00307926875019 3.28357708452e-103 3.26839271187e-88 1.43828298032e-103 1.42177213415e-103
than 5.04586282503e-38 4.30943157869e-97 6.26533644045e-59 0.0043777434385 0.00278137177151
that 0.0231554947758 1.67167901498e-86 0.0246463058627 0.0100553338514 0.0185304121819
the 0.0276125244631 3.28358511985e-103 0.0229605638566 0.00873085428059 0.0470394879784
thee 0.00613049181022 0.0164645133567 9.69429132099e-37 0.0113448373529 0.010104738034
their 1.07774460428e-55 3.28357708452e-103 3.69774675289e-29 0.00430440050373 0.0099627334329
them 3.51957020512e-38 6.66643047439e-103 1.16117491006e-75 4.18085440678e-17 0.00142177213415
themselves 9.87025064271e-68 3.28357708453e-103 4.65890065034e-32 0.00251284132517 0.00178132137328
then 0.0401814664723 3.28357737465e-103 0.00281976977977 0.00572575948414 3.68846822906e-06
there 3.07926875019e-103 1.81623860583e-42 0.00291476700017 1.43828298032e-103 1.42177213415e-103
therefore 0.00847916394844 3.28357718474e-103 0.00363288085336 1.07108130617e-81 1.42177262233e-103
these 1.26877499393e-74 3.28357708452e-103 8.27747159168e-49 2.23025853133e-59 0.00142177213415
they 0.00620810098181 0.00328358121511 2.96313211088e-18 0.00442483107624 0.00413371037797
thief 3.07926875019e-103 0.00328357708452 2.91476700017e-103 1.43828298032e-103 1.42177213415e-103
thine 1.99565567217e-87 3.28357708452e-103 2.46571100787e-43 1.14129637403e-51 0.00426531640245
think 6.12364437044e-58 0.00328357708452 4.7740667041e-66 0.000621217151639 0.00222945841208
this 0.00714781155878 0.00328396229231 0.0141090964623 0.00359359962867 0.0118568997397
those 4.7744358449e-36 0.00328357726145 0.0116550293335 0.00143828298032 1.96991430114e-06
thou 0.0213950330317 2.22085699275e-80 0.0172317744488 0.00946946097126 0.0150084522109
though 7.69734713378e-09 3.28369058989e-103 0.00601922780479 1.88740775775e-23 0.00701632781156
thought 4.99820218448e-29 0.00985744393488 7.3991784005e-45 1.43828298731e-103 0.00426240984568
thoughts 2.1272850666e-48 3.28357776933e-103 3.10387266577e-58 0.000188358204106 0.00834443686885
thrive 3.07926875019e-103 0.00328357708452 2.91476700017e-103 1.43828298032e-103 1.42177213415e-103
through 7.8569505835e-64 3.28357708452e-103 2.36381645691e-32 5.28794550577e-26 0.0028435442683
throw 3.07926875019e-103 3.28357708452e-103 2.91476700017e-103 0.00143828298032 1.42177213415e-103
thus 4.51972501014e-51 3.28357708452e-103 0.00291476818404 0.00143828239615 1.69806286107e-17
thy 0.00653106123615 3.28357739838e-103 0.02405296945 0.0234711289729 0.0302952082241
thyself 4.82928404226e-66 3.28357708452e-103 2.91519477609e-103 0.00143828298032 1.76281296645e-16
tickled 1.40812349942e-53 3.28357708452e-103 9.92681223746e-06 3.02667128331e-13 0.00141693000924
tied 3.07926875053e-103 3.28357708452e-103 2.9147775559e-103 0.00143828298032 1.42177215097e-103
till 0.00307926875019 3.28357708452e-103 1.2848724294e-89 1.43828298032e-103 1.42177213415e-103
time 0.00330661121216 0.00328422833363 3.13352383886e-07 8.66675237097e-46 0.00700345637561
times 0.00309112637974 5.24144729513e-69 0.0028286888731 0.00291350242126 1.42773120074e-24
tis 0.00310094320672 3.28357708452e-103 1.00291071059e-23 0.00143105506708 0.00284068159262
title 7.35365992735e-56 3.28357708452e-103 2.91526129538e-103 0.0028765580345 7.83515366827e-09
to 0.0273765847044 1.0411309509e-84 0.026694798197 0.0267033272616 0.0133430547497
together 3.07926875023e-103 3.28357708452e-103 2.91476700017e-103 0.00143828298032 1.42177226209e-103
tomb 3.07926875019e-103 0.00328357708452 2.91476700017e-103 1.43828298032e-103 1.42177213415e-103
tongue 9.39660816785e-56 0.00328357708452 2.91476725178e-103 0.0014382829631 1.70228568706e-11
tongues 2.27260588402e-51 3.2835772385e-103 0.00291476700017 6.43848288674e-53 2.09613395914e-102
too 3.07926885237e-103 0.00328357708452 0.00291476700017 1.43828298032e-103 1.42707515374e-103
torment 7.16285400524e-96 3.28357708452e-103 1.63007233205e-44 1.43828404906e-103 0.00142177213415
traffic 7.91204519205e-53 3.28357708452e-103 4.38320997409e-51 1.43828298033e-103 0.00142177213415
transfix 1.38059154524e-51 1.34592522177e-41 0.00291476700017 1.43828298032e-103 1.96172276922e-98
true 2.85141746442e-34 0.0098549306697 2.8277287094e-29 8.34090227939e-23 0.00710704234499
truly 2.23936544167e-98 3.28357708452e-103 0.00291476700017 0.00287656596065 3.26061504513e-38
trust 3.07926875019e-103 0.00328357708452 2.91476700017e-103 1.43828298032e-103 1.42177213415e-103
truth 2.0572501971e-48 0.00328357708452 0.00289845642068 9.11815653794e-46 0.00142972814827
try 1.4644462749e-66 3.28357708452e-103 6.97273494491e-88 0.00143828298032 1.85508437634e-20
turn 3.07926875019e-103 3.28357708452e-103 2.91476700017e-103 0.00143828298032 1.42177213415e-103
turned 3.07927163784e-103 3.28357708452e-103 2.91476700017e-103 0.00143828298032 2.51582939886e-71
turns 1.53327631734e-56 3.28357708452e-103 2.91478595779e-103 5.5849568215e-22 0.0028435442683
twain 3.07926875019e-103 0.00328357708452 2.91476700017e-103 1.43828298032e-103 1.42177213415e-103
two 3.07927007634e-103 3.28357708452e-103 2.34354860994e-47 1.43828298032e-103 0.00142177213415
tyranny 3.07926875019e-103 0.00328357708452 8.43831783351e-103 1.43828298032e-103 1.42177213415e-103
unjust 3.07926875019e-103 0.00328357708452 2.91508273872e-103 1.43828298032e-103 1.42177213415e-103
unswayed 1.44561229512e-37 3.28357708452e-103 1.6460959909e-49 1.43828298033e-103 0.00142177213415
untainted 3.07926875019e-103 3.28357708452e-103 2.91476700017e-103 0.00143828298032 1.42177213418e-103
unthrift 1.09762739153e-47 2.92095761796e-79 0.00291476700017 1.03900549386e-79 1.42178347324e-103
until 4.32133633751e-70 3.28357708452e-103 0.00291476700017 1.43828298032e-103 1.42177225577e-103
untold 3.07926875019e-103 0.00328357708452 2.91476700017e-103 1.43828298032e-103 1.42177213415e-103
up 2.36183106999e-63 3.28357708452e-103 2.91476700019e-103 0.00219241041554 0.000676301745044
upon 1.48633413057e-63 3.28357708452e-103 2.97351372159e-33 0.00431484885735 8.26641184982e-11
uprear 3.07926875019e-103 0.00328357708452 2.91476700018e-103 1.43828298032e-103 1.42177213415e-103
use 3.07926875019e-103 0.00328357708452 2.91476700017e-103 1.43828298032e-103 1.42177213415e-103
veil 5.17594127505e-49 3.28357708452e-103 2.91487987868e-103 1.18510232629e-56 0.00142177213415
verdict 2.2381548098e-55 3.28357708452e-103 2.91476700017e-103 0.00143826877178 1.40454380497e-08
verse 3.07926875019e-103 0.00656715416905 2.91497318799e-103 1.43828298032e-103 1.42177213415e-103
verses 3.07926972778e-103 3.28357708452e-103 2.91476700017e-103 0.00143828298032 1.42635608196e-103
very 3.07926875019e-103 3.28357708452e-103 2.91476700017e-103 0.00143828298032 1.42177213415e-103
vex 6.42838261918e-18 4.83673062927e-83 2.1544935631e-59 4.16396310675e-16 0.00142177213415
vices 3.07926875019e-103 3.28357708452e-103 2.91476700017e-103 0.00143828298032 1.42177213415e-103
victors 7.44599544587e-69 3.28357711901e-103 0.00291476700017 2.99505157512e-52 1.454059479e-57
view 3.07926875019e-103 0.00328357708452 2.91476700017e-103 1.43828298032e-103 1.42177213415e-103
virtue 3.33206508559e-45 3.28357708452e-103 6.14326296417e-30 1.68041252512e-10 0.00284354410219
vouchsafe 6.01957252894e-38 3.28357740614e-103 0.00291476700017 1.58434494052e-86 8.17170847851e-72
wait 3.07926875019e-103 3.28357708452e-103 2.91476700017e-103 0.00143828298032 1.42177213415e-103
walk 1.16467272323e-64 3.28357708452e-103 2.91476700019e-103 1.32783298944e-17 0.00142177213415
walks 2.73543018723e-64 3.28357708452e-103 2.35716866486e-41 2.81123659328e-13 0.00142177213387
wandrest 2.05312484764e-66 3.28357708452e-103 1.64989538053e-21 1.24632375054e-19 0.00142177213415
ward 3.07926875019e-103 0.00328357708452 2.91476700017e-103 1.43828298032e-103 1.42177213415e-103
warrior 3.07927430063e-103 3.28357708452e-103 2.15587574819e-49 1.43828298032e-103 0.00142177213415
wary 3.07926875019e-103 0.00328357708452 2.91531641392e-103 1.43828298032e-103 1.42177213415e-103
was 3.7363261427e-46 3.28357708452e-103 1.01659282039e-53 0.00184981663507 0.00243673483609
waste 3.07927007692e-103 3.28357708452e-103 9.37293225021e-47 1.43828298032e-103 0.00142177213415
wasteful 3.07938280149e-103 3.28357708452e-103 0.00291476700017 1.43828298032e-103 2.47001846022e-46
water 3.07926875067e-103 0.00328357708452 2.91476700017e-103 0.00143828298032 1.42177213433e-103
we 4.28512564312e-26 3.28357741257e-103 0.00296464597991 1.43828298043e-103 0.00139744204414
weak 2.46101663495e-101 3.28357708452e-103 2.91476700017e-103 0.00143828298032 2.2222646881e-65
weary 3.07966096287e-103 3.28357708452e-103 2.91476700017e-103 0.00143828298032 3.26201211079e-70
weeks 3.07926875019e-103 0.00328357708452 2.91476700017e-103 1.43828298032e-103 1.42177213415e-103
well 9.26824572957e-51 3.28359303119e-103 2.91477336455e-103 0.00446752682337 0.00127084692564
were 0.00264715172769 3.28357925706e-103 0.00623976086899 0.004314259494 8.01605754017e-53
wert 7.02295110459e-55 3.28357708849e-103 4.51832483947e-60 3.03835239085e-15 0.0028435442683
what 0.00399956266526 4.66438302342e-65 0.0258214624145 2.73930760767e-32 0.0083064045521
whateer 0.00307926875019 3.28357708452e-103 8.90204179376e-29 1.43828298032e-103 1.42177214576e-103
whatsoever 3.07926884672e-103 3.28357708452e-103 0.00291476700017 1.43828298032e-103 1.42177268153e-103
when 0.0102335363683 3.28359256633e-103 0.00909139154913 2.23673736041e-09 0.00647980134369
where 0.00627237542508 3.28357713417e-103 0.00264559421645 2.41414738532e-27 0.00576582459511
wherefore 1.48628249642e-69 3.28357708452e-103 0.00291476700017 1.43828298032e-103 1.4217772565e-103
whereon 8.3762620556e-65 3.28357708452e-103 2.91476700018e-103 1.11499101583e-20 0.00142177213415
whether 0.00312681612159 3.28357726397e-103 0.00287660036505 0.00143490748503 3.368042471e-25
which 0.0123790832956 3.88157761783e-102 9.15391823961e-39 0.00407568696368 0.000207785789726
whilst 0.00307926875019 3.28357708452e-103 9.71342822652e-89 1.43828298032e-103 1.42177213415e-103
white 3.07926875019e-103 0.00328357708452 2.91476700017e-103 1.43828298032e-103 1.42177213415e-103
who 0.0240821846247 5.99603966842e-101 1.02524671048e-55 9.35126967947e-05 0.00158418855607
whoeer 0.00307926875019 3.28357708452e-103 4.05181717246e-65 1.43828298032e-103 1.42177213599e-103
whom 7.18342971751e-35 3.28357748552e-103 0.00582330749342 1.43828298032e-103 0.00142480931484
whose 6.23224394098e-67 3.28357766555e-103 3.51387515989e-31 6.00872783975e-23 0.00142177213415
why 0.00607667869125 3.28357708452e-103 0.00299225271996 1.43828298032e-103 1.42177277902e-103
wild 3.07927008482e-103 3.28357708452e-103 1.14946131053e-32 1.43828298032e-103 0.00142177213415
wilfulness 7.25072035197e-59 3.28357708452e-103 8.60253409986e-98 3.7125928385e-12 0.00142177213048
will 1.22178683891e-26 0.00328410993911 1.69979375263e-44 0.00554581971642 0.0044700180325
willing 9.41478181346e-101 3.28357708452e-103 1.70007107013e-41 1.43831740227e-103 0.00142177213415
wilt 9.09330772056e-45 3.40467158061e-92 8.90590739961e-42 0.00319131786566 0.00111063344042
windows 3.49568103172e-21 3.28376309149e-103 2.31823563821e-57 1.43828298259e-103 0.0028435442683
winters 3.07926951367e-103 3.28357708452e-103 2.91476700017e-103 0.00143828298032 1.75761097348e-76
wit 3.07926875019e-103 0.00328357708452 2.91488145527e-103 1.43828298032e-103 1.42177213415e-103
with 1.7458317442e-41 3.2835772101e-103 0.00285496772676 0.00860487660512 0.0199585152527
withal 1.06685070338e-60 3.2835771691e-103 0.00291476700017 1.43828298032e-103 1.42177265856e-103
within 5.66857750407e-16 2.2375687797e-92 0.00584116590407 1.43828298952e-103 0.00141609829587
witness 3.07926875019e-103 3.28357708452e-103 2.91476700017e-103 0.00143828298032 1.42177213415e-103
wits 4.91196592327e-43 3.28357708452e-103 2.91476700022e-103 1.43828305855e-103 0.00142177213415
woe 5.64320691676e-66 0.00328357708453 6.82968015751e-59 0.00143828298032 3.34480154314e-15
wolf 3.07926875179e-103 3.28357708452e-103 2.91476700017e-103 0.00143828298032 7.29263499584e-99
woman 3.0792708385e-103 3.28357708452e-103 0.0029093345438 1.43828298032e-103 2.64985677913e-06
wonder 8.33219261532e-28 3.26178670348e-81 6.4186261239e-46 1.43828298032e-103 0.00142177213415
word 3.07926875019e-103 0.00328357708452 6.69880871215e-76 1.43828298032e-103 1.42177213415e-103
words 3.07926875019e-103 3.28357708452e-103 2.91476700017e-103 0.00143828298032 1.42177213415e-103
workings 3.07926875019e-103 1.36502485331e-98 2.91476700017e-103 0.00143828298032 1.42177213415e-103
works 8.80023213312e-14 3.28400599949e-103 7.16568711322e-49 1.43828298032e-103 0.00142177213411
world 4.45895825754e-62 3.28357708452e-103 2.91476706038e-103 0.00575313192128 1.697423466e-14
worlds 5.08453904724e-52 3.28357708452e-103 2.91476700018e-103 1.80190596489e-05 0.00140395992526
worship 3.07947631296e-103 3.28357708452e-103 7.93655622625e-93 0.00143828298032 1.42177216127e-103
worth 1.06560594359e-55 0.00328357976632 2.91476891908e-103 9.07141669148e-15 0.00284354310709
worthless 3.07926875019e-103 3.28357708452e-103 2.91476700017e-103 0.00143828298032 1.42177213415e-103
would 1.19175322708e-45 3.28357708584e-103 0.00291552278984 0.00143791003609 2.08127618961e-12
wouldst 8.74256743801e-53 3.28357708452e-103 2.91476700017e-103 4.67684754145e-06 0.00141714897473
wrecked 1.05852294962e-77 3.28357708453e-103 2.91476991129e-103 0.00143828298032 5.70894171817e-35
wresting 8.16227713911e-59 3.28357708452e-103 2.91476700017e-103 0.00143828298032 2.11617292544e-15
wretchs 3.07926951385e-103 3.28357708452e-103 2.91476700017e-103 0.00143828298032 1.41326739466e-75
wrinkles 1.70614684646e-102 3.28357708452e-103 2.91476700017e-103 0.00143828298032 2.22288206477e-66
writ 3.07926875019e-103 0.00328357708452 2.91511586252e-103 1.43828298032e-103 1.42177213415e-103
write 3.07926877306e-103 0.00328357726478 2.91477917021e-103 0.00143828290137 1.4217732677e-103
wronk 3.07926875019e-103 0.00328357708452 7.14770581093e-98 1.43828298032e-103 1.42177213415e-103
wrought 3.07926875019e-103 0.00328357708452 1.62734603803e-96 1.43828298032e-103 1.42177213415e-103
year 3.07926875019e-103 0.00328357708452 7.80945086363e-68 1.43828298032e-103 1.42177213415e-103
yellowed 5.25090680246e-64 3.28357848392e-103 2.91476700019e-103 3.44811561985e-18 0.00142177213415
yet 0.0129680276116 1.22979537928e-76 0.00865703094333 1.56536997441e-23 0.00400732479162
you 3.53287807968e-42 0.00656564903991 0.00377316105182 3.83181928736e-15 0.012377891383
young 3.07926951365e-103 3.28357708452e-103 2.91476700017e-103 0.00143828298032 1.89959876858e-77
your 0.00618411265029 3.28357741633e-103 0.0117651405752 0.00568884485571 8.12189451756e-11
youth 3.07926875019e-103 0.00328357708452 4.55653711975e-103 1.43828298032e-103 1.42177213415e-103
