2.075752925207047517e-01 5.784346054480880511e-38 9.896061596020685906e-86 7.753467159274497478e-01 1.707799155184551790e-02 1.689953459789971212e-28 2.379974848386289323e-82 9.211978724800902089e-44 4.723542447497322642e-55 1.197917500343678070e-56 3.369408698347843036e-103 6.239635740309903803e-47
1.098627525589365196e-02 1.000846077358362451e-01 2.394289411280707914e-76 4.607194541754454204e-36 1.678562333930798400e-02 5.159294045405503626e-01 2.177282775559865548e-28 3.562140891284116262e-01 1.895535413095236895e-44 7.669096468791095110e-26 4.545596413166951299e-103 2.940467762998155347e-54
6.390013006679361683e-51 2.464626709706563626e-02 1.117781930683049576e-42 1.119766811506659597e-84 2.494827038649368151e-44 2.834838744726914661e-01 3.743953405755197465e-30 2.638375606174600802e-43 4.036138410490785164e-35 6.918698584302428456e-01 3.931851046660872984e-103 3.931851046660872984e-103
2.295049968231107351e-01 8.074832256755208493e-22 3.134787319360169634e-66 1.207734465377650369e-02 7.006084819083251930e-62 3.189672732837004400e-32 1.012741153442213594e-70 5.897133676908521765e-55 1.326280084335969452e-02 4.300103534969980123e-103 4.293195419228233791e-103 7.451548576797530909e-01
4.477064271755661073e-02 1.588551090390329101e-01 1.818510288083869060e-25 1.703570727598508443e-59 6.097428800470619525e-02 6.059483345586733201e-12 5.496035461010890885e-45 6.330824154241617182e-30 1.573432207617845381e-55 5.239264518420644298e-67 5.638121349711556406e-103 7.353999602326448670e-01
5.624051380462822269e-01 2.918650974481283544e-34 3.159813726758683141e-77 9.288686451017087228e-21 9.819632851962266956e-17 2.286276257903217915e-35 5.626295965592757704e-05 1.262683138949108777e-11 4.375385989814348231e-01 3.202669315555804046e-50 3.331329950054756619e-103 1.794260268841066528e-20
1.557795202102287682e-54 2.632272592222489206e-35 1.225961751696989908e-93 9.928368976964773869e-78 2.097272271598376105e-46 7.238834251005827856e-26 1.537716449732725310e-01 7.913473685634490031e-43 8.462283550267274412e-01 4.850758461518066810e-48 6.107660744666015555e-103 6.170421669717407788e-103
8.984312157657261752e-03 3.809753226593095010e-01 2.051168825407119517e-78 5.638943707826330974e-08 5.874807456835462460e-01 8.790811460101790163e-15 2.255956311003880568e-02 2.235271906096158698e-15 1.801580446558436330e-22 3.808588117582632532e-25 3.723225160754797531e-103 6.452793189010918880e-59
4.784875479888829370e-04 7.670378673917904967e-33 2.859315856222790964e-57 3.815932594481721846e-35 4.224753641817476781e-31 4.197355679131691830e-01 4.158509551654789392e-54 5.797859445388419131e-01 6.060577073510078243e-36 3.057116962741354722e-45 3.663248735031071466e-103 7.143224812137084978e-41
4.246954512951620879e-52 2.858572133748609745e-01 5.647042899231444937e-61 6.805658651557085887e-67 4.762722168106681699e-45 3.116164949456801187e-12 3.867419457802128702e-01 1.492096446633252027e-01 1.759225210080362080e-11 1.781911961608925454e-01 4.670285554657821287e-103 4.670285554657821287e-103
3.471164263597496109e-103 1.229857390210891167e-54 8.366221520533221323e-01 3.314494271204398344e-103 3.356749168406799237e-103 3.333994163675983414e-98 1.633778479466778677e-01 1.735257718973008305e-78 1.194672119390804985e-58 5.479759913255433706e-72 3.289473684210526616e-103 3.289473684210526616e-103
0.000000000000000000e+00 0.000000000000000000e+00 0.000000000000000000e+00 0.000000000000000000e+00 0.000000000000000000e+00 0.000000000000000000e+00 0.000000000000000000e+00 0.000000000000000000e+00 0.000000000000000000e+00 0.000000000000000000e+00 0.000000000000000000e+00 0.000000000000000000e+00
