 0 1 2 3 4
abide 2.55479228337e-103 0.00264596099702 2.146361666e-103 1.53980372713e-103 1.99516584762e-103
able 2.5541747598e-103 2.64596099702e-103 2.14636166964e-103 3.47373208511e-68 0.00199516584762
absence 0.0025541747598 2.64596099702e-103 2.14636265417e-103 1.53980372713e-103 1.99518253702e-103
abundance 0.0025541747598 2.42404289978e-100 2.1498925798e-103 2.01325865027e-70 8.39933838723e-90
abuse 0.00255342628358 0.0026467363703 1.27530750572e-102 3.14201948215e-49 4.54529073185e-57
accents 2.55453373811e-103 2.64596099702e-103 0.002146361666 1.43078633203e-67 2.95517395462e-44
accident 2.55519825585e-103 0.00264596099702 2.146361666e-103 1.53980372713e-103 1.99516584762e-103
accidents 2.55417476003e-103 0.00264596099702 2.146361666e-103 1.53980372713e-103 1.99516584762e-103
accuse 0.0025541747598 2.64603891338e-103 2.14637383351e-103 1.54006613205e-103 1.99537125846e-103
acquainted 2.55473935592e-103 0.00264596099702 2.146361666e-103 1.53980372713e-103 1.99516584762e-103
added 2.5541747598e-103 2.64596099702e-103 2.14636166735e-103 6.70446455555e-56 0.00199516584762
adjunct 2.55417476064e-103 0.00264596099702 2.14636166603e-103 6.32012227914e-28 1.99516584763e-103
admire 2.55417476003e-103 0.00264596099702 2.146361666e-103 1.53980372713e-103 1.99516584762e-103
adonis 2.55417476031e-103 2.6459779286e-103 2.15101675417e-103 1.53980373861e-103 0.00199516584762
adore 2.47704113116e-08 2.64596099702e-103 1.66387987971e-50 0.0015397887941 1.99516584763e-103
adulterate 0.0025541747598 2.64596099702e-103 1.24510283086e-100 4.95674530523e-60 1.99516584762e-103
affords 0.0025541747598 2.64601698376e-103 2.146361666e-103 1.53980372713e-103 1.99516584762e-103
afresh 2.5541747598e-103 2.64596099702e-103 2.1463616779e-103 0.00153980372713 1.20139503618e-28
after 3.76604134487e-78 2.64596099702e-103 9.95481685092e-54 0.00153980372713 1.99516584762e-103
again 2.55417476923e-103 2.64669142833e-103 1.52855760697e-84 0.00307960745426 1.6764325866e-31
against 2.5541747598e-103 2.64596099702e-103 0.002146361666 1.53980372713e-103 3.1733892003e-88
age 2.5541747598e-103 2.64752455909e-103 6.26431243267e-90 2.54984097947e-67 0.00199516584762
ages 7.88782872624e-74 2.64596099702e-103 0.00214384817919 1.53980372713e-103 2.33642964536e-06
ah 2.5541747598e-103 2.64596099702e-103 0.002146361666 1.53980372713e-103 1.99867637667e-103
alive 2.55417476005e-103 0.00264596099702 2.146361666e-103 1.53980372713e-103 1.99516584762e-103
all 3.20659020754e-61 0.00232740492782 0.00978472480663 3.15098819152e-17 0.0150867338712
almost 0.0025541747598 2.64596099702e-103 2.98373741283e-81 1.11876273529e-38 1.99841386292e-103
alone 9.14929783638e-87 0.00529192199403 2.146361666e-103 1.53980372713e-103 1.99516584762e-103
alter 2.56150390491e-103 2.64596099702e-103 1.1830353233e-34 0.00153980372697 2.03092696589e-13
although 2.5541747598e-103 2.64596099702e-103 4.42766945811e-63 3.44579655126e-60 0.00399033169525
am 0.00510834951959 2.64596099702e-103 2.14639095843e-103 1.53980372713e-103 1.99523766873e-103
amiss 1.29265244847e-37 0.00264596099702 2.146361666e-103 1.53980372713e-103 1.99516584762e-103
an 2.5541747598e-103 2.64596099702e-103 2.14636216509e-103 7.67801725478e-11 0.00798066329101
and 0.020018138705 0.0154560874566 0.100249624988 0.0024858893683 2.04701652724e-58
anew 2.55417476003e-103 0.00264596099702 2.146361666e-103 1.53980372713e-103 1.99516584762e-103
anon 3.55228036179e-79 0.00264596099702 0.002146361666 1.53980372713e-103 1.99832232805e-103
another 0.00510670723065 2.64596099702e-103 0.00214774173838 1.53980372713e-103 1.51405758593e-58
answer 2.5541747598e-103 2.64596099702e-103 2.14636166699e-103 5.77473162415e-89 0.00199516584762
antique 0.00255058538997 2.64596099702e-103 0.00214937793799 1.53980372713e-103 6.31274180353e-47
any 0.0025541747598 2.64596099715e-103 2.92334038394e-103 1.53980372787e-103 3.21957510327e-73
appear 0.0025541747598 4.05907259454e-66 2.146361666e-103 1.53980372713e-103 1.99516584762e-103
approve 1.70250813519e-18 0.00529192199403 2.146361666e-103 1.53980372713e-103 1.99516584762e-103
april 2.5541747598e-103 2.64596099702e-103 2.14636166932e-103 1.53980375642e-103 0.00199516584762
aprils 2.5541747598e-103 2.64596099702e-103 2.14636166693e-103 1.53980373619e-103 0.00199516584762
are 0.00512796838056 0.00264597340848 6.92118882122e-57 1.52635220609e-24 0.0239266557527
argument 2.55417476003e-103 0.00264596099702 2.146361666e-103 1.53980372713e-103 1.99516584762e-103
art 1.03752820547e-73 2.64745751357e-103 1.24998144184e-56 0.00577629747163 0.00448648830215
as 2.04478285265e-21 0.00820655509477 0.0160836390134 0.0160216830931 1.29603136975e-16
asked 2.5548126296e-103 2.3946559594e-42 0.002146361666 1.56087442271e-29 7.04864635366e-44
assured 2.54874811817e-65 0.00264596099702 2.146361666e-103 1.53980372713e-103 1.99516584762e-103
at 2.55417476792e-103 0.00264591623374 6.89197188517e-78 3.48770029118e-24 0.00399036544864
attainted 2.55417476003e-103 0.00264596099702 2.146361666e-103 1.53980372713e-103 1.99516584762e-103
aught 2.5541747598e-103 7.26053369434e-75 8.8058691714e-67 1.53980377881e-103 0.00199516584762
autumn 0.0025541747598 2.64596099702e-103 2.146361666e-103 1.53980372713e-103 1.99516584762e-103
away 0.0025541747598 2.64596099702e-103 2.146361666e-103 1.53980372713e-103 1.99516584762e-103
backward 0.0025541747598 2.64596099702e-103 2.15474416566e-103 1.53980372713e-103 4.66727032662e-46
bad 2.5541747598e-103 2.29853949744e-28 2.14636166605e-103 0.00153980372713 1.99516584768e-103
bait 2.55417476003e-103 0.00264596099702 2.146361666e-103 1.53980372713e-103 1.99516584762e-103
bark 2.55417476021e-103 0.00321149576502 2.14636166605e-103 0.00121069360624 1.99516584768e-103
barren 2.55417476015e-103 2.64596099703e-103 2.16406706887e-103 1.53980373449e-103 0.00199516584762
basest 0.0025541747598 2.64596099702e-103 2.15304654776e-103 1.53980372713e-103 2.84672406343e-72
bath 2.52168054674e-73 2.64596099702e-103 9.70043668513e-34 0.00153980372713 1.99516584762e-103
be 0.0164525056628 1.87124782676e-89 5.75786633216e-35 0.0131783903247 1.90612583533e-07
bear 2.55417784469e-103 0.00264596099702 2.14652351811e-103 1.54080735178e-103 1.99544996798e-103
bearing 2.5541747598e-103 2.64596099702e-103 0.002146361666 1.53980372713e-103 3.58482265873e-76
bears 1.97283225516e-88 2.64596099702e-103 2.23566757496e-19 2.85552509046e-47 0.00199516584762
beast 1.4709433136e-80 2.64646764842e-103 1.93029600759e-33 0.00155939848127 0.00196977638819
beauteous 2.5541747598e-103 2.64596099702e-103 2.14636167303e-103 1.68053161676e-18 0.00598549754287
beauty 0.0119562265285 4.35391156798e-35 0.00249557276157 0.00576738685486 0.00480977521859
beautys 0.00255417574391 0.00264595997754 5.86738202012e-101 1.53996631014e-103 1.27606869412e-90
beck 2.55417476003e-103 0.00264596099702 2.146361666e-103 1.53980372713e-103 1.99516584762e-103
becoming 0.0025541747598 2.64596194405e-103 2.16949473086e-99 3.22339083977e-57 2.07642225554e-100
been 0.00510834951959 2.64596099702e-103 2.14786903204e-103 4.58083947595e-15 1.99516584762e-103
before 1.10430807873e-88 2.64596099702e-103 0.00429272333199 1.53980372713e-103 4.38524253665e-80
behold 1.00192972566e-11 0.00264596098664 2.146361666e-103 1.53980372713e-103 1.99516584762e-103
being 0.0025541747598 0.00306918079585 6.65262031216e-71 0.00273625468275 0.00212093191071
belongs 6.63473373334e-31 0.00264596099702 2.146361666e-103 1.53980372713e-103 1.99516584762e-103
best 0.0051081685005 0.00264596229435 1.05236019951e-57 0.000759380444946 0.00300652208446
betray 0.0025541747598 1.28845961724e-49 2.146361666e-103 1.53980372713e-103 1.99516584762e-103
betraying 2.5541747598e-103 1.21167971411e-26 3.7082855695e-48 0.00153980372713 1.18540780386e-88
better 0.00253614251208 2.64596099702e-103 1.42961998988e-49 2.89196619894e-102 0.0020092515419
bettring 0.0025541747598 2.64609549135e-103 4.40926959817e-73 8.24118464146e-50 4.39931846888e-36
bide 2.5541747598e-103 8.22436714804e-24 4.23950869221e-36 0.00153980372713 1.54026999666e-79
birds 0.0025541747598 2.64596099702e-103 5.27753114571e-82 3.00475635483e-66 6.1306913623e-47
birth 2.33839562237e-80 2.64596099702e-103 1.99841636801e-55 0.00153980372713 2.61883280396e-45
bitterness 0.0025541747598 2.64596099702e-103 3.02042453114e-103 3.95796270965e-62 1.09437641068e-59
black 1.24219023794e-51 2.64596099702e-103 9.50548667763e-97 0.00153980372713 2.62069107352e-21
blame 2.5541747598e-103 2.64596099702e-103 0.002146361666 1.53980372713e-103 1.57488315074e-99
blamed 5.85814442044e-68 2.64596099702e-103 3.71103567435e-34 0.00153980372713 1.99516719574e-103
blazon 0.0025541747598 2.645964462e-103 6.1365292122e-85 8.98403969071e-45 9.81526008988e-57
blenches 2.5541747598e-103 2.64596099702e-103 1.20055737758e-72 0.00153980372713 2.57710699808e-46
blooms 2.55417475986e-103 2.64596099702e-103 0.002146361666 3.68484739533e-26 2.98221833709e-33
blow 1.41542816763e-86 2.64596099722e-103 1.30161328087e-67 1.56519264588e-06 0.00199313778466
blunt 2.5541747598e-103 1.98562718421e-39 2.14636168135e-103 0.00307960745426 1.11278144215e-34
body 2.55418507123e-103 2.64631639352e-103 2.10303106066e-42 0.00153980372713 6.98311491624e-43
bold 3.6710178549e-61 0.00264596099702 2.146361666e-103 1.53980372713e-103 1.99516584762e-103
bonds 0.0025541747598 2.64596099702e-103 1.07899612759e-56 2.20693379394e-39 1.99516584762e-103
book 2.55417476005e-103 0.00264596099702 2.146361666e-103 1.53980372713e-103 1.99516584762e-103
born 2.5541747598e-103 2.64869721133e-103 8.2416206364e-76 0.00307960745426 7.45634037865e-64
borrowed 2.5541747598e-103 2.64598251386e-103 3.96591476949e-65 1.54022656418e-103 0.00199516584762
bosoms 0.0025541747598 2.64596099702e-103 2.1496284347e-103 1.53980372713e-103 1.4806228388e-57
both 5.47305551962e-78 2.64596099702e-103 0.002146361666 1.53980372713e-103 1.99516584762e-103
bower 0.0025541747598 2.64596099702e-103 2.146361666e-103 1.53980372713e-103 1.99516584762e-103
boy 2.5541747598e-103 2.64656097786e-103 7.4923763856e-76 0.00153980372713 3.62965961938e-49
brain 2.55417484196e-103 1.1480999084e-96 2.03805166937e-101 0.00153980372713 2.95680609229e-79
brand 0.0025541747598 2.64596099702e-103 2.146361666e-103 1.53980372713e-103 1.99516584762e-103
breach 0.0025541747598 2.64596099702e-103 2.1467690273e-103 1.53996123245e-103 1.99516584762e-103
break 2.55417476031e-103 0.00264596099702 2.146361666e-103 1.53980372713e-103 1.99516584762e-103
breast 2.55500142508e-103 2.64629401113e-103 9.88469966598e-42 0.00153980372713 7.49039101086e-46
breath 2.5541747598e-103 0.00264596099702 2.146361666e-103 1.53980372713e-103 1.99672842115e-103
breed 2.554174762e-103 0.00264596099702 2.14639123358e-103 1.11704630852e-47 1.99576593008e-103
brief 2.55417476395e-103 0.00242897210903 2.14674750472e-103 0.00166607932184 2.14807436673e-89
bright 0.00510728485282 5.53473990034e-51 2.14639102139e-103 0.00154044556961 1.99516584762e-103
buds 2.55423423616e-103 2.64627222598e-103 4.22734181871e-70 0.00153980372713 1.99523466709e-103
builded 0.0025541747598 2.64596099702e-103 3.33017936337e-99 1.53980372713e-103 1.64425132838e-59
burden 0.0025541747598 2.64596099702e-103 2.20457355129e-103 7.00457350614e-63 1.99516584762e-103
buried 2.55417476003e-103 0.00264596099702 2.146361666e-103 1.53980372713e-103 1.99516584762e-103
burn 2.55417476005e-103 0.00264596099702 2.146361666e-103 1.53980372713e-103 1.99516584762e-103
burned 2.55417476003e-103 0.00264596099702 2.146361666e-103 1.53980372713e-103 1.99516584762e-103
but 0.00251175086691 2.52758234737e-39 0.0307560788824 0.0133765948757 3.15529314916e-21
by 0.00279063186275 1.97339799859e-06 3.60840030361e-53 0.00858336479897 0.00864376378118
call 0.0025541747598 2.6459609993e-103 2.15369643878e-103 1.92020943654e-44 3.72003607101e-44
can 0.0075946541087 2.64596099702e-103 4.5526020774e-19 0.00565771612034 0.0046931534517
cancelled 0.0025541747598 2.64596099702e-103 2.14638596452e-103 1.53980372713e-103 1.99557599842e-103
canker 2.5541747598e-103 2.64596099702e-103 5.86038117493e-100 6.9609614189e-85 0.00399033169525
cannot 2.87130280583e-30 2.64596099702e-103 0.00214796832433 1.57791849304e-73 0.00199367236687
canst 2.55417475981e-103 2.64598006825e-103 3.01570772474e-103 1.52565218134e-69 0.00199516584762
care 0.0025541747598 2.64596099702e-103 2.146361666e-103 1.53980372713e-103 1.99516584762e-103
cars 3.7737101854e-07 2.64596099702e-103 2.16321072585e-94 0.00153957622614 6.21478159901e-76
case 2.55417476346e-103 2.46416649931e-77 2.14636166616e-103 0.00153980372713 1.99516584804e-103
cause 2.5541747598e-103 2.64596750011e-103 3.32460757345e-65 3.70048963046e-90 0.00199516584762
cease 2.55417476031e-103 0.00264596099702 2.146361666e-103 1.53980372713e-103 1.99516584762e-103
chase 0.0025541747598 1.78350776568e-31 2.146361666e-103 1.53980372713e-103 1.99516584762e-103
check 2.31630327692e-102 0.00264596099702 2.146361666e-103 1.53980372713e-103 1.99516584762e-103
checked 2.5541747598e-103 2.64596099702e-103 2.14636166698e-103 1.53980373619e-103 0.00199516584762
cheek 2.55417476005e-103 0.00264596099702 2.77506972505e-13 0.00153980372693 2.24688004324e-39
chide 0.00231694287467 2.6480273194e-103 1.42237956203e-31 0.00168282077775 2.57012757207e-27
child 1.819898529e-60 2.64596099702e-103 1.98542495434e-55 0.00153980372713 1.99516584762e-103
clear 2.5541747598e-103 2.64596099716e-103 2.14636167805e-103 0.00153980372713 1.24632971993e-20
clearer 0.0025541747598 2.64596099702e-103 2.146361666e-103 1.53980372713e-103 1.99516584762e-103
climbed 2.5541747598e-103 2.72893922939e-98 1.89215665992e-44 0.00153980372713 8.57813252343e-43
cloud 5.10093212363e-70 4.60378195454e-75 0.00214636165132 1.05282075265e-11 2.30419872217e-64
clouds 2.5541747598e-103 0.00264596099702 2.14636168369e-103 1.53980372713e-103 1.99520656711e-103
cloying 0.0025541747598 2.64596099702e-103 2.146361666e-103 1.53980372713e-103 1.99516584762e-103
come 0.00256931573311 0.00264669402955 2.07062354739e-31 2.64778521155e-12 0.00198278590013
comes 2.55417475981e-103 2.64596099702e-103 1.01832967089e-40 1.53980373236e-103 0.00199516584762
committed 0.0025541747598 5.26222609135e-49 2.146361666e-103 1.53980372713e-103 1.99516584762e-103
common 0.0025541747598 2.64596099702e-103 3.65765842164e-103 1.53980372713e-103 1.61306521395e-16
compare 2.55417476003e-103 0.00264596099702 0.002146361666 1.53980372713e-103 1.99832232849e-103
compeers 6.11017571271e-103 0.00264596099702 7.05667328772e-37 7.63828158942e-19 3.01658515665e-94
complain 1.24596975331e-55 0.00264596099702 2.146361666e-103 1.53980372713e-103 1.99516584762e-103
compound 2.55417475981e-103 2.64596099702e-103 5.19905972507e-30 1.53980454167e-103 0.00199516584762
concealed 0.0025541747598 2.64596099702e-103 2.14949987821e-103 1.53980372713e-103 1.99516584762e-103
conceit 0.0025541747598 2.64596099714e-103 5.82996732292e-101 4.87105527915e-63 2.00297134488e-103
concord 5.12062584553e-73 6.9854432937e-56 7.14065747493e-14 0.00153980372708 6.79367717652e-58
confined 2.55417476003e-103 0.00264596099702 2.146361666e-103 1.53980372713e-103 1.99516584762e-103
confound 2.02132602665e-62 0.00264596099702 2.146361666e-103 1.53980372713e-103 1.99516584762e-103
confounds 2.55417476004e-103 0.00264596099702 2.146361666e-103 1.53980372713e-103 1.99516584762e-103
constancy 0.0025541747598 2.64596099702e-103 2.15123816771e-103 1.53980372713e-103 9.15400911672e-16
contracted 2.5541747598e-103 2.64596099804e-103 4.92668948512e-99 0.00153980372713 5.30243165681e-35
controlling 1.78122622559e-58 0.00264596099702 2.146361666e-103 1.53980372713e-103 1.99516584762e-103
converted 2.55424107592e-103 6.26196161438e-103 5.60212331825e-19 0.00153980372713 6.34709031608e-27
corrupt 8.36494629929e-91 2.64604785289e-103 3.97949564464e-12 0.00307960745141 3.1896841842e-15
corrupting 2.5541747598e-103 2.64596099702e-103 2.14636167852e-103 0.00153980372713 1.50753888951e-37
cost 1.67165854665e-76 2.64596099702e-103 0.002146361666 1.53980372713e-103 1.99516584762e-103
could 2.55417476014e-103 2.64596099702e-103 0.00217615292948 0.00104158085105 0.00261303418685
counterfeit 5.10325148035e-76 0.00264596099702 2.146361666e-103 1.53980372713e-103 1.99516584762e-103
counting 2.5541747598e-103 2.64602047741e-103 0.0024823876058 1.64339695612e-100 0.00168281053042
couplement 2.55417476015e-103 2.64596231249e-103 2.14694951426e-103 1.53980373455e-103 0.00199516584762
cover 0.0025541747598 5.06145934776e-69 4.39378462337e-97 2.12642003729e-71 7.78823125347e-86
creating 2.5541747598e-103 2.64596099702e-103 0.002146361666 1.53980372713e-103 1.99832232805e-103
credit 2.5541747598e-103 2.64596099702e-103 5.82149119785e-47 1.53980373429e-103 0.00199516584762
crooked 2.5541747598e-103 2.64596099702e-103 0.002146361666 1.53980372713e-103 1.99832233845e-103
crown 2.5541747598e-103 3.83077768527e-23 2.14636166605e-103 0.00153980372713 1.99516584771e-103
crowned 0.00278183494251 0.00241011967029 2.1463728335e-103 1.53980372713e-103 1.99535437479e-103
cruel 0.0025541747598 2.64596099943e-103 1.12368812438e-101 1.06926654413e-17 2.2967898661e-39
cunning 1.8896217125e-91 2.64596099702e-103 2.43126924489e-62 3.47415415063e-08 0.00199512083206
damasked 2.5541747598e-103 0.00264596099702 2.146361666e-103 1.53980372713e-103 1.99516584763e-103
dare 2.5541747598e-103 2.6459907653e-103 3.76864179748e-88 1.54104794165e-103 0.00399033169525
dates 2.55417475981e-103 7.75473127412e-102 5.84812343311e-28 1.56405929155e-103 0.00199516584762
day 8.03824788471e-13 0.00264596099702 1.46043201796e-96 0.00153980372665 1.99516584762e-103
days 2.55437053597e-103 0.00264596099702 2.146361666e-103 1.53980372713e-103 1.99516584762e-103
dead 2.55482843279e-103 0.00529192199403 5.12551843839e-74 5.87362746255e-34 8.81571645638e-102
dearest 0.0025541747598 2.6459647333e-103 2.15551799779e-103 5.03042349571e-62 2.10746246235e-71
deaths 2.5541747598e-103 3.41510548317e-21 3.51756168379e-94 0.00153980372713 1.99516597757e-103
decay 3.85613476275e-62 0.00264596099702 2.146361666e-103 1.53980372713e-103 1.99516584762e-103
decease 2.55417476031e-103 0.00264596099702 2.146361666e-103 1.53980372713e-103 1.99516584762e-103
deceased 0.0025541747598 2.64596099702e-103 2.146361666e-103 1.53980372713e-103 1.99516584762e-103
deceivest 1.44634471277e-19 0.00264596099702 2.146361666e-103 1.53980372713e-103 1.99516584762e-103
declines 2.55417476005e-103 0.00264596099702 2.146361666e-103 1.53980372713e-103 1.99516584762e-103
decrease 0.0025541747598 2.64596099702e-103 2.146361666e-103 1.53980372713e-103 1.99516584762e-103
deep 0.00510834951959 2.64596099702e-103 2.1479779762e-103 1.53980372713e-103 2.02029556446e-47
defendant 2.5541747598e-103 9.55323357805e-102 1.64776387497e-78 0.00153980372713 6.16814525458e-23
define 0.0025541747598 1.26080699959e-85 2.146361666e-103 1.53980372713e-103 1.99516584762e-103
delight 0.0025541747598 2.64596099702e-103 2.146361666e-103 1.53980372713e-103 1.99516584762e-103
delighted 2.55417476003e-103 0.00264596099702 2.146361666e-103 1.53980372713e-103 1.99516584762e-103
delivers 1.99652089085e-93 2.64596099702e-103 5.0290982088e-69 0.00153980372713 1.99516584762e-103
denote 0.0025541747598 2.64596099702e-103 2.146361666e-103 1.53980372713e-103 1.99516584762e-103
deny 2.55417476029e-103 0.00264596099702 2.146361666e-103 1.53980372713e-103 1.99516584762e-103
describe 2.5541747598e-103 2.64596099702e-103 0.002146361666 1.53980372713e-103 1.99832232805e-103
desire 2.55432494244e-103 0.00529192204747 2.14636200395e-103 0.00153980369603 2.58480797833e-45
desiring 2.5541747598e-103 2.64596099702e-103 0.002146361666 1.53980372713e-103 5.18322573059e-69
desperate 1.50496354826e-95 2.64596099702e-103 2.98892798634e-31 1.54550667958e-103 0.00199516584762
despised 0.00255417475978 2.64596099702e-103 2.15785954028e-103 1.53980372713e-103 1.24290975089e-14
devil 1.1526308447e-56 0.00264596099702 2.146361666e-103 1.53980372713e-103 1.99516584762e-103
devise 2.55417476253e-103 2.64596099702e-103 2.14642607453e-103 1.98979965757e-26 0.00199516584762
dials 0.0025541747598 2.64596099702e-103 2.53838889972e-103 1.53980372713e-103 1.20015409997e-92
did 2.55417476226e-103 5.48428155595e-38 2.14636166612e-103 0.00461941118139 1.99516584764e-103
discontent 2.55417476003e-103 0.00264596099702 2.146361666e-103 1.53980372713e-103 1.99516584762e-103
disgrace 2.55563243533e-103 0.00199905834658 5.94137303433e-65 0.00191626547897 3.64523329904e-61
disgraced 2.55417476003e-103 0.00264596099702 2.146361666e-103 1.53980372713e-103 1.99516584762e-103
dispraise 2.5541747598e-103 2.64596100359e-103 2.14636429791e-103 2.23725705351e-85 0.00199516584762
divided 0.0025541747598 2.64596099702e-103 2.146361666e-103 1.53980372713e-103 1.99516584762e-103
divine 2.55417476003e-103 0.00264596099702 2.146361666e-103 1.53980372713e-103 1.99516584762e-103
do 4.17731768123e-96 0.0157928010091 0.00437282051488 1.63007104425e-05 0.0119379779775
doom 2.55417476005e-103 0.00264596099702 2.146361666e-103 1.53980372713e-103 1.99516584762e-103
dost 2.55417927998e-103 2.80883357293e-61 1.20934415439e-34 7.99158114417e-50 0.00798066339049
dote 1.15751677786e-59 0.00264596099702 2.146361666e-103 1.53980372713e-103 1.99516584762e-103
doth 0.0127036682092 1.0342702596e-55 2.93060441652e-30 0.0199519897175 0.000137313591338
drooping 0.0025541747598 2.64596099702e-103 2.14959083154e-103 1.53980372713e-103 2.57305651314e-62
drown 2.55439685068e-103 2.64596099702e-103 0.002146361666 1.53980375041e-103 3.07989293894e-50
due 1.36734247665e-23 0.00264596099702 2.146361666e-103 1.53980372713e-103 1.99516584762e-103
dumb 5.7032367159e-78 5.51826210767e-38 9.14261756347e-30 0.00307960745426 3.59097018351e-27
duty 2.5541747598e-103 2.64596099702e-103 0.002146361666 1.53980372713e-103 2.13401265477e-103
dwell 0.0025541747598 6.76544722438e-62 2.146361666e-103 1.53980372713e-103 1.99516584762e-103
dwellers 2.10177858991e-72 2.64596099702e-103 0.002146361666 2.86424523195e-20 1.99516584762e-103
dye 2.55417476003e-103 0.00264596099702 2.146361666e-103 1.53980372713e-103 1.99516584762e-103
dyers 0.0025541747598 2.64596099702e-103 2.96239543451e-103 1.53980372713e-103 5.24990697948e-51
each 0.00255431909042 2.64604258388e-103 2.67246353406e-50 0.000545179641181 0.00527898061299
ear 1.06460450656e-62 2.64596897251e-103 1.90179433195e-08 0.00153979008362 1.55429107296e-30
earth 2.55541181559e-103 5.42792279532e-70 7.7724033125e-49 2.68854137303e-50 0.00598549754287
eclipse 0.0025541747598 2.64596099702e-103 1.38128634874e-87 1.53980372713e-103 1.83985762381e-44
eclipses 2.5541747598e-103 2.64596099702e-103 2.14636166693e-103 1.53980373619e-103 0.00199516584762
effect 2.55417476003e-103 0.00264596099702 2.146361666e-103 1.53980372713e-103 1.99516584762e-103
eithers 0.00255417475979 2.64596099702e-103 2.16097890679e-103 1.53980372713e-103 1.86090006882e-15
elements 4.15791499206e-69 2.64596099702e-103 0.00212905263532 1.24175298023e-05 1.99516584762e-103
else 2.5541747598e-103 2.64610535235e-103 3.34216590773e-92 1.53980374711e-103 0.00199516584762
elsewhere 2.55417475997e-103 2.64601352161e-103 6.6478138193e-78 0.00153980372713 3.57285243498e-48
end 0.0025541747598 2.64596099702e-103 5.93168383879e-102 1.53980372713e-103 1.99516584762e-103
endured 2.55417476003e-103 0.00264596099702 2.146361666e-103 1.53980372713e-103 1.99516584762e-103
enemies 2.5541747598e-103 2.64596099742e-103 2.14636168578e-103 0.00153980372713 5.8859539728e-45
enforced 2.5541747598e-103 2.64596099711e-103 2.146361696e-103 0.00153980372713 2.22627579939e-69
enjoyed 2.5541747598e-103 2.64596099702e-103 0.002146361666 1.53980372713e-103 2.00146097863e-103
enjoyer 2.5541747598e-103 7.12950357888e-40 2.14683822374e-103 0.00153980372713 2.00491105798e-103
enough 2.55417636583e-103 2.64647948162e-103 7.65498268598e-61 0.00153980372713 1.52482638448e-48
entitled 2.5541747598e-103 2.64596099702e-103 0.002146361666 1.53980372713e-103 1.57015095712e-84
envy 2.5541747598e-103 2.64596099702e-103 2.14636166716e-103 5.75034140488e-77 0.00199516584762
err 2.66685523297e-73 2.64596099702e-103 0.002146361666 1.53980372713e-103 2.28371845199e-39
errors 7.02832531259e-83 2.64728282503e-103 1.94740815072e-52 0.00307960745426 2.67592305799e-58
esteem 2.55417476003e-103 0.00264596099702 2.146361666e-103 1.53980372713e-103 1.99516584762e-103
even 1.18003211763e-28 0.00264596099749 0.00643468306482 1.60896822786e-49 0.00199925769574
ever 2.5541747598e-103 2.90022743823e-28 4.01100206974e-69 0.00307960745426 2.00142963985e-103
every 6.28190055373e-95 2.64596099702e-103 2.03630372968e-40 1.54018472759e-103 0.0139661609334
evil 2.55417476003e-103 0.00264596099702 2.146361666e-103 1.53980372713e-103 1.99516584762e-103
excess 2.5545078405e-103 0.00264596099702 2.146361666e-103 1.53980372713e-103 1.99516584762e-103
exchanged 9.43285393093e-26 0.00264596099702 2.146361666e-103 1.53980372713e-103 1.99516584762e-103
excuse 0.00247033638791 2.64596099702e-103 6.75342901356e-67 1.6817886953e-103 0.00206065528043
expressed 5.34760511654e-52 0.00264596099702 2.146361666e-103 1.53980372713e-103 1.99516584762e-103
eye 0.000720147564069 0.00549017531172 7.11616935978e-19 0.00714949966264 6.25866733289e-24
eyelids 2.5541747598e-103 0.00264596099702 2.146361666e-103 1.53980372713e-103 1.99516584763e-103
eyes 0.00511047604293 0.00798288638808 1.56100349792e-69 0.00257063268507 0.00461422867472
face 2.5541842538e-103 0.00320149514599 6.31734356666e-44 0.00121651341631 5.84438702372e-84
faces 2.55417476154e-103 0.00264596099702 2.146361666e-103 1.53980372713e-103 1.99516584762e-103
fading 2.55417476254e-103 2.44277306717e-43 2.14636166613e-103 0.00153980372713 1.99516584764e-103
fair 2.53467886094e-81 6.57351804232e-17 2.00125756836e-22 0.0107786260892 8.69230427114e-13
fairest 2.5541747598e-103 2.64596099702e-103 2.14636166699e-103 3.31546625969e-91 0.00199516584762
faith 2.55417528668e-103 2.64596099702e-103 2.15732509037e-103 0.00153980372713 3.82082793882e-69
false 2.55417499594e-103 6.02509948062e-20 1.23363889789e-61 0.0107786260899 2.19479232669e-103
falsehood 6.3281851107e-58 2.64596099702e-103 3.78195366307e-18 0.00153980372713 8.85809522269e-61
famine 2.5541747598e-103 2.64596099703e-103 2.14636166697e-103 1.53980373619e-103 0.00199516584762
far 2.5554048109e-103 0.00793316070096 1.69598322751e-61 1.03534637723e-46 0.00199872665291
faults 2.16300816498e-82 1.75906792844e-16 4.14745969261e-54 0.00307960745426 1.80107115718e-18
favour 4.56004168541e-78 0.00264596099702 2.146361666e-103 1.53980372713e-103 1.99516584762e-103
favourites 2.55417476022e-103 2.64596099702e-103 0.002146361666 1.53980373784e-103 3.64505333535e-46
fear 2.55417476093e-103 2.64596099786e-103 1.19337111721e-96 1.34287250524e-28 0.00399033169525
feast 1.69115257977e-44 0.00264596099702 2.146361666e-103 1.53980372713e-103 1.99516584762e-103
feasts 2.55417829288e-103 8.43705494728e-103 1.64619285772e-36 0.00153980372713 3.47046575975e-42
feathers 2.5541747598e-103 2.64596099702e-103 2.58431764405e-39 0.00153980372713 1.91214139198e-42
female 0.0025541747598 2.64596099702e-103 2.14959268623e-103 1.53980372713e-103 8.34858970258e-59
fight 2.55417476003e-103 0.00264596099702 2.146361666e-103 1.53980372713e-103 1.99516584762e-103
fill 2.55417507564e-103 0.00264596099702 2.146361666e-103 1.53980372713e-103 1.99516584762e-103
find 2.55417476031e-103 0.00264596099702 2.14654919329e-103 1.54050620721e-103 0.00199516584762
finger 0.0025541747598 2.64596099702e-103 2.58660560067e-103 7.30397832892e-62 2.38778702098e-59
fire 0.00181889244856 0.00219525425469 8.07753876872e-49 0.00224536080175 1.99516584762e-103
firm 2.5541747598e-103 2.64596099702e-103 2.83650967084e-67 0.00153980372713 3.85644726525e-61
first 2.5541747598e-103 2.64596099702e-103 2.1463616779e-103 0.00153980372713 1.13142771861e-27
fitted 2.55417476003e-103 0.00264596099702 2.146361666e-103 1.53980372713e-103 1.99516584762e-103
fixed 0.0025541747598 2.64596099702e-103 1.36127508321e-102 1.53980372713e-103 1.99516584762e-103
fleetst 2.55417496092e-103 0.00264596099702 2.146361666e-103 1.53980372713e-103 1.99516584762e-103
flies 2.7773630654e-98 2.64596099702e-103 1.32836585473e-62 0.00152783304746 1.5510737396e-05
flow 3.3664211971e-60 0.00264596099702 2.146361666e-103 1.53980372713e-103 1.99516584762e-103
flowers 0.00255417571354 2.64596099702e-103 5.52526702393e-70 0.00153980315216 1.99516584762e-103
follow 2.5541747598e-103 2.64596730575e-103 8.79782896791e-72 1.54089981626e-103 0.00199516584762
fond 3.99951509564e-103 2.64596099702e-103 1.22917615273e-33 1.34643185065e-22 0.00199516584762
foot 2.5541747598e-103 2.64596099702e-103 2.14636169559e-103 0.00153980371526 1.53853943117e-11
for 0.00250690909841 2.99997762675e-60 0.0537575854334 6.1232323627e-21 0.00792598236885
forbidden 0.0025541747598 2.64596099702e-103 2.14960526473e-103 1.53980372713e-103 1.997079329e-103
forged 5.48181006816e-95 2.64596099702e-103 1.397310744e-54 1.53980372713e-103 0.00199516584762
forget 2.5541747598e-103 0.00264596099702 2.14636168369e-103 1.53980372713e-103 1.99520656711e-103
forgetful 2.5541747598e-103 2.64596099702e-103 2.14636166693e-103 1.53980373619e-103 0.00199516584762
forgoing 2.5541747598e-103 4.590312945e-29 2.14636166606e-103 0.00153980372713 1.99516584791e-103
forgot 8.94110165202e-61 0.00264596099702 2.146361666e-103 1.53980372713e-103 1.99516584762e-103
forlorn 2.56099650189e-77 2.64596099702e-103 2.30226408302e-08 0.00153978721065 3.22510414275e-21
form 2.55417475982e-103 4.70090739442e-49 2.14660025343e-103 0.00307960745426 8.91280978401e-16
forsaken 2.55417476003e-103 0.00264596099702 2.146361666e-103 1.53980372713e-103 1.99516584762e-103
fortune 2.5541833423e-103 4.2477184439e-27 1.50935085064e-65 0.00153980372713 2.15497123017e-69
found 2.55417476719e-103 5.37157227819e-43 2.14643631964e-103 0.00153980372713 1.99516584921e-103
four 0.0025541747598 2.64596099702e-103 2.14636265418e-103 1.54106016117e-103 9.62512890439e-98
frailer 6.64565225719e-39 2.64596099702e-103 1.76042566684e-52 1.53980372713e-103 0.00199516584762
frailties 1.10069465175e-75 2.64596099702e-103 2.60017541429e-52 0.00153980372713 9.92606711648e-37
free 1.36604826529e-44 0.00264596099702 2.146361666e-103 1.53980372713e-103 1.99516584762e-103
frequent 2.5541747598e-103 1.11137077201e-30 2.14636166605e-103 0.00153980372713 1.99516584768e-103
friend 0.0025541747598 7.77561538471e-45 2.146361666e-103 1.53980372713e-103 1.99516584762e-103
from 0.00760635530758 2.64601217601e-103 1.58520674829e-35 0.00760601169969 0.00415471911034
front 2.5541752543e-103 0.00264596099702 2.14640176845e-103 2.00278912375e-73 1.99517103043e-103
frost 9.66562835763e-62 2.64597354237e-103 3.8138364526e-52 0.00153980372713 3.5143538537e-28
fulfil 2.5541747598e-103 2.64596099726e-103 2.1463616785e-103 0.00153980372713 9.34756507069e-24
full 0.00146492350431 2.64596099703e-103 4.24727949467e-100 0.00373627087815 1.6956202218e-17
gain 2.55417476003e-103 0.00264596099702 2.146361666e-103 1.53980372713e-103 1.99516584762e-103
gainst 2.55417476008e-103 2.64596099793e-103 2.14734354971e-103 0.00153980372713 9.97831775923e-28
gave 2.06016272301e-72 2.64596099702e-103 0.002146361666 3.03620049937e-28 1.99516584762e-103
general 0.0025541747598 2.64596099702e-103 9.0770343945e-103 5.04096502683e-61 1.78205648047e-59
gentle 0.00255058740738 2.64596099702e-103 0.0021493762427 1.53980372713e-103 1.99917000504e-103
gift 2.4063544748e-69 2.64596099702e-103 1.41074343482e-06 0.00153879165725 1.99516584762e-103
gilded 2.5541747598e-103 2.64596099702e-103 2.14636166693e-103 1.53980373619e-103 0.00199516584762
girded 2.5541747598e-103 2.64596099702e-103 2.14636167795e-103 0.00153980372713 3.55965357264e-22
give 2.55417476003e-103 0.00264596099702 0.00429272333199 1.53980372713e-103 3.15635734762e-63
giving 2.55417477245e-103 9.55064272247e-69 2.14656604649e-103 0.00153980372713 1.99543231522e-103
glad 2.5541747598e-103 2.64603772905e-103 8.89967022011e-95 1.0491851281e-66 0.00199516584762
glass 5.34695530073e-24 2.64596099702e-103 1.85854331419e-71 0.00153980372713 9.15901109007e-26
glory 0.0025541747598 2.64596099702e-103 6.63290915781e-103 1.53980372713e-103 7.36555937429e-96
go 2.55417476285e-103 2.64596099702e-103 2.15170323917e-103 1.53980372713e-103 0.00199516584762
goes 2.55417475981e-103 2.64596099702e-103 0.002146361666 1.65648256272e-16 1.04946875697e-26
golden 2.5541747598e-103 6.42000258134e-28 2.14636166605e-103 0.00153980372713 1.99516584771e-103
gone 2.55459295844e-103 0.00529192199403 2.146361666e-103 1.53980372713e-103 1.99516584762e-103
good 0.00255215277447 2.6460077272e-103 1.5713049629e-94 0.00451220609137 0.0021356538698
graces 0.0025541747598 2.64596099702e-103 2.146361666e-103 1.53980372713e-103 1.99516584762e-103
gracious 2.61866726391e-103 0.00529192199403 2.02469625758e-43 2.35144894099e-55 8.26770215395e-30
grant 2.5541747598e-103 2.64596099702e-103 0.002146361666 1.53980372713e-103 2.31665399324e-103
granting 1.44448753528e-62 0.00264596099702 2.146361666e-103 1.53980372713e-103 1.99516584762e-103
grave 2.55417476003e-103 0.00264596099702 2.146361666e-103 1.53980372713e-103 1.99516584762e-103
great 2.5541747604e-103 2.6464773697e-103 0.00217956877539 0.00305578461414 7.83920618474e-21
green 2.55481489695e-103 2.64596099702e-103 0.002146361666 1.53980374227e-103 4.24737354186e-43
grew 2.5541747598e-103 2.64596099702e-103 2.14636166693e-103 1.53980373619e-103 0.00199516584762
guest 2.55417476003e-103 0.00264596099702 2.146361666e-103 1.53980372713e-103 1.99516584762e-103
half 2.55448820491e-103 0.00264596099702 2.11302288386e-85 2.49208713301e-74 1.99654959978e-103
hand 2.55417755446e-103 0.00264894633566 3.88471940509e-68 0.00153806642429 6.51979066936e-50
hang 2.5541747598e-103 2.64596099702e-103 0.0021264557255 1.53980373611e-103 0.00201366955707
hanging 2.5541747652e-103 0.00264596099702 2.14636167981e-103 1.53980372713e-103 8.39919749053e-90
haply 0.0025541747598 2.64596099702e-103 2.43850623685e-103 1.53980372713e-103 1.99652259099e-103
happy 0.0025541747598 2.64596099702e-103 2.14636265417e-103 1.53980372713e-103 1.99518253702e-103
harvest 2.55417476285e-103 2.77256370262e-36 2.14636166615e-103 0.00153980372713 1.99516584851e-103
hast 1.76951120351e-60 2.64596099702e-103 0.00307517941263 5.99510720045e-10 0.00113177588711
hate 2.55417476003e-103 0.00264596099702 2.146361666e-103 1.53980372713e-103 1.99516584762e-103
hated 2.5541747602e-103 2.64596099702e-103 2.14780142115e-103 0.00153980372713 3.0971122522e-33
hateth 2.55417476038e-103 2.6459840038e-103 2.14708764474e-103 1.54614944765e-103 0.00199516584762
hath 0.00515687646823 2.64596099702e-103 0.0085150170938 0.00618048636814 4.87705302709e-43
hatred 2.55418923179e-103 2.6459609974e-103 7.21126986051e-99 0.00153980372712 1.29851027337e-14
have 3.39133046597e-27 0.00264983184497 0.00414147515601 0.00253593977373 0.0207937786173
having 2.5541747598e-103 2.64596099702e-103 2.14636166697e-103 1.53980373619e-103 0.00399033169525
he 1.15529390323e-26 7.04642160108e-35 0.00241242520506 0.00456647109592 0.00580677219418
head 2.55417476005e-103 0.00264596099702 2.146361666e-103 1.53980372713e-103 1.99516584762e-103
heart 5.10234521333e-49 0.00654298678059 1.79922533576e-96 0.00547937529085 0.00193269720049
hearts 0.00510834951959 2.64596099702e-103 2.14970439568e-103 1.53980372713e-103 1.45843088869e-64
heaven 0.00510834951959 2.64668707853e-103 2.1474588968e-103 1.53980372713e-103 8.3901514394e-84
heavenly 0.0025541747598 2.64596099702e-103 2.40645057055e-102 1.53980372713e-103 1.99516584762e-103
heavens 2.5541747598e-103 3.94547004942e-28 2.14636166605e-103 0.00153980372713 1.99516584768e-103
height 2.5541747598e-103 1.39843336355e-29 2.14636166605e-103 0.00153980372713 1.99516584768e-103
helens 2.5541747598e-103 2.64596099702e-103 2.14636166727e-103 9.25504854229e-71 0.00199516584762
hell 4.03604674711e-40 2.64596099808e-103 2.14677193252e-103 3.97109643286e-55 0.00199516584762
hence 2.55417476313e-103 1.18437485278e-43 2.14636166615e-103 0.00153980372713 1.99516584763e-103
her 2.5542873738e-103 7.60287411477e-06 2.21560468312e-49 0.00506952581401 0.00739170465053
herein 2.5541747598e-103 2.64596099702e-103 0.002146361666 1.53980372713e-103 1.99832232805e-103
hide 2.55417476003e-103 0.00264596099702 2.146361666e-103 1.53980372713e-103 1.99516584762e-103
high 2.55450761902e-103 0.00264596099697 1.61363410687e-74 2.50992122972e-14 2.09328731511e-103
hill 2.55417476003e-103 0.00264596099702 2.146361666e-103 1.53980372713e-103 1.99516584762e-103
him 3.16586235995e-73 2.64596179628e-103 0.00222497443957 2.41176666731e-89 0.00192209078134
his 0.0175299499079 0.0026415847769 9.56218976154e-63 0.00755852223644 0.00245334186061
history 2.55417476003e-103 0.00264596099702 2.146361666e-103 1.53980372713e-103 1.99516584762e-103
hoisted 2.5541747598e-103 2.64596099702e-103 2.14636167792e-103 0.00153980372713 8.73004158909e-27
hold 0.00255533396946 4.60557510279e-09 4.52181435175e-42 0.00307890593569 2.70011399521e-44
holds 1.9883097664e-78 2.64596099702e-103 0.002146361666 1.96147584367e-53 1.99516584762e-103
holy 1.38903563282e-47 8.99644919471e-15 1.06558410924e-72 0.00461941118139 1.11282655481e-63
home 6.38226463749e-15 2.64631359749e-103 6.79220290909e-21 0.00153980372713 6.42859119975e-18
honey 0.0025541747598 2.64596099702e-103 2.14764626946e-103 1.53980372713e-103 2.13020637321e-88
honour 2.5541747598e-103 4.25217550719e-18 2.14636166605e-103 0.00153980372713 1.99516584768e-103
hooks 2.55417476031e-103 0.00264596099702 2.146361666e-103 1.53980372713e-103 1.99516584762e-103
hope 3.05905068035e-31 0.00264596099702 2.14636167829e-103 0.0015398037224 6.12433670628e-12
hot 0.00255420228206 1.7832990151e-78 3.90553708119e-52 0.00307959086226 1.64528514255e-36
hour 2.55417476003e-103 0.00264596099702 2.146361666e-103 1.53980372713e-103 1.99516584762e-103
hours 2.55417475992e-103 0.00529192199403 2.14636180492e-103 1.53980372713e-103 1.99750715922e-103
how 2.55417475981e-103 2.64596099702e-103 0.0105431802123 1.53981757235e-103 0.000175340616714
hue 5.89281540578e-37 0.00264596099702 1.70042494337e-33 0.00153980372713 2.10774602044e-45
hues 2.5541747598e-103 2.64596187936e-103 2.14657719538e-103 1.53980373622e-103 0.00199516584762
humour 2.5541747598e-103 2.64603972788e-103 2.14738325509e-103 0.00153980372713 5.24583491051e-36
hungry 2.5541747618e-103 0.00264596099701 2.14636166609e-103 1.01740607687e-15 1.99516584775e-103
hymn 2.5541747598e-103 2.64647948164e-103 1.14187743977e-64 0.00153980372713 4.88754161543e-50
idle 0.0025541747598 2.64596099702e-103 2.14636166724e-103 1.53980372713e-103 1.26720702539e-89
if 3.23265295694e-88 2.64620232091e-103 0.0279769415393 1.65134934409e-40 0.0119019848727
ill 2.55417476004e-103 0.00529197186355 1.19370507875e-52 1.53980373689e-103 0.00199512824391
image 2.5541747598e-103 2.64596099702e-103 2.31254480366e-63 1.53980373486e-103 0.00199516584762
imitate 2.5541747598e-103 0.00264596099702 2.14636169345e-103 1.53980372713e-103 1.99520267415e-103
immortal 0.0025541747598 2.64596099702e-103 2.16001402975e-103 1.53980372713e-103 1.99516584762e-103
impregnable 2.55417475981e-103 5.75536567637e-78 0.002146361666 1.37568682822e-54 5.55633603792e-49
in 0.0191420057446 7.72920314779e-24 0.0113834849516 0.0286430323801 0.0271347322652
incertainties 2.5541747598e-103 2.64596099702e-103 0.002146361666 1.53980372713e-103 1.99832232821e-103
increase 1.86251236765e-26 0.00529192199403 2.146361666e-103 1.53980372713e-103 1.99516584762e-103
indigest 2.55417476003e-103 0.00264596099702 2.146361666e-103 1.53980372713e-103 1.99516584762e-103
indirectly 2.55417476046e-103 0.00264596099702 2.14636166603e-103 3.84002937376e-40 1.99516584766e-103
inferior 0.0025541747598 2.64596099702e-103 2.31010422777e-103 1.53980372713e-103 1.99516584762e-103
inherit 2.5541747598e-103 2.64596099702e-103 2.14636167455e-103 2.04561416219e-12 0.00199516584497
inheritors 0.0025541747598 2.64596099702e-103 2.146361666e-103 1.53980372713e-103 1.99516584762e-103
instinct 2.92133014156e-64 2.64596326117e-103 3.36946852545e-26 0.00153980372713 2.00876293822e-103
intents 2.55417476003e-103 0.00264596099702 2.146361666e-103 1.53980372713e-103 1.99516584762e-103
interest 2.55417476015e-103 2.64596185174e-103 2.14689499307e-103 1.53980373453e-103 0.00199516584762
invent 2.55417476003e-103 0.00264596099702 2.146361666e-103 1.53980372713e-103 1.99516584762e-103
invention 0.0025541747598 2.64596099702e-103 4.07149656201e-99 1.30366454464e-52 1.99516584762e-103
invited 3.60637595035e-58 0.00264596099702 2.146361666e-103 1.53980372713e-103 1.99516584762e-103
is 0.0107201201934 0.0026513214452 0.00690489495442 0.00819314968693 0.0124956208574
it 1.12895851033e-93 1.58944647739e-99 0.00355522785577 0.00189203362773 0.0241711404435
jacks 1.48560515438e-68 2.64596099702e-103 9.56630253007e-44 0.00153980372713 1.99516584762e-103
jewels 0.0025541747598 2.64596099702e-103 2.14961003213e-103 1.53980372713e-103 2.2466882562e-58
jump 1.80967033777e-77 2.64596099702e-103 7.07227684078e-54 0.00153980372713 3.56313341628e-82
junes 0.0025541747598 2.64596099702e-103 2.47900376612e-103 1.53980372713e-103 1.99709970768e-103
just 2.5541747598e-103 2.64596099702e-103 0.002146361666 1.53980372713e-103 1.60713726111e-58
keep 2.55417476007e-103 0.00264596099702 2.14640350266e-103 1.53980373602e-103 0.00199516584762
kill 0.0025541747598 3.17443383558e-20 2.146361666e-103 1.53980372713e-103 1.99516584762e-103
kind 0.00765961491759 1.35815627371e-71 0.00214880650366 1.15031810012e-45 1.07905856084e-50
know 0.00510834951959 2.64596099702e-103 2.146361666e-103 1.53980372713e-103 1.99516584762e-103
knowing 1.99435031098e-94 2.64596099702e-103 5.53638545798e-50 0.00153980372713 1.99516584762e-103
knowledge 2.02137571202e-05 2.64596099702e-103 1.32380732854e-63 0.00152761770954 6.9235382122e-17
land 0.0025541747598 4.12821771146e-19 2.146361666e-103 1.53980372713e-103 1.99516584762e-103
large 2.55417477927e-103 7.61438647238e-17 4.44571793566e-78 0.00307960745426 1.5605756458e-50
lay 2.55417476003e-103 0.00264596099702 2.146361666e-103 1.53980372713e-103 1.99516584762e-103
lays 0.00510834951959 2.64596099702e-103 7.68095874214e-101 9.14763590002e-61 3.88691692925e-64
leads 2.55417476136e-103 0.00264596099702 2.14636166606e-103 4.762537136e-36 1.99516584763e-103
lean 2.5541747598e-103 2.64596099702e-103 0.002146361666 1.53980372713e-103 1.99832232805e-103
leap 2.55417476031e-103 0.00264596099702 2.146361666e-103 1.53980372713e-103 1.99516584762e-103
learned 2.5541747598e-103 2.64601276793e-103 8.30362834068e-92 2.59534092804e-48 0.00199516584762
learneds 0.0025541747598 2.64596099702e-103 1.41095711171e-97 1.53980372713e-103 1.29374098569e-42
lease 1.15622811175e-44 0.00529192199403 2.146361666e-103 1.53980372713e-103 1.99516584762e-103
least 8.66639667435e-65 2.64627337489e-103 8.95672996462e-19 0.00153980372713 6.94101669557e-40
leaves 0.00510834951956 8.86224302531e-13 2.04898126226e-99 0.00153980372663 1.99516584768e-103
left 2.5541747598e-103 2.64596102334e-103 4.71162150967e-62 1.53980373475e-103 0.00199516584762
leisure 0.0025541747598 2.64596099702e-103 3.0678036865e-93 1.53980372713e-103 3.25341159613e-29
less 2.5541747598e-103 2.64596099702e-103 2.14636166693e-103 1.53980373619e-103 0.00199516584762
let 0.00255047431162 2.64596099702e-103 0.00214947128098 1.53980372713e-103 2.98333693684e-87
lie 2.55417476017e-103 0.00529192199403 2.146361666e-103 1.53980372713e-103 1.99516584762e-103
lies 0.0026299337361 0.00785940155758 2.146361666e-103 1.53980372713e-103 1.99516584762e-103
life 2.55417475993e-103 0.00264571318397 5.80382729832e-101 1.62398609038e-39 0.0039905185567
light 2.55417476003e-103 0.00529192199403 2.146361666e-103 1.53980372713e-103 1.99516584762e-103
like 2.5541750406e-103 1.80929414613e-43 0.00217582188441 0.00613808009475 4.61914927314e-31
line 2.55417476163e-103 0.00264596099701 2.14636166608e-103 7.41803358689e-16 1.99516584763e-103
lips 0.00204460473766 2.64596125202e-103 1.02972428966e-44 0.00184700189997 1.99520790985e-103
live 6.93692746593e-43 0.00264629698636 0.00191149979027 0.00167934495391 0.00203242264691
lives 2.5541747598e-103 2.64596099702e-103 2.14636166693e-103 1.53980373619e-103 0.00199516584762
living 2.5541747598e-103 0.00264596099702 2.146361666e-103 1.53980372713e-103 1.99516584763e-103
lofty 2.5541747598e-103 2.64596099702e-103 2.14636166693e-103 1.53980373622e-103 0.00199516584762
long 0.0025541747598 2.64596099702e-103 1.28008207784e-74 6.6765955601e-33 0.00199516584762
look 2.55417476003e-103 0.00264596099702 2.146361666e-103 1.53980372713e-103 1.99516584762e-103
looked 2.55456217382e-103 2.09571289057e-31 5.08857830613e-42 0.00153980372713 7.26288616446e-82
looks 0.0025541747598 2.64596321437e-103 1.25133176613e-37 0.00307960745426 1.86863515975e-22
lords 6.54013615357e-70 2.64605176615e-103 1.83870543602e-54 0.00153980372713 5.89844451741e-45
lourst 2.55417610689e-103 2.6465934198e-103 1.16085090331e-59 0.00153978686567 2.18478582679e-08
love 0.00973877067094 0.00806680943945 8.01271577776e-07 0.00517384598607 0.0115279664879
lovely 0.0025541747598 2.64596099702e-103 2.43985956217e-103 1.53980372713e-103 8.63422941494e-81
loves 2.20901506124e-76 8.01835511903e-59 6.75205112605e-21 0.00769901863566 1.89115322808e-52
loving 2.5541747598e-103 2.64596099702e-103 0.002146361666 1.53980372713e-103 1.99832232805e-103
lovst 2.5541747598e-103 2.64596099702e-103 2.14636167455e-103 3.42177424314e-07 0.00199472247897
lusty 3.45996004616e-103 2.64596099919e-103 2.14636166735e-103 1.55967165758e-103 0.00199516584762
made 0.0025541747598 2.64596099702e-103 2.14960903337e-103 3.84018082223e-65 1.70515110287e-102
main 3.50696852035e-91 0.00529192199403 8.29203828609e-46 2.21784123209e-21 1.77791008386e-83
make 2.55417476219e-103 7.47663599034e-09 0.00634156629702 0.00273141181936 0.00453214188136
making 2.5541747598e-103 2.64596099702e-103 0.00429272333199 1.53980372713e-103 1.99832232805e-103
man 2.5541747598e-103 2.64596099702e-103 0.00214636167795 0.00153980371856 8.70999995334e-24
mans 3.06732868544e-36 2.64596099722e-103 2.02013305333e-33 0.00101409021886 0.00267634723383
many 2.5541747598e-103 2.64596099702e-103 2.14636166694e-103 1.54011346244e-103 0.00199516584762
manys 2.5541747598e-103 2.64604932156e-103 2.14636166713e-103 4.59666549099e-72 0.00199516584762
mark 2.55417476003e-103 0.00264596099702 2.146361666e-103 1.53980372713e-103 1.99516584762e-103
mars 2.5541747598e-103 2.64596099702e-103 5.77587589422e-83 1.54213480004e-103 0.00199516584762
matter 2.5541747598e-103 2.64602422929e-103 1.82320233858e-87 1.15884275054e-50 0.00199516584762
may 0.00591207007069 0.00181335812889 2.1476663974e-103 1.53980372713e-103 1.99516584762e-103
mayst 2.5541747598e-103 0.00264596099702 2.146361666e-103 1.53980372713e-103 1.99516584763e-103
me 0.0148547870674 0.0127965682347 0.0023189529138 0.00548317527864 0.0173708747873
measure 2.91422607332e-27 0.00264596099702 2.146361666e-103 1.53980372713e-103 1.99516584762e-103
meetness 0.0025541747598 1.47571749756e-65 2.146361666e-103 1.53980372713e-103 1.99516584762e-103
men 3.437374799e-38 2.64596099702e-103 2.11961526261e-48 0.00151672533805 0.00601540084346
mercy 0.0025541747598 2.64596099702e-103 8.82535384914e-97 6.44671345719e-49 1.99516584762e-103
methinks 2.5541747598e-103 2.64596099702e-103 0.002146361666 1.53980372713e-103 2.00078774343e-103
might 1.13468541776e-32 0.00264596099702 2.14636166697e-103 1.5445601162e-103 0.00199516584762
millioned 0.0025541747598 2.64596099702e-103 6.57113742839e-103 1.53980372713e-103 1.99516584762e-103
mind 2.20204176835e-85 2.64596099702e-103 0.002146361666 3.23601500935e-68 7.39063031241e-41
minded 4.79724939383e-70 2.64596099702e-103 0.002146361666 2.44397054361e-34 1.99516584762e-103
minds 2.55417476003e-103 0.00264596099702 2.146361666e-103 1.53980372713e-103 1.99516584762e-103
mine 0.012480679064 0.00265481231549 1.8181036488e-59 0.00578359374765 0.0027018766662
minutes 0.0025541747598 2.64596099702e-103 2.14699437847e-103 1.53980372713e-103 1.99516584762e-103
misplaced 2.55417476003e-103 0.00264596099702 2.146361666e-103 1.53980372713e-103 1.99516584762e-103
misuse 0.00255417475827 3.6886083069e-42 4.64827328955e-97 7.63495534637e-72 1.19330679188e-12
modern 2.5541747598e-103 2.64596099702e-103 2.1463616779e-103 0.00153980372713 1.99850603322e-23
monsters 0.0025541747598 2.64596429872e-103 5.63702104111e-102 6.65633693974e-43 1.78058936936e-59
moon 2.5541747598e-103 7.29084429075e-60 2.14636213267e-103 0.00153980372713 7.3388328812e-46
more 2.55417510767e-103 2.76935591782e-36 2.86898495085e-79 0.00769901863566 1.74607754796e-54
morning 2.55417476202e-103 0.00264596098304 2.14636166609e-103 8.13273568362e-12 1.99516584776e-103
morrow 0.0025541747598 2.64596099702e-103 2.146361666e-103 1.53980372713e-103 1.99516584762e-103
mortal 2.5541747598e-103 2.64596099702e-103 2.14636166699e-103 3.31785494905e-85 0.00399033169525
most 2.5541747598e-103 2.64596099702e-103 0.002146361666 1.53980372713e-103 2.55211606476e-102
mounted 2.55417476193e-103 2.64617860245e-103 3.40180308332e-80 0.00153980372713 7.69530917998e-30
much 2.55417476086e-103 0.00264596099702 2.14636166605e-103 9.29749932489e-17 1.99516584765e-103
murdrous 0.0025541747598 2.64596099702e-103 2.14954080314e-103 1.53980372713e-103 2.13759800713e-60
muse 2.5541747598e-103 2.64668817138e-103 8.78997796298e-75 0.00307960745426 3.30995221378e-50
must 7.23746773585e-33 0.00264517702815 8.60536165531e-100 1.53980372713e-103 0.00199575699311
my 0.0109993272139 0.0049669225281 0.0167833424217 0.0254995582088 0.0307988038892
name 3.94199731681e-88 0.00264596099702 9.04543087133e-06 0.000112162403324 0.00583175740098
nativity 2.5541747598e-103 2.64596099702e-103 0.002146361666 1.53980372713e-103 1.99832232805e-103
natures 0.0025541747598 2.64596099702e-103 2.15251600789e-103 1.53980372713e-103 8.34256306092e-73
nay 2.5541747598e-103 2.64596099702e-103 0.00429272333199 1.53980372713e-103 7.84498710886e-70
near 1.45811011699e-49 0.00264596099702 2.146361666e-103 1.53980372713e-103 1.99516584762e-103
need 2.5541747598e-103 2.64596112035e-103 2.18479943582e-103 1.54141189841e-103 0.00199516584762
needst 2.55417475981e-103 2.64596099702e-103 6.80252421826e-29 1.53980373111e-103 0.00199516584762
neer 2.5541747598e-103 0.00264596099702 2.146361666e-103 1.53980373055e-103 1.99516584772e-103
neglected 2.5541747598e-103 2.64596099702e-103 2.1463616779e-103 0.00153980372713 3.5282468341e-45
neither 2.5541747598e-103 2.64596099702e-103 2.30180278961e-51 6.06553360796e-76 0.00199516584762
never 2.5541747598e-103 2.64596099702e-103 2.14636166695e-103 1.54145148088e-103 0.00199516584762
new 1.40776328863e-71 2.64598184207e-103 1.2226026575e-54 0.00153980372713 4.96127999309e-24
niggard 2.5541747598e-103 2.64596099702e-103 3.7895411144e-66 0.00153980372713 5.40438936454e-49
night 2.55421090734e-103 0.00529192199403 8.82230520443e-83 0.00307960745426 1.99516584762e-103
nimble 5.78884554038e-17 2.64596099702e-103 2.15064343449e-103 1.54062715944e-103 0.00399033169525
no 1.75120971515e-73 2.52389992466e-47 0.0103660542372 0.00323444668683 0.0180958525302
none 0.00254944996152 2.64596099702e-103 0.00215033207787 1.53980372713e-103 4.45333564115e-14
nor 2.95173615899e-76 1.00687656305e-33 0.0213939883965 0.00253388093978 0.00476216793217
not 0.00248374196112 0.00282833565118 9.99598412544e-42 0.0270815677631 0.00672565363893
nothing 2.5541747598e-103 2.64596099702e-103 0.002146361666 1.53980372713e-103 1.99832389322e-103
now 3.65653625356e-100 0.00264596099701 0.00658824991025 1.53980373182e-103 0.00385167438352
oaths 2.55417476023e-103 0.00228799110655 2.14636167781e-103 0.00174812250892 6.04033672068e-34
objects 3.78955077054e-63 2.64596099702e-103 1.79673031361e-67 0.00153980372713 1.99516584762e-103
oblivion 2.5541747598e-103 2.64596099702e-103 2.14707015769e-103 0.00153980372713 7.26107118298e-28
obsequious 8.13831026991e-38 2.64596099702e-103 2.14954707126e-103 1.53980372713e-103 0.00199516584762
ocean 0.00510834951959 8.22474938316e-21 3.25384538335e-99 2.86707880223e-22 1.8690974401e-58
of 0.00678162995489 0.070622581983 0.00515421104687 0.0309164202116 0.00433877704395
offenders 2.5541747598e-103 2.64596099702e-103 2.14639185336e-103 1.53980373623e-103 0.00199516584762
oft 0.0025541747598 2.64596099702e-103 2.14636461662e-103 4.44836711862e-99 8.14667016793e-60
old 2.55417476006e-103 0.00320170868677 1.98432129228e-27 0.00121638914733 1.1437504718e-23
on 0.00510924119788 0.00282567436249 0.00228723093409 0.00808601177399 0.00920723763808
once 2.5541747598e-103 2.64596419085e-103 2.14719814655e-103 1.5398037363e-103 0.00199516584762
one 0.00204324621509 2.64596099702e-103 5.57810169991e-73 1.54642343358e-65 0.00638460382135
only 2.5541747598e-103 0.00264596099702 2.146361666e-103 4.23917409136e-98 1.99516584763e-103
open 0.0025541747598 2.64596099702e-103 2.146361666e-103 1.53980372713e-103 1.99516584762e-103
or 1.11708618115e-49 2.64596099702e-103 0.0158673009223 1.53980372713e-103 0.00121176365023
other 2.10074701214e-97 0.00264042597814 2.33133182088e-65 1.03383863321e-09 0.00399450399264
others 2.5541747598e-103 2.64596099702e-103 2.14636168673e-103 0.00307960745426 4.83930056938e-30
our 4.13348857258e-05 2.64596099702e-103 0.00429913748555 4.7448841914e-93 0.00395208107626
out 0.00160804993503 0.0030950307959 3.64146042193e-56 0.00338865210176 2.64111304073e-72
outward 2.55417476004e-103 2.64669267755e-103 2.14645679852e-103 5.9240669607e-29 0.00399033169525
over 0.00255320266736 2.64596099702e-103 1.27363402161e-82 6.6846569844e-88 0.00199592518707
overturn 0.0025541747598 2.64596099702e-103 2.146361666e-103 1.53980372713e-103 1.99516584762e-103
own 2.55454798711e-103 0.00810008973235 4.68813184505e-74 0.00298521205497 1.02535803743e-76
owners 4.52556004759e-50 2.64622388082e-103 2.14737829086e-103 1.55613416733e-103 0.00199516584762
painter 0.0025541747598 2.64596099702e-103 4.65351694769e-61 1.53980372713e-103 7.03647947153e-71
painting 0.0025541747598 2.64596099702e-103 1.55677438803e-102 1.53980372713e-103 1.99516584762e-103
part 2.03821455723e-67 0.00529192199403 2.146361666e-103 1.53980372713e-103 1.99516584762e-103
partial 2.5541747598e-103 0.00264596099702 2.146361666e-103 1.52622292889e-81 1.99516584763e-103
particulars 2.55417475981e-103 1.38860171589e-76 0.002146361666 4.34107540076e-56 1.00077603039e-46
parts 0.0025541747598 2.64596099702e-103 8.97994236515e-99 3.85127791496e-102 8.17089189927e-92
pass 2.55417476003e-103 0.00264596099702 2.146361666e-103 1.53980372713e-103 1.99516584762e-103
past 2.5541747598e-103 2.64596099702e-103 0.002146361666 1.53980372713e-103 1.99832232806e-103
patience 2.5541747598e-103 2.64596099702e-103 2.14636166693e-103 1.53980373619e-103 0.00199516584762
pen 2.5541747598e-103 2.64601945898e-103 4.27056305934e-77 2.11919742872e-59 0.00399033169525
pencil 2.55417475981e-103 7.60469988824e-27 2.14636166605e-103 0.00153980372713 1.99516584769e-103
penury 2.5541747598e-103 2.64596099702e-103 2.14636166693e-103 1.53980373619e-103 0.00199516584762
perceive 2.5541747598e-103 2.64597913426e-103 2.01268687985e-82 1.53980375078e-103 0.00199516584762
perfect 0.0025541747598 2.64596099702e-103 1.19976284714e-96 7.60844780244e-45 1.99516584762e-103
perfection 2.5541747598e-103 4.3624895792e-25 2.14636166605e-103 0.00153980372713 1.99516584768e-103
perfumes 2.17724355377e-73 2.64596161426e-103 7.16237406504e-10 0.00307960694043 3.82085965605e-38
permit 2.5541747598e-103 2.64596099702e-103 2.14636166694e-103 1.53980373619e-103 0.00199516584762
philomel 2.5541747598e-103 2.64596346658e-103 2.14696501358e-103 1.53980373627e-103 0.00199516584762
physician 9.8605298011e-79 2.7231548752e-103 2.07380022377e-47 0.00153980372713 1.21357691746e-42
picture 8.89230607119e-67 2.64596099702e-103 3.89269084793e-37 0.00153980372713 1.99516584762e-103
placed 0.0025541747598 2.64596099702e-103 2.14937631013e-103 1.13449907246e-66 1.99516584762e-103
plants 0.0025541747598 2.64596099702e-103 2.14930351188e-103 1.53980372713e-103 2.93397575759e-52
play 7.6676793175e-85 2.64596099702e-103 2.14651758347e-103 1.91899830652e-103 0.00199516584762
plea 0.000190531102174 2.64596099702e-103 2.15868488237e-103 1.53980372713e-103 0.00184633454839
plead 3.43948033693e-71 2.64624747831e-103 1.76587142502e-41 0.00153980372713 1.9962122824e-103
pleasure 0.0025541747598 2.64596099702e-103 2.146361666e-103 1.53980372713e-103 1.99516584762e-103
poet 0.00253778013216 0.00266294477823 1.63664471548e-93 4.48569196838e-44 1.99589317849e-103
poor 2.98994716632e-37 1.70936815027e-47 6.30025502395e-58 0.00615342339375 7.50422425696e-06
possessed 3.61582025114e-44 2.64596099702e-103 2.14680699084e-103 5.05040050697e-41 0.00199516584762
power 2.55417476003e-103 0.00264596099702 2.146361666e-103 1.53980372713e-103 1.99516584762e-103
praise 0.00766252427946 8.04075007318e-25 2.64133336552e-47 0.00153980372709 5.3969703051e-64
prayers 0.0025541747598 2.64596099702e-103 1.59134091086e-102 1.53980372713e-103 5.77767070738e-82
pride 2.5541747598e-103 0.00264596099702 2.146361666e-103 1.53980373118e-103 1.99516584763e-103
prime 2.55456631654e-103 0.00264596099702 2.146361666e-103 1.53980372713e-103 1.99516584762e-103
princes 1.1772765879e-59 2.64596099702e-103 1.01239906833e-24 0.00105182118552 0.0026274581873
private 2.5541747598e-103 1.97182644182e-25 2.14636166605e-103 0.00153980372713 1.99516584768e-103
profitless 2.5541747598e-103 2.64596099702e-103 0.002146361666 1.53980372713e-103 1.99832232805e-103
proud 0.0025444627556 2.64596099702e-103 8.05816198119e-92 1.12613299481e-76 0.00200275227413
prove 2.68367863867e-27 0.00529192199403 2.146361666e-103 1.53980372713e-103 1.99516584762e-103
put 8.59283239376e-40 2.64596099836e-103 2.14744066793e-103 9.80140549138e-45 0.00199516584762
queen 2.55417476003e-103 0.00264596099702 2.146361666e-103 1.53980372713e-103 1.99516584762e-103
quick 2.55417476019e-103 9.67916945724e-89 1.91039250872e-98 0.00307960745426 1.09884479602e-27
quicker 2.5541747598e-103 2.64596099702e-103 2.79765392528e-75 0.00153980372713 1.66457346878e-51
quill 2.55418121532e-103 2.64596099702e-103 2.14772845769e-103 0.00153980372713 1.99516584762e-103
quite 0.00255417476003 0.00264596099677 2.14937631011e-103 1.53980372713e-103 1.99516584762e-103
rainy 2.55417476346e-103 2.64596099702e-103 2.14636166616e-103 0.00153980372713 1.99516584762e-103
ranged 4.47276489429e-64 0.00264596099702 2.146361666e-103 1.53980372713e-103 1.99516584762e-103
rare 2.58097301078e-103 0.00529192199403 2.146361666e-103 1.53980372713e-103 1.99516584762e-103
rather 2.5541747598e-103 2.64596099702e-103 1.1460747238e-72 1.53980375119e-103 0.00199516584762
razed 2.5541747598e-103 2.64596099702e-103 2.14636169031e-103 7.47372560177e-33 0.00199516584762
read 2.55498859398e-103 1.13070494634e-39 1.0173402431e-61 0.00153980372713 3.80629195673e-81
reap 0.0025541747598 2.64596099702e-103 2.146361666e-103 1.53980372713e-103 1.99516584762e-103
reason 2.5541747598e-103 2.64596099702e-103 1.83457329743e-84 3.41781951832e-88 0.00399033169525
receipt 2.5541747598e-103 2.64596099702e-103 2.14636170199e-103 0.00153980371129 2.05299857815e-11
receives 2.55417476086e-103 3.83713871694e-47 2.14636166606e-103 0.00153980372713 1.99516584768e-103
receivest 2.35766040113e-38 0.00264596099702 2.146361666e-103 1.53980372713e-103 1.99516584762e-103
reckoning 2.5541747598e-103 2.64596099702e-103 5.89031574925e-69 1.53980373551e-103 0.00199516584762
record 2.5541747598e-103 2.64596099702e-103 4.50182060611e-48 1.54108981113e-103 0.00199516584762
red 0.0025541747598 2.64596099702e-103 2.146361666e-103 1.53980372713e-103 1.99516584762e-103
redeem 1.58006988985e-28 0.00264596099702 2.146361666e-103 1.53980372713e-103 1.99516584762e-103
reign 2.55417476003e-103 0.00264596099702 2.146361666e-103 1.53980372713e-103 1.99516584762e-103
remember 0.0025541747598 2.64596099702e-103 2.146361666e-103 1.53980372713e-103 1.99516584762e-103
removed 0.0025541747598 2.64596099702e-103 1.42989446599e-95 8.85846794627e-32 3.02152232616e-85
report 2.55417476005e-103 0.00264596099702 2.146361666e-103 1.53980372713e-103 1.99516584762e-103
reserve 2.5541747598e-103 2.64596099702e-103 0.002146361666 1.53980372713e-103 1.9983223654e-103
respect 2.55417476009e-103 0.00264596099702 2.146361666e-103 1.53980372713e-103 1.99516584762e-103
resting 2.5541747598e-103 3.00600370586e-22 2.83432697317e-58 0.00153980372713 2.57380493066e-101
return 2.5541747598e-103 2.64596099702e-103 0.002146361666 1.53980372713e-103 1.99832232805e-103
review 2.55417476031e-103 0.00264596099702 2.146361666e-103 1.53980372713e-103 1.99516584762e-103
reviewest 2.5541747598e-103 1.40118227594e-93 2.15555362371e-56 0.00153980372713 1.04872609829e-24
rhyme 2.55417476032e-103 0.00264596099702 2.146361666e-103 1.53980372713e-103 1.99516584762e-103
rich 2.61223280271e-79 2.64596099702e-103 1.08979715126e-23 0.00153980372713 1.99516584762e-103
ride 2.55417476003e-103 0.00264596099702 2.146361666e-103 1.53980372713e-103 1.99516584762e-103
right 0.0025541747598 2.64596099702e-103 2.15275155266e-103 1.53980373619e-103 0.00199516584762
rightly 2.5541747598e-103 2.64596099702e-103 2.63142422154e-63 1.53980374857e-103 0.00199516584762
rocks 2.5541747598e-103 2.64596099702e-103 2.66360012225e-98 1.53980375237e-103 0.00199516584762
rolling 2.97326824286e-32 0.00264596099702 2.146361666e-103 1.53980372713e-103 1.99516584762e-103
roof 2.5541747598e-103 2.97586297939e-28 5.21648783644e-87 0.00153980372713 1.99602235432e-103
roses 0.0025541747598 2.64596099702e-103 2.14974730313e-103 1.53980372713e-103 1.99516584762e-103
ruinate 7.60336181872e-61 0.00264596099702 2.146361666e-103 1.53980372713e-103 1.99516584762e-103
sacred 2.5541747598e-103 2.64596099702e-103 1.49566346108e-53 1.53980373499e-103 0.00199516584762
sail 3.45528429013e-74 2.64596099702e-103 1.24410598422e-48 0.00153980372713 1.99516584762e-103
saint 2.55417476376e-103 2.64596117566e-103 2.14636263951e-103 0.00153978574205 2.33037586706e-08
sake 1.1444356838e-78 2.64596099702e-103 5.46420790977e-42 0.00153980372713 3.05420596309e-37
salve 2.55810073191e-103 1.04065486225e-06 3.75468404472e-46 0.00153919812326 1.99540695964e-103
salving 1.46890708498e-90 2.64596099702e-103 5.50493827031e-53 0.00153980372713 1.99516584762e-103
same 3.46534722575e-32 0.00264596099702 2.146361666e-103 1.53980372713e-103 1.99516584762e-103
sap 3.35517035501e-90 2.64596099702e-103 0.00429272333199 1.53980372713e-103 1.99674282919e-103
saucy 2.55417476022e-103 2.64596099702e-103 2.14690906188e-103 1.55589102138e-103 0.00199516584762
savour 2.55417476003e-103 0.00264596099702 2.146361666e-103 1.53980372713e-103 1.99516584762e-103
say 2.55418031835e-103 0.00529356508387 8.50043696043e-86 0.00163088899347 0.00786140275825
scaped 2.55474155934e-103 0.00264596099702 6.04002004365e-80 1.51313534607e-44 3.4346746725e-83
scope 6.80765018882e-13 0.00264596099631 2.146361666e-103 1.53980372713e-103 1.99516584762e-103
sea 2.55417476053e-103 2.64596099704e-103 2.14722710961e-103 1.53980373263e-103 0.00199516584762
sealed 2.5541747598e-103 2.64596099702e-103 2.14636166693e-103 1.53980373619e-103 0.00199516584762
seasons 2.55417476006e-103 2.64596099702e-103 8.08739273019e-80 0.00153980372713 1.18017425068e-36
second 0.00255082799425 2.64596099702e-103 0.0021491740692 1.53980372713e-103 4.29641123899e-21
see 1.34906193501e-91 0.00264401878921 0.00643702596999 3.80462051222e-96 0.00199854433819
seek 0.00510834951959 2.64596099702e-103 2.14803681971e-103 1.53980372713e-103 8.87781212976e-28
seeking 2.5541747598e-103 2.64596099702e-103 0.002146361666 1.53980372713e-103 3.71061843428e-59
seem 1.14865185529e-91 2.64596099702e-103 1.45522043847e-38 0.00307960745426 1.99516584762e-103
seen 8.44334985847e-87 0.00305289233622 4.73316898253e-65 0.00438259953016 6.46998342298e-58
seest 2.5541747598e-103 2.6459609972e-103 2.14636167452e-103 1.10556786698e-08 0.00199515152248
seeting 2.5541747598e-103 2.64596099702e-103 2.1463616779e-103 0.00153980372713 1.76517341676e-25
self 0.00253259202998 3.64779448777e-57 5.23684619362e-50 0.00856240885439 0.00488363831242
selfs 2.55417493463e-103 2.64596099702e-103 2.14853627374e-103 1.53980372713e-103 0.00199516584762
sendst 2.55417475987e-103 2.53203849011e-25 3.67769375673e-61 0.00153980372713 1.54546038839e-84
separation 2.55417476336e-103 2.30565413341e-70 2.14636166615e-103 0.00153980372713 1.99516584762e-103
set 2.08308486872e-78 0.00264596099702 2.146361666e-103 1.53980372713e-103 1.99516584762e-103
shadow 2.5541747598e-103 2.64596099702e-103 2.14636169906e-103 0.00153980372713 1.99516584762e-103
shadows 2.55489894801e-103 2.64596099702e-103 3.63511352366e-36 0.00153980372713 1.99516584762e-103
shady 2.5541747598e-103 0.00264596099702 2.146361666e-103 1.53980372713e-103 1.99516584763e-103
shaken 2.55417476003e-103 0.00264596099702 2.146361666e-103 1.53980372713e-103 1.99516584762e-103
shall 0.00765508184186 2.64596099706e-103 0.00600271155177 1.53980372713e-103 0.00240661348675
shalt 2.5541747598e-103 3.62088754128e-29 2.14636166605e-103 0.00153980372713 1.99516584769e-103
shamefully 0.0025541747598 2.64596099702e-103 2.14937631011e-103 1.53980372713e-103 1.99516584762e-103
shames 0.0025541747598 2.64596099702e-103 2.14912063942e-103 1.63929998818e-77 1.99517230975e-103
sharpst 0.0025541747598 2.64596099702e-103 2.18670589052e-103 1.53980372713e-103 3.37057210477e-53
she 9.94207779562e-25 7.12447987523e-90 0.00159295028021 0.00190192931935 0.00204037731741
sheaves 9.91742141479e-30 0.00264596099702 2.146361666e-103 1.53980372713e-103 1.99516584762e-103
shines 2.55417476003e-103 0.00264596099702 2.146361666e-103 1.53980372713e-103 1.99516584762e-103
shop 2.5541747598e-103 0.00264596099702 2.14636189463e-103 1.53980372713e-103 1.99548106867e-103
short 0.00510834951959 4.19772961643e-86 2.14850200819e-103 1.53980372713e-103 4.77170357507e-44
should 3.42748212293e-93 2.64596299609e-103 1.0663001566e-57 1.85246764225e-30 0.0139661609334
show 2.55417476004e-103 0.00264596099702 0.002146361666 1.53980372713e-103 9.75669646066e-85
sick 2.55417475981e-103 2.64596100184e-103 1.27257382161e-05 0.000866349571542 0.00285594953453
sight 2.32732410377e-11 0.00529192196992 2.146361666e-103 1.53980372713e-103 1.99516584762e-103
simple 0.0025541747598 2.64596099702e-103 1.73701347005e-102 1.53980372713e-103 1.99516584762e-103
simply 2.5541747598e-103 2.64596099702e-103 0.002146361666 1.53980372713e-103 1.99832232805e-103
since 2.5541747598e-103 0.00264622213073 1.19873987011e-40 1.54013142464e-103 0.00399013478945
sing 2.55417476004e-103 0.00529192199403 0.002146361666 1.53980372713e-103 2.78189014661e-59
sit 2.55444183214e-103 0.00264596099702 2.146361666e-103 1.53980372713e-103 1.99516584762e-103
skill 0.00252121151925 0.002680108797 2.146361666e-103 1.53980372713e-103 1.99516584762e-103
slander 2.55417987999e-103 2.64596109474e-103 2.14658803591e-103 0.00153980372713 2.51380298535e-76
slept 2.55420203314e-103 2.64596099797e-103 1.26895626701e-100 0.00153980372713 2.45445124774e-16
smell 1.21726194855e-101 0.00264596099702 2.14636167368e-103 3.75417838352e-27 0.00199516584762
so 0.0114113498683 7.1980220351e-42 0.0190475601999 0.00349662666229 0.0167336576408
soil 5.83954600558e-41 2.64596099702e-103 0.002146361666 1.53980372713e-103 1.99516584762e-103
sole 0.0025541747598 2.64596099702e-103 3.63929756151e-103 1.53980372713e-103 1.99516584762e-103
solemn 7.34712139373e-25 1.93939790431e-95 1.47312405891e-73 1.217726389e-27 0.00199516584762
some 5.78278182938e-63 1.61112238929e-59 0.00015648848498 0.00912655724166 2.46130197313e-53
sometime 0.00255058740738 2.64596099702e-103 0.0021493762427 1.53980372713e-103 1.99834413755e-103
son 2.55417476031e-103 0.00264596099702 2.146361666e-103 1.53980372713e-103 1.99516584762e-103
soon 3.00725730484e-73 2.64803467786e-103 1.07619160762e-56 0.00153980372713 6.58475378056e-51
sooner 2.5541747598e-103 2.64596099709e-103 2.14636167795e-103 0.00153980372713 4.42691747917e-38
sorrow 2.55417476003e-103 0.00264596099702 2.146361666e-103 1.53980372713e-103 1.99516584762e-103
sorry 2.5541747598e-103 2.64596099702e-103 2.14636166811e-103 8.70822243429e-96 0.00199516584762
soul 2.5541747598e-103 2.6459610117e-103 2.14673593151e-103 2.56940491402e-75 0.00199516584762
sounds 2.55417476003e-103 0.00264596099702 2.146361666e-103 1.53980372713e-103 1.99516584762e-103
sour 2.55417476003e-103 0.00264596099702 2.146361666e-103 1.53980372713e-103 1.99516584762e-103
spacious 5.30219652448e-78 0.00264596099702 2.146361666e-103 1.53980372713e-103 1.99516584762e-103
speak 8.83485092239e-45 0.00264596099702 2.146361666e-103 1.53980372713e-103 1.99516584762e-103
speaking 0.0025541747598 2.64596099702e-103 2.21411054549e-103 1.53980372713e-103 1.99516584762e-103
spend 4.09223807252e-40 0.00264596099702 2.146361666e-103 1.53980372713e-103 1.99516584762e-103
spheres 2.5541747598e-103 0.00264596099702 2.146361666e-103 3.599753872e-59 1.99516584763e-103
spies 2.55417476031e-103 0.00264596099702 2.146361666e-103 1.53980372713e-103 1.99516584762e-103
spirit 3.84699766713e-67 1.40252101401e-48 1.20204696072e-05 0.00461078767484 2.34661538337e-71
spirits 2.55428787034e-103 2.64596099702e-103 3.08342994147e-83 0.00153980372713 8.09214501837e-57
spread 5.04641199217e-102 0.00264596099702 2.146361666e-103 1.53980372713e-103 1.99516584762e-103
spring 5.46558455849e-13 0.00264596099645 2.146361666e-103 1.53980372713e-103 1.99516584762e-103
springs 2.5541747598e-103 3.50136392883e-27 3.99652853372e-85 0.00153980372713 1.99602235432e-103
spur 2.55417475981e-103 2.64596099702e-103 0.002146361666 7.46616023068e-67 1.62179138615e-43
stand 0.0025541747598 2.64619817965e-103 2.38697110831e-51 3.67735916586e-87 0.00199516584762
star 7.19765656259e-71 2.64723249435e-103 5.65118457553e-47 0.00307960745426 1.70392690995e-57
state 2.5541747598e-103 2.64702231175e-103 1.36714679352e-85 0.00153980372713 3.01377850328e-41
statues 2.5541747598e-103 0.00264596099702 2.146361666e-103 1.53980373209e-103 1.99516584776e-103
stealth 0.0025541747598 2.64596099702e-103 2.146361666e-103 1.53980372713e-103 1.99516584762e-103
steep 2.5541747598e-103 2.64596099702e-103 2.14636170063e-103 5.43221094296e-05 0.00192477920315
steepy 8.97228929228e-101 2.64596099702e-103 5.77614877576e-61 1.53980372713e-103 0.00199516584762
still 0.0053856471073 0.00235910518584 1.57031666635e-34 0.00153956706238 3.49883586253e-40
stones 2.5541747598e-103 2.64600736575e-103 5.04939135338e-83 1.53980373805e-103 0.00199516584762
story 0.00510834951959 2.64596110179e-103 2.14803054976e-103 1.02310464692e-69 2.19155248631e-71
stout 4.63310289375e-61 0.00264596099702 2.146361666e-103 1.53980372713e-103 1.99516584762e-103
straight 2.09343290837e-37 0.00264596099702 0.00212631978643 1.53980372713e-103 0.00201379592021
strangely 0.0025541747598 2.64596099702e-103 1.00640459141e-101 1.53980372713e-103 1.99516584762e-103
strength 4.19821901175e-94 2.6459992618e-103 4.68282652138e-67 0.00307960745426 1.99520230515e-103
strive 3.25643413869e-29 0.00264596099702 2.146361666e-103 1.53980372713e-103 1.99516584762e-103
such 0.00255517931519 2.64596099702e-103 2.14636386742e-103 0.00461880557553 2.57472546084e-12
suffer 2.55418172223e-103 3.78655828594e-25 4.4814746141e-58 0.00153980372713 7.28947911716e-94
sufferance 2.5541747598e-103 2.64596099702e-103 2.1463616752e-103 4.35479112722e-62 0.00199516584762
summer 0.0025541747598 2.64596099702e-103 2.146361666e-103 1.53980372713e-103 1.99516584762e-103
summers 0.00509294235051 0.00529192199433 8.00207697635e-80 3.04534638514e-19 0.00200720099004
sun 0.0025541747598 2.64596099702e-103 2.14636166601e-103 1.53980372849e-103 1.99516584762e-103
sunken 2.55417477907e-103 0.00264596099702 2.14636171529e-103 1.53980372713e-103 2.17986894235e-78
surety 2.55417483726e-103 2.64596099702e-103 2.14798404357e-103 9.0236195061e-28 0.00199516584762
swallowed 0.0025541747598 2.64596099702e-103 2.14958188103e-103 1.53980372713e-103 5.19289673285e-33
sweet 0.00503495256006 2.64632933585e-103 0.00206620962078 7.62559703712e-07 0.00811151446532
sweetest 2.5541747598e-103 2.64596099702e-103 2.14636169996e-103 0.00153853105618 1.6490345964e-06
sweetly 2.55417476312e-103 4.4745061793e-53 2.14636166935e-103 0.00153980372713 7.251950767e-52
sweetness 2.55417476003e-103 0.00264596099702 2.146361666e-103 1.53980372713e-103 1.99516584762e-103
sweets 0.0025541747598 2.64596099702e-103 2.146361666e-103 1.53980372713e-103 1.99516584762e-103
sword 2.54560049119e-70 2.64596099702e-103 8.14439038094e-49 0.00153980372713 1.97551203565e-98
take 2.55417476195e-103 0.00264596099702 2.14636166609e-103 1.53240878582e-17 1.99516584763e-103
taken 2.55417476003e-103 0.00529192199403 2.146361666e-103 1.53980372713e-103 1.99516584762e-103
tame 2.5541747598e-103 2.66279188559e-103 1.56243324683e-70 0.00153980372713 1.44976316849e-50
tan 2.5541747598e-103 2.64596099702e-103 0.002146361666 1.53980372713e-103 1.99832232806e-103
taste 2.5541747598e-103 2.64596099702e-103 6.22391403776e-89 2.87441624511e-92 0.00199516584762
taught 5.3756231717e-87 2.64596099702e-103 2.24446343258e-35 0.00206695687266 0.00131211908401
teach 2.55417475981e-103 6.16742923941e-15 2.14636166606e-103 0.00153980372713 1.99546966711e-103
tear 2.55417476031e-103 0.00264596099702 2.146361666e-103 1.53980372713e-103 1.99516584762e-103
tell 7.63475676641e-45 0.0105838436492 0.00429272360684 1.37211088324e-42 6.02214563286e-95
tells 2.5541747598e-103 2.64596099703e-103 2.14636167496e-103 4.19966596384e-37 0.00199516584762
testy 2.5541747598e-103 2.64596099702e-103 8.40148894803e-39 1.53980373238e-103 0.00199516584762
than 2.0521425113e-77 2.64596099702e-103 1.67458015424e-52 0.00153980372713 9.39104044255e-71
thanks 4.25093019645e-66 2.64596099702e-103 2.20097822662e-33 0.00153980372713 4.09540402456e-25
that 0.0046156126899 1.54783812699e-94 0.064658429559 0.0100594577386 0.0110438408663
thats 2.5541747598e-103 2.64596099702e-103 0.002146361666 1.53980372713e-103 3.72704093385e-87
the 0.037220709687 4.33193909045e-17 0.0299467140037 0.0584506396997 0.0189847751612
thee 0.00521048964452 0.0228776323799 5.6716513636e-34 0.00510254538868 2.45771790977e-15
their 0.00762578047306 2.64603802734e-103 3.13760805882e-103 3.84839883308e-11 0.0100045312131
theirs 6.3709955119e-78 2.64596099702e-103 0.002146361666 1.53980372713e-103 1.99516584762e-103
them 2.5541747598e-103 2.64596504758e-103 7.66056550894e-91 1.30699975203e-24 0.00598549754287
themselves 0.00255417475987 4.95283289943e-27 2.43668299684e-40 0.00153980372709 2.62602848509e-81
then 0.00285982598593 2.64597647059e-103 0.0238752197887 1.68778221576e-35 0.00350501846266
thence 2.5541747598e-103 2.64596099702e-103 0.002146361666 1.53980372713e-103 1.99832232805e-103
there 9.99467375591e-83 2.64598428358e-103 0.00432228166057 2.86563651075e-12 0.00396285553566
therefore 2.55417475996e-103 0.00264596100882 0.00458796172529 1.96465779446e-78 0.00571105657253
these 2.5541747598e-103 2.64596099702e-103 9.16376868015e-81 2.15884418136e-84 0.00598549754287
they 2.55417476529e-103 2.64596099702e-103 0.00435013242549 0.00303842206713 3.37398469709e-31
thine 0.0152619973822 2.20983863474e-38 0.00254623236802 0.00129094663824 1.18771913604e-11
thing 0.00259945165451 2.64596099702e-103 0.00210831392052 3.99670512499e-54 3.09152796889e-39
things 0.00735481880742 2.64596099702e-103 1.80062353071e-64 4.28361081338e-76 0.00223552663204
think 2.5541747598e-103 2.64596099702e-103 0.00210281043073 1.54222396256e-103 0.00203564921005
thinking 2.5541747598e-103 2.64643283675e-103 2.41820369686e-49 0.00153980372713 2.19222012113e-47
thinks 2.55484222643e-103 8.57562088636e-29 2.38878374566e-47 0.00153980372713 1.82182565237e-85
thinly 2.55417476346e-103 1.54754360275e-58 2.14636166617e-103 0.00153980372713 1.99516584821e-103
this 0.0102480028126 5.22585790937e-14 1.7067727825e-33 0.0137025664383 0.00217241537639
thorns 3.72751384637e-89 2.64606720736e-103 2.12924105336e-60 0.00153980372713 1.99526704227e-103
those 2.55417476076e-103 5.3993428624e-09 2.14636167615e-103 0.00461940803927 1.12358355552e-32
thou 0.00762410389522 5.50446672168e-55 0.016833799465 8.99916307608e-09 0.0462321625131
though 2.5541747598e-103 2.64596099702e-103 9.86494502575e-53 0.000569340916642 0.00524778692916
thought 2.55417475981e-103 2.64596099702e-103 1.31178700088e-14 0.00153980372712 3.69585398751e-23
thoughts 2.5548885256e-103 4.6182490958e-57 1.31199438941e-61 0.00461941118139 2.76103288603e-47
thralled 0.0025541747598 2.64596099702e-103 2.14883980088e-103 1.53980372713e-103 1.9164038345e-96
three 2.5541747598e-103 2.64596100043e-103 0.00429272338621 0.00153979904523 6.0160719619e-09
throned 0.0025541747598 2.64596099702e-103 2.14636265417e-103 1.53980372713e-103 1.99518253702e-103
through 2.55463241299e-103 2.64596115582e-103 8.45322079187e-93 6.3462071637e-77 0.00399033169525
thus 2.55417475991e-103 2.64596099702e-103 0.00218052220173 0.00305510062437 2.48404620274e-35
thy 0.0227199770636 9.1626626063e-15 0.00221145533946 0.0178515848822 0.00295488996788
tibey 2.5541747598e-103 2.64596099702e-103 0.002146361666 1.53980372713e-103 1.99832232805e-103
till 2.5541747598e-103 2.64596099702e-103 0.002146361666 1.53980372713e-103 2.00319151901e-103
time 0.00504673599217 0.00530801533644 5.37088027277e-37 0.00575318426456 0.00255726455004
times 4.05740057361e-73 2.64596099702e-103 0.002146361666 1.53980372713e-103 1.2653868948e-62
tired 3.33372892799e-19 2.64596099702e-103 1.82108849456e-77 0.00153980372713 7.71493950022e-38
tis 2.5541747598e-103 2.64596099702e-103 0.002146361666 1.53980372713e-103 1.14211430139e-61
to 0.0376376869012 4.22222820798e-42 0.0484704021124 0.0231102862153 0.00333804603978
today 2.5541747598e-103 1.56917774814e-41 2.41041962607e-29 0.00307960745426 9.44006621275e-42
toil 1.97319812484e-96 1.48205088609e-62 1.18176115394e-35 0.00153980372713 2.09165813527e-102
tomb 5.57655658827e-30 0.00264596099702 2.146361666e-103 1.53980372713e-103 1.99516584762e-103
tomorrow 2.55417476346e-103 2.64596099702e-103 0.00214636166616 0.00153980372702 1.99832232828e-103
tongue 2.55417476003e-103 0.00264598240924 1.7653759792e-89 1.46336238251e-90 0.00199514970191
tongues 2.55417476086e-103 0.00264596099702 2.14636166605e-103 2.28336336362e-17 1.99516584765e-103
too 2.55417476119e-103 0.00264598950641 2.14636166693e-103 4.03520186424e-90 0.00199514435034
took 2.5541747598e-103 2.64596099702e-103 2.14636169906e-103 0.00153980372713 1.99516584762e-103
top 0.0025541747598 2.64596099709e-103 2.91055784523e-101 2.94882009634e-59 6.55188621154e-44
travelled 2.5541747598e-103 2.64596461517e-103 1.04262992867e-73 1.53980373482e-103 0.00199516584762
treasure 0.0025541747598 2.64599333626e-103 2.86813747418e-74 2.83431802186e-53 5.73979149865e-37
trees 2.5541747598e-103 2.64596099702e-103 8.09963097148e-59 0.00153980372713 1.42414489049e-48
tresses 0.0025541747598 2.64596099702e-103 1.48059422895e-94 2.40884971317e-54 1.99516584762e-103
trifles 2.55417476617e-103 0.00264596099702 2.1463616823e-103 1.53980372713e-103 1.7966839587e-98
true 2.5541747598e-103 2.64596099702e-103 4.31833474483e-37 0.000741273805335 0.00302984293029
truly 0.00247615262348 2.64596142075e-103 4.92394227594e-103 1.53980373583e-103 0.00205611199124
trust 0.0025541747598 2.64596099702e-103 2.1488392279e-103 1.53980372713e-103 1.97914947788e-71
truth 1.29966406935e-47 0.00529192199403 2.14636167484e-103 1.53980372713e-103 1.99518620716e-103
tune 0.0025541747598 2.64596099702e-103 2.146361666e-103 1.53980372713e-103 1.99516584762e-103
tuned 0.0025541747598 2.64596099702e-103 2.14825954469e-103 1.53980372713e-103 1.99516584762e-103
turned 2.55417476003e-103 0.00264596099702 2.146361666e-103 1.53980372713e-103 1.99516584762e-103
twilight 0.0025541747598 2.64596099702e-103 2.45344917753e-98 1.20776360451e-51 2.67190436369e-57
two 0.00476279731379 2.64596099702e-103 2.14752914853e-103 0.00174812250891 1.7673735648e-17
tyrant 2.55417475981e-103 2.64596099702e-103 1.1041369594e-39 1.53980373076e-103 0.00199516584762
under 2.5541747598e-103 2.64596099702e-103 0.002146361666 1.53980372713e-103 1.49520761323e-42
uneared 0.0025541747598 2.64596099702e-103 4.31396472528e-103 1.53980372713e-103 1.99516584762e-103
unkindness 0.0025541747598 2.64596099702e-103 2.14920365051e-103 1.53980372713e-103 3.00792442257e-49
unknown 0.0025541747598 2.64596099702e-103 2.14636166641e-103 1.53980372713e-103 1.99964254681e-103
unless 2.5541747598e-103 2.64596099702e-103 0.002146361666 1.53980372713e-103 4.27193019144e-91
unused 1.03500463693e-101 2.64596099711e-103 1.33905064568e-64 0.00153980372713 1.99516584762e-103
up 2.04741526035e-86 4.24459185953e-56 5.00130789968e-32 0.00461941118139 1.99516584764e-103
upon 2.55417476007e-103 0.00264596099702 2.14636166601e-103 2.3828408857e-61 1.99516584763e-103
us 2.5541747598e-103 0.00264596099702 2.146361666e-103 1.53980373264e-103 1.99516584777e-103
use 2.554179091e-103 0.0026471051601 1.20411657444e-47 1.54160472479e-103 0.00199430310055
used 2.5541747598e-103 2.64596099702e-103 6.7649732104e-63 1.53980373486e-103 0.00199516584762
ushers 2.55422388505e-103 2.64609973345e-103 2.14961490574e-103 2.93851534086e-67 0.00199516584762
usurer 2.5541747598e-103 2.64596099702e-103 4.87608029613e-91 1.53980375206e-103 0.00199516584762
usury 2.55417476003e-103 0.00264596099702 2.146361666e-103 1.53980372713e-103 1.99516584762e-103
vainly 2.5541747598e-103 2.64596099702e-103 2.14636166693e-103 1.53980373619e-103 0.00199516584762
vanished 2.55417475995e-103 2.64596367809e-103 2.14654781833e-103 1.53980373543e-103 0.00199516584762
vanishing 2.5541747598e-103 2.64596099702e-103 2.72368141301e-71 0.00153980372713 1.06132250901e-43
vaunt 2.5541747598e-103 2.64596099702e-103 0.002146361666 1.53980372713e-103 4.32441790551e-86
verse 2.5541747598e-103 2.64596099766e-103 2.14636167818e-103 0.00153980372713 7.37660868953e-37
vice 2.5541747598e-103 2.6459683719e-103 3.9715806015e-28 0.00153980372713 1.10431176502e-24
virtuous 0.00255339892678 2.64596099702e-103 1.12516782099e-99 1.53980372716e-103 0.00199577188115
visage 0.0025541747598 2.64596099702e-103 2.38123241489e-103 1.53980372713e-103 5.81496858769e-96
votary 2.5541747598e-103 2.64596099702e-103 2.1463616779e-103 0.00153980372713 2.21648258897e-28
vows 1.68650141684e-70 2.64596099702e-103 0.002146361666 1.53980372713e-103 3.01262086165e-45
wandring 1.73191999793e-92 2.64596099702e-103 4.1997370788e-50 1.53980372713e-103 0.00199516584762
wanting 1.06386922668e-49 0.00264596099702 2.146361666e-103 1.53980372713e-103 1.99516584762e-103
wanton 2.5541747598e-103 2.05885631064e-23 2.14636166605e-103 0.00153980372713 1.99516584771e-103
wantonly 0.0025541747598 2.63624641066e-66 2.146361666e-103 1.53980372713e-103 1.99516584762e-103
war 2.5541747598e-103 4.04485901405e-25 3.98088274664e-73 0.00153980372713 1.99718409059e-103
warrantise 1.09917797944e-52 3.51914117376e-24 2.02014058823e-77 8.81133545075e-94 0.00199516584762
wars 2.5541747598e-103 2.64596099702e-103 2.14636166902e-103 1.21468051644e-71 0.00199516584762
was 2.55417476128e-103 0.00574221865123 0.00429272341675 0.00281755951299 2.58062934383e-36
wasteful 2.5541747598e-103 2.64596099702e-103 2.14636166693e-103 1.53980373622e-103 0.00199516584762
watery 0.0025541747598 2.64596099702e-103 2.14948957846e-103 1.53980372713e-103 2.48775965332e-60
we 0.00510834951959 2.64596099702e-103 8.09769096449e-82 1.53980372713e-103 2.56137582852e-31
weakness 0.0025541747598 2.64596099702e-103 2.43702886612e-99 1.31390777137e-41 1.99516584762e-103
wealth 2.55417475981e-103 2.64596099702e-103 2.13030966418e-58 1.53980373709e-103 0.00199516584762
weep 2.55417476259e-103 0.00264596099702 2.14636166693e-103 1.53980373619e-103 0.00199516584762
welfare 2.5541747598e-103 2.64596099702e-103 2.14636169864e-103 0.00153977286601 3.99875959056e-08
well 4.14863400085e-73 0.0066206946374 1.55773432615e-29 0.00384613860818 6.84994624209e-32
were 1.21128271972e-62 0.00265426778376 1.02439447576e-14 0.00307477336139 1.9027605098e-23
what 4.59724971406e-80 2.83968171496e-67 0.00946404778652 4.44195059554e-55 0.00317362173386
when 4.19462796728e-95 1.23259462058e-30 0.0279615174348 0.00149760915381 3.7558048638e-11
whence 2.5541747598e-103 2.64596099702e-103 0.002146361666 1.53980372713e-103 7.2979270368e-68
where 0.00255399937804 8.35712860072e-24 3.73694247081e-38 0.00154070543451 0.00398930032587
wherein 2.5541747598e-103 0.00264596099702 2.146361666e-103 1.53980372713e-103 1.99516584763e-103
whereon 4.73207785423e-74 2.64596099702e-103 0.002146361666 5.08838360645e-38 1.99516584762e-103
whether 2.5541747598e-103 2.64596099702e-103 5.58320732987e-56 1.54123295926e-103 0.00199516584762
which 0.00256986028977 2.64600128646e-103 0.0182396073409 0.00480680938105 0.000746665529025
whilst 2.12946694284e-94 2.64596099702e-103 0.00643908499799 1.53980381691e-103 2.42394613031e-102
white 0.0025541747598 8.18802185381e-94 2.146361666e-103 1.53980372713e-103 1.99516584762e-103
who 0.00255355564815 2.64601934891e-103 0.00228317180037 1.54070918255e-103 0.00186847662043
whom 1.05575618374e-26 2.64596099702e-103 2.14744463444e-103 3.52636368775e-35 0.00199516584762
whos 2.5541747598e-103 2.64596099702e-103 1.75922163133e-41 1.54068143792e-103 0.00199516584762
whose 2.55417476164e-103 1.04242298453e-80 8.30045985699e-52 0.00615921490853 2.90798528945e-42
why 2.38670022915e-66 2.64596099702e-103 0.0185826558933 1.54221536706e-103 0.00267801769901
wide 2.55419080016e-103 0.00264596099702 1.26171282606e-49 0.00307960745426 9.2158753238e-26
widow 0.00510834951959 2.64596099896e-103 1.98670261874e-100 8.61169975358e-32 1.81543252515e-77
will 2.4615032695e-47 0.00264652458412 0.00371616362625 0.00914880704614 0.00464248723797
wilt 7.11385539879e-91 2.64609689967e-103 0.00464470958892 0.0012872881521 4.65961808191e-25
win 2.5541747598e-103 2.64596099702e-103 8.41478389835e-39 1.54004669519e-103 0.00399033169525
wind 1.44446386065e-35 0.00264596099702 2.146361666e-103 1.53980372713e-103 1.99516584762e-103
winds 0.0025541747598 1.01908338209e-17 2.146361666e-103 1.53980372713e-103 1.99516584762e-103
windy 2.5541747598e-103 2.64596099702e-103 2.1463616779e-103 0.00153980372713 5.93995165705e-27
wing 2.55417476003e-103 0.00264596099702 2.146361666e-103 1.53980372713e-103 1.99516584762e-103
wisdom 2.5541747598e-103 2.64596101263e-103 3.28689001555e-80 0.00153980372713 4.02632481534e-27
wish 2.5541747598e-103 0.00263901497768 1.62229779337e-46 4.04220110456e-06 2.05672171803e-89
wishing 2.5541747598e-103 2.64596099702e-103 0.002146361666 1.53980372713e-103 1.42085552394e-99
wit 2.09286111672e-47 0.00527330436357 1.90895747519e-06 1.00393208124e-47 0.00200742983873
with 1.5261330302e-70 0.00659821922817 0.0141046780662 0.0152977487771 2.80492710938e-45
within 2.5541747598e-103 7.591543247e-41 1.449442392e-67 0.00307960745426 2.98154731232e-60
without 2.55417476254e-103 1.21903627344e-57 2.14636166613e-103 0.00153980372713 1.99516584764e-103
woe 1.44815657042e-53 0.00529192199403 2.146361666e-103 1.53980372713e-103 1.99516584762e-103
woman 2.5541747598e-103 2.64596099702e-103 2.14636166693e-103 1.53170217486e-102 0.00199516584762
womans 2.55417476166e-103 2.64596099702e-103 2.14856395692e-103 1.53980372713e-103 0.00199516584762
womb 2.55417476003e-103 0.00264596099702 2.146361666e-103 1.53980372713e-103 1.99516584762e-103
won 6.21669860075e-52 0.00264596099702 2.146361666e-103 1.53980372713e-103 1.99516584762e-103
woos 2.5541747598e-103 2.64596099702e-103 8.17231017645e-56 0.00153980372713 4.33154224905e-57
word 2.5541747598e-103 2.64596099727e-103 2.14636167791e-103 0.00153980372713 3.78730045783e-28
words 3.68659215267e-36 0.00264596099702 2.146361666e-103 1.53980372713e-103 1.99516584762e-103
works 1.45020803067e-96 2.64596099702e-103 1.95887937606e-11 0.00153980371307 5.12281467908e-15
world 3.54025785783e-27 2.64616069177e-103 2.67745076403e-53 0.00572704760563 0.00255513685432
worms 2.5541747598e-103 0.00264596099702 2.14636166762e-103 7.32614862623e-19 3.25324420775e-78
worst 0.0025541747598 2.64596099702e-103 7.96340853742e-101 2.58355499694e-59 5.15635578076e-59
worth 0.00255398516348 2.64596099702e-103 2.14670494395e-103 0.00133354122894 0.0022625739149
would 0.00255485639645 2.64596099702e-103 0.00599044230354 0.00170304529091 0.00220015585843
wound 2.55417475981e-103 2.64596099702e-103 6.75055598284e-75 0.00153980372713 2.81557276897e-22
wretch 2.5541747598e-103 2.64596099702e-103 2.14636170065e-103 1.91592329327e-06 0.00199268333336
wretched 2.5541747598e-103 2.64596099702e-103 2.14636166696e-103 1.54355559232e-103 0.00199516584762
wrinkles 2.5541747598e-103 2.64597371413e-103 1.17414352591e-73 8.57472855316e-78 0.00199516584762
write 2.77745722289e-55 0.00832354847996 2.04345492075e-54 0.00421369432837 0.00223005628736
writes 6.78622039308e-51 2.64598205687e-103 1.07992773385e-55 8.08118504188e-34 0.00199516584762
wrongfully 0.0025541747598 2.64596099702e-103 2.14966743396e-103 1.53980372713e-103 1.99516584762e-103
wrongs 0.0025541747598 3.40040184426e-101 2.146361666e-103 1.53980372713e-103 1.99516584762e-103
ye 2.55417476004e-103 0.00264596099702 2.146361666e-103 1.53980372713e-103 1.99516584762e-103
yellow 2.55417476063e-103 0.00264596099702 2.14636166604e-103 2.98156484623e-51 1.99516584784e-103
yet 2.56043142482e-103 2.64794458234e-103 0.0101456309562 1.30577571352e-65 0.00653038291577
yield 6.62108749444e-65 2.64596099702e-103 0.00174507022926 0.00182769092701 2.69490270982e-72
you 0.00764333821889 2.64615708965e-103 0.00513516984588 0.00268638678404 0.00572688912771
young 6.38784045564e-58 0.00264596099702 2.146361666e-103 1.53980372713e-103 1.99516584762e-103
your 0.0102404673087 2.64783735817e-103 0.0128581966945 1.27853054294e-70 5.58928556735e-47
youth 2.55417476004e-103 0.00264596099702 2.146361666e-103 1.53980372713e-103 1.99516584762e-103
youthful 2.5541747598e-103 2.64596099702e-103 2.55623367002e-74 0.00153980372713 7.11763723423e-50
