2.322902878886254470e-58 1.361799678450454735e-49 8.811452847417343454e-36 9.852970818398651756e-03 1.232097568487813719e-21 2.723664560644437765e-03 1.099733113792924786e-33 3.983942970996550196e-26 9.517395671872280749e-01 3.568379743372885465e-02 3.265786078288796967e-103 1.037452241961585225e-24
1.473950604025426117e-02 2.563441675228278657e-48 5.283889773827794040e-103 2.995821498523005708e-33 6.303574748882587730e-01 2.920359343152460367e-62 1.538372235188296264e-70 2.407664577509660020e-100 1.757017614563550089e-97 3.549030190714868582e-01 5.263398732766894219e-103 5.263398732766894219e-103
7.062046805521415195e-15 8.828446212601832427e-68 2.051091778995039269e-27 2.168220071609612450e-48 2.945030386698571101e-93 1.491349297955723435e-02 4.360225445530112141e-72 1.792436989942088744e-25 8.768424699276029934e-06 1.463894194863344682e-15 3.296256505908053177e-103 9.850777385957349974e-01
8.008049517252981975e-01 1.448113502735944379e-49 1.957807750547937986e-01 2.997710408519678009e-21 4.909939487457802905e-25 1.664757336593221197e-20 2.729009920039085977e-52 5.180838817562391407e-26 2.555739934302850594e-32 1.949870550339981955e-58 3.533333656857600113e-103 3.414273219908089355e-03
1.170905177142664844e-01 1.254635264646622358e-71 3.854332035688493546e-50 5.035689908881059162e-01 1.678984009084359685e-01 1.633980898727583944e-20 4.974918611267793109e-42 1.621733255520762334e-26 5.419454936081287422e-02 1.572475411283787428e-01 6.235797267790383272e-103 1.446257298447191811e-92
1.608000762345444520e-52 7.043928752274058152e-103 2.541702862740075988e-30 3.955077020083701544e-01 6.851595456902346324e-42 1.957878234414921312e-04 5.846127607582124464e-01 1.968374940997584185e-02 1.259592662338841050e-47 2.435656995016215635e-32 4.142937264219848009e-103 4.292261004608801244e-103
1.453591989602940352e-50 3.549525657822250301e-27 4.434999466323202438e-33 5.408196111379320881e-01 4.368165434818355869e-02 3.108019372788284816e-22 2.646545001561678156e-01 5.502017647263158368e-02 2.916334697441349259e-12 9.582405764997874165e-02 5.211125171862895718e-103 2.321900625054245169e-10
4.420845114052067426e-02 5.333038721953264418e-103 5.669861395989936881e-01 4.407674639232016117e-28 9.137247985751636339e-97 1.218698870752657371e-65 3.723952586538042234e-92 3.666187120753335305e-01 2.020608558031250494e-40 2.101274706131236606e-58 5.299859184792502654e-103 2.218669718515222863e-02
1.654104230991529645e-01 3.344198968512142505e-103 4.697554232408142627e-01 4.103498164841919394e-74 1.764176882365503171e-02 8.836307519914008072e-58 1.522084031497460794e-62 3.471923848363777099e-01 1.150274802305486434e-48 3.345433360563183229e-103 3.331990052089185028e-103 3.390008086054078140e-103
5.008333488537014459e-52 4.270324389268886320e-103 2.915486750068993508e-71 2.037270129659925872e-71 1.618881140113747448e-75 1.000000000000000000e+00 1.413702287521574999e-62 1.369339274385916364e-76 1.605608662907943050e-78 5.727618203367842102e-49 4.237844592677645499e-103 4.244344281724159719e-103
3.311940281512986847e-103 6.249714017925631637e-01 3.294262889795116667e-103 3.396529798379025837e-103 7.809314194517197044e-95 3.391980069881991225e-103 3.625665383216482769e-79 3.295264704488465276e-103 1.820352285456872384e-101 3.750285982074368918e-01 3.289473684210526616e-103 3.289473684210526616e-103
0.000000000000000000e+00 0.000000000000000000e+00 0.000000000000000000e+00 0.000000000000000000e+00 0.000000000000000000e+00 0.000000000000000000e+00 0.000000000000000000e+00 0.000000000000000000e+00 0.000000000000000000e+00 0.000000000000000000e+00 0.000000000000000000e+00 0.000000000000000000e+00
