3.628066224782975955e-58 1.120982446299892806e-58 5.132177681261042290e-03 5.027918567737019728e-01 3.310039167983154589e-103 2.309266182986182969e-01 2.611493472464186949e-01 3.476973134647968818e-63 3.441360171764638103e-44 3.316473519964455757e-103 3.289473684210526616e-103 3.289473684210526616e-103
1.692489245660057173e-63 1.044155053270583228e-40 6.686284536596848365e-30 9.910680080909351972e-03 4.017810706540081986e-39 2.548965918076354087e-01 2.125928734834633149e-70 2.731148187441680419e-01 4.620779093672872095e-01 7.086626538941073549e-41 4.140945890029734726e-103 3.054550377587118075e-97
1.262349535782572264e-69 6.977009984489130965e-26 1.938107751140901169e-01 1.606891668743871124e-85 5.946923165132331768e-01 3.296749309430622152e-53 5.772896715787262378e-02 1.057368260035532331e-01 1.135265989331694167e-25 4.803111521125075223e-02 6.511829823296412236e-103 1.026347746017168314e-59
1.453938881223165104e-63 1.911441228080613542e-25 6.433184263650442495e-22 3.535134546743031181e-01 4.934366026567520772e-69 6.290163306784744002e-01 3.741278507288059853e-14 1.747021464718504641e-02 4.400745173855684947e-39 3.816100847147142449e-86 3.942513794498193117e-103 4.312254977315419506e-102
3.353142002613706627e-65 1.016782989733278377e-32 4.961528564170452351e-27 8.047426901620109969e-13 9.568188147563751280e-21 4.348106531066256361e-49 1.105189180867202395e-39 2.600013468616835522e-11 5.725245837042833817e-03 9.942747541361522945e-01 4.089375448733468755e-103 3.452872586238404433e-43
8.888938204797084963e-75 8.112180530133490386e-01 1.887819469866509614e-01 3.521498225138955460e-38 7.393642429857888785e-40 6.989091659050374512e-31 7.193499073973098612e-24 3.754285625006844008e-22 2.420321060170262196e-33 7.599703307223433170e-67 3.359210062543551918e-103 1.669645319214343414e-86
1.691240722689583227e-53 3.692059168921431185e-38 1.687418117542945236e-22 2.249777642413087336e-02 1.231132906265356648e-12 7.373521771397913746e-27 6.995913514311726811e-01 3.722825603042122667e-03 2.655471126232869516e-01 8.640933917135195860e-03 3.403884781954065336e-103 9.625016262735935122e-16
2.337015720344347063e-88 6.468036560221979180e-45 7.326521291267296558e-35 3.686005283486109201e-14 7.096701929401799260e-07 6.105066965178962501e-38 3.907642914144949441e-56 2.825728277188735982e-01 5.519298697821212185e-01 1.654965928287551458e-01 8.178857725776182273e-103 2.026726202561913426e-14
2.127023552139823623e-79 2.554157214084098302e-32 2.533049242394284639e-01 4.027372937351108176e-35 5.876138525310982130e-01 2.448914163041890357e-02 1.150415136128108765e-38 1.870140996022524850e-14 4.001759527562483205e-19 1.975594808263943840e-16 3.835321294904957372e-103 1.345920815990354347e-01
7.464814841712114794e-52 5.578876977477428743e-52 2.184032736691494535e-45 7.782063144190432685e-03 3.010893697311311440e-14 3.912088046720477161e-68 5.298920140891024579e-63 1.774408476547307445e-42 8.237877206913957542e-03 1.498857888307454367e-05 3.659124758567714192e-103 9.839650710699824332e-01
1.000000000000000000e+00 1.670194509865455714e-70 2.927934318788056008e-102 1.017398680820469479e-38 3.295017963753271904e-103 3.864612315896340395e-72 5.717128286993971620e-36 3.294754881358855907e-103 3.328692036837354804e-103 3.291977529008868132e-103 3.289473684210526616e-103 3.289473684210526616e-103
0.000000000000000000e+00 0.000000000000000000e+00 0.000000000000000000e+00 0.000000000000000000e+00 0.000000000000000000e+00 0.000000000000000000e+00 0.000000000000000000e+00 0.000000000000000000e+00 0.000000000000000000e+00 0.000000000000000000e+00 0.000000000000000000e+00 0.000000000000000000e+00
