6.096062635521675166e-31 6.873121986984973616e-04 1.259567953726542511e-01 4.493281746518101297e-28 1.432997523430471067e-39 2.643021646571145487e-54 6.583601625317197018e-03 1.966229601661205307e-27 8.667722908033300699e-01 8.156469927954060097e-49 4.390516325190963668e-103 4.390516325190963668e-103
3.738723577721553252e-50 1.328022372529470017e-29 7.287333558834474975e-12 7.544734167662024298e-20 6.955155402860284773e-24 9.515207239439196774e-02 2.026113099510737345e-42 2.852635051399740334e-64 3.223227284558749684e-32 9.048479275983206671e-01 3.522125636524166027e-103 1.000416608181051832e-37
7.300085262114200676e-39 2.574476924673492416e-23 7.412270524576037857e-14 2.997654003593906034e-13 3.701735362250453965e-01 7.505833169971451607e-26 3.411563209859239110e-01 1.246824401550861577e-01 1.463344250633125912e-16 1.639877026335705146e-01 3.880410835945541815e-103 1.443992852514775007e-34
5.121171330135653758e-35 5.978692782190412475e-02 5.717264027307777940e-01 8.984254864900501626e-17 2.072239448020914143e-01 6.881037660061430747e-33 3.695849861096015573e-14 3.692867783507363146e-16 1.612627246451892316e-01 2.210381188947503556e-28 3.446018265480660463e-103 8.890165466306724507e-48
4.048446528069365604e-48 9.865009027943083542e-01 1.373481213448146520e-14 1.103301245648931849e-18 8.544802749354826419e-11 1.956379894938847732e-17 5.323253955018560072e-16 1.349909712017125993e-02 2.357179846822434853e-23 5.798462914861589368e-14 4.360736545483690443e-103 1.124520361112438458e-26
3.759107636191194744e-36 3.430878629598440588e-01 1.526974463952327885e-34 1.418630263605612709e-16 2.062277390835035584e-01 5.946353397193767053e-28 7.057639609330719488e-02 1.178314282565076562e-38 2.082537258832356587e-22 6.861577855652480483e-24 8.536671626288729037e-103 3.801080018633450353e-01
1.629961905153337983e-50 4.523325000943223032e-15 2.297695492666409212e-01 6.627469765885232840e-18 1.971239923371261860e-01 4.652412209516399637e-21 9.964893774697842641e-20 2.555160496457076308e-24 1.172184132834176385e-22 5.731064583962284242e-01 6.042726070484052760e-103 9.218060080960503198e-35
7.059705272193732232e-38 4.413694880571472318e-38 5.563080094524856627e-19 9.883260451637734256e-01 1.167395483622663682e-02 1.484511030833482921e-42 4.343691231943791614e-30 2.346558931973093305e-40 1.224341449897796756e-31 9.387226545042603180e-43 7.858524429143165797e-103 5.345667412723238721e-89
8.756317556473904510e-21 2.733909696790469994e-12 1.027075889485509208e-01 6.732769173335293456e-01 6.356751320629315527e-02 1.708407852403967871e-27 9.580307104706006771e-02 6.464414365173173915e-02 7.645205335262238712e-07 1.289567393762003239e-09 4.094731936334267889e-103 1.679640656860125305e-90
2.175190932890388083e-37 4.279583691260287955e-11 5.158392974010205868e-28 1.730575575780089375e-21 4.988597477812770304e-21 2.287426805352499037e-01 1.127063024221327536e-01 8.328597143392187984e-28 4.421886424936003600e-29 8.354903546516280316e-10 2.538027907519363583e-103 6.585510161643312044e-01
7.492225152055329573e-01 9.524240467544628890e-60 4.185504374144561819e-64 8.580793173497634820e-27 3.290001006856841487e-103 2.355058216295495408e-50 9.474892810811204642e-35 2.507774847944671537e-01 2.396027531594333518e-41 1.055927342101145858e-94 3.289473684210526616e-103 3.289473684210526616e-103
0.000000000000000000e+00 0.000000000000000000e+00 0.000000000000000000e+00 0.000000000000000000e+00 0.000000000000000000e+00 0.000000000000000000e+00 0.000000000000000000e+00 0.000000000000000000e+00 0.000000000000000000e+00 0.000000000000000000e+00 0.000000000000000000e+00 0.000000000000000000e+00
