5.969949353863908403e-02 4.637828417155767373e-10 8.418628094798516497e-40 1.806773789130116899e-04 6.831460053788050990e-01 1.184318745112018960e-05 1.081148823690265544e-12 2.528267525941830311e-28 3.856980217102686698e-96 2.569619577560386392e-01 6.200720340182386199e-103 2.229528913037338385e-08
3.658014913195214990e-02 1.366393610484510128e-15 1.458544753472339534e-40 6.809005787720634257e-24 4.488879202486960596e-01 1.680459800539355123e-21 4.007177572320184678e-01 1.694612892295790648e-30 2.715735695817207609e-52 1.098292035937308841e-01 2.380244575945687988e-103 3.984969793601041317e-03
2.742932921878377016e-30 5.011515023219332843e-01 3.535184687525719596e-52 4.988484838094345286e-01 7.633277488501325656e-31 1.386862442723781120e-08 7.775099712380231308e-15 1.946298129486471639e-33 3.824117075252364120e-99 6.739299499304707217e-76 6.324015252306423598e-103 6.324015252307606318e-103
3.751350726566780427e-13 6.776854911328121789e-01 4.067841009917082364e-24 5.766961725896250731e-14 9.692285315122606206e-05 9.443797145940800719e-02 3.846903671025254472e-17 2.277796137897027395e-01 1.020656426529956474e-39 7.644929650248572819e-10 3.794413071786296567e-103 1.371794051245583541e-22
4.101103359785921998e-01 4.950504224742704323e-02 1.329230752668681455e-52 1.807368100582751148e-29 7.898981161180583852e-23 5.856155000289825927e-22 1.079160965089919422e-32 6.061997177752083790e-23 3.208992130521603115e-49 5.403846217735196467e-01 3.221119031067646339e-103 4.613183071573812144e-13
2.827795296945217910e-10 5.450114862731081367e-01 3.236242205800454209e-13 2.613436129382479428e-13 5.061390404317849673e-02 1.796091972334329379e-01 3.080049922548199273e-02 1.706918498961034242e-30 2.426780386039193164e-82 1.877472551928245914e-01 4.339124175631760528e-103 6.217657748609287972e-03
2.846713777839311541e-13 7.804591259651475535e-08 1.172023406077524444e-28 1.495542779547182139e-16 7.594833413539774974e-19 8.942899484793842557e-01 1.489044641338563638e-02 6.324943720171266603e-02 1.088996036976768909e-71 3.006251025336520726e-11 5.447085671797477202e-103 2.757008982925759563e-02
2.285662291460143977e-02 7.805648735620920875e-02 1.092759859591216336e-29 6.764480627757804010e-01 4.475358538017813601e-20 1.542826313416002346e-15 8.677967995377968229e-19 2.226388269534074482e-01 2.645471671102147513e-27 1.367686618903072781e-17 3.663711826180539625e-103 8.015008928590631240e-30
4.984606411082649375e-22 1.585795598561154132e-32 1.650051370956985273e-37 2.429895627744318847e-25 4.508541998030423319e-31 1.287373974861780834e-25 3.657922624250413424e-02 9.634207737574957964e-01 1.728201499079270220e-24 2.473247017870611092e-69 6.855296355044007039e-103 6.855296355044007039e-103
9.100903335144823816e-03 3.093508159151951432e-19 1.098516695065089335e-45 2.067257741390877591e-40 3.828331548835388537e-11 5.690962367330674604e-20 2.177398908806214947e-04 9.163197072182109848e-29 3.350639466837333676e-103 5.668247713398853620e-08 3.348803251365847094e-103 9.906813000532141977e-01
3.817724519758077649e-66 9.290061516149856036e-34 5.201558745465192368e-01 3.569377460705724375e-41 9.183073036139950166e-54 4.713486700178026502e-41 4.271098328035394440e-59 4.136478353240319855e-31 4.798441254534807077e-01 3.289541974367701369e-103 3.289473684210526616e-103 3.289473684210526616e-103
0.000000000000000000e+00 0.000000000000000000e+00 0.000000000000000000e+00 0.000000000000000000e+00 0.000000000000000000e+00 0.000000000000000000e+00 0.000000000000000000e+00 0.000000000000000000e+00 0.000000000000000000e+00 0.000000000000000000e+00 0.000000000000000000e+00 0.000000000000000000e+00
