 0 1 2 3 4
abide 2.55236950692e-103 1.51656311951e-103 2.61141605906e-103 0.00209376356843 1.20876875332e-81
able 2.55236950692e-103 1.51656311951e-103 3.38485757213e-58 0.00209376356843 2.10846503034e-103
absence 2.55236950692e-103 1.51656311951e-103 2.63343312054e-103 0.00209376356843 2.10846503034e-103
abundance 2.55236950692e-103 1.51656311951e-103 0.00261141605906 2.12157984726e-103 2.10846503034e-103
abuse 2.55246400696e-103 1.51656311951e-103 1.66421589241e-101 0.00418752713686 1.85545329316e-97
accents 6.25911270251e-73 1.36692153803e-48 0.00261141605906 2.09376356843e-103 5.02445848315e-17
accident 2.55236950692e-103 1.51656311951e-103 2.61141605906e-103 0.00209376356843 2.15424768362e-103
accidents 2.55236950692e-103 1.51656311951e-103 2.61141605906e-103 0.00209376356843 2.15424768362e-103
accuse 2.55236950692e-103 1.51656311951e-103 2.61141605906e-103 0.00209376356843 2.10846503034e-103
acquainted 2.55236950692e-103 1.51656311951e-103 2.61141605906e-103 0.00209376356843 1.83925003688e-71
added 2.55237949728e-103 0.00151656311951 2.70014105919e-103 2.09376356843e-103 2.10846503034e-103
adjunct 2.55236950692e-103 1.51656311951e-103 2.61141605906e-103 0.00209376356843 2.10846503034e-103
admire 2.55236950692e-103 1.51656311951e-103 2.61141605906e-103 2.09376356843e-103 0.00210846503034
adonis 2.55241810608e-103 5.082792247e-13 2.61141605906e-103 2.09376356843e-103 0.00210846502964
adore 2.55236950692e-103 1.54297627051e-103 2.61640983699e-103 2.09376356843e-103 0.00210846503034
adulterate 2.55236950692e-103 1.51656311951e-103 0.00261141605906 2.09376356843e-103 2.10846503034e-103
affords 2.55236950692e-103 1.51656311951e-103 2.61141605906e-103 0.00209376356843 2.68147629159e-77
afresh 2.72000747122e-25 1.51656311951e-103 0.00261141605906 2.13783078871e-103 2.134536957e-103
after 1.03179058358e-08 1.51656311951e-103 0.00261140550246 2.09376356843e-103 2.10846503034e-103
again 2.57087712314e-103 1.54135465713e-103 2.61141605906e-103 2.09376356843e-103 0.00421693006069
against 0.00255236950692 1.51656311951e-103 2.61141605906e-103 2.09376356843e-103 2.10846503034e-103
age 2.55248693832e-103 0.00151656311951 2.61141605906e-103 2.09376356843e-103 5.74263416283e-43
ages 2.55236950692e-103 1.51656311951e-103 4.13585152027e-22 0.00209376356843 2.10846503034e-103
ah 0.00255236950692 1.51656311951e-103 1.56480096569e-40 2.09376356843e-103 2.10846503034e-103
alive 2.55236950692e-103 1.51656311951e-103 2.61141605906e-103 0.00209376356843 3.15231572121e-71
all 0.00428523508812 0.0129398621023 2.6413355065e-103 2.0972104378e-103 0.00587991016599
almost 2.55236950692e-103 1.51656311951e-103 2.61141605906e-103 0.00209376356843 1.2276808134e-96
alone 2.55236950692e-103 1.51656311951e-103 2.61141605906e-103 2.09376356843e-103 0.00421693006069
alter 2.55236950692e-103 0.00151656311951 4.58702806497e-102 2.09376356843e-103 2.10846503034e-103
although 0.00205135007557 1.1079843108e-43 0.00312402608098 2.12679106726e-103 1.31565996194e-68
am 2.55236950692e-103 1.51656311951e-103 0.00522283211811 9.47946711245e-88 2.10846503034e-103
amiss 2.55236950692e-103 1.51656311951e-103 2.61141605906e-103 0.00209376356843 2.15490686114e-103
an 2.79708594871e-103 4.63184816282e-29 0.00799381625441 0.00196582615086 2.10846503034e-103
and 0.117207726518 0.00573764271349 0.032108762836 1.9969989541e-81 2.84054879398e-37
anew 2.55236950692e-103 1.51656311951e-103 2.61141605906e-103 0.00209376356843 3.68064240962e-73
anon 0.00255236950692 1.51656311951e-103 2.61141605906e-103 0.00209376356843 2.81881179396e-60
another 0.00250938403813 1.51656311951e-103 0.00526681201334 5.5137903349e-71 2.10846503034e-103
answer 2.55237949728e-103 0.00151656311951 2.70014105983e-103 2.13843025952e-103 2.10846503034e-103
antique 2.76087626962e-103 0.00303312623902 8.58255471909e-67 2.12741982093e-103 2.10846503034e-103
any 0.00255236950692 1.6116954296e-91 2.61141605906e-103 2.09376356843e-103 2.10846503034e-103
appear 2.55236950692e-103 1.51656311951e-103 2.61141605906e-103 0.00209376356843 5.55073735662e-49
approve 2.55236950692e-103 1.51656311951e-103 2.61141605906e-103 0.00418752713686 2.36693914042e-75
april 2.55247742114e-103 0.00151656311951 2.61141605906e-103 2.09376356843e-103 2.10846503034e-103
aprils 2.55247742114e-103 0.00151656311951 2.61141605906e-103 2.09376356843e-103 2.10846503034e-103
are 0.00255243966981 0.0150626691609 0.00531950184401 0.00425211152787 4.31091874476e-33
argument 2.55236950692e-103 1.51656311951e-103 2.61141605906e-103 0.00209376356843 2.09561146989e-73
art 2.60021902627e-103 0.00179938571937 2.6416821644e-103 2.09376356843e-103 0.0101491192548
as 0.0231396424648 7.68618475856e-38 0.0311647819606 2.26583873277e-44 3.26081685835e-80
asked 2.55236950692e-103 0.00151656311951 2.61217341804e-103 2.0969826057e-103 3.55850106619e-103
assured 2.55236950692e-103 1.51656311951e-103 2.61141605906e-103 0.00209376356843 2.15424768362e-103
at 2.55247663101e-103 0.00134193342767 2.61141605906e-103 3.42907468431e-55 0.00445971626179
attainted 2.55236950692e-103 1.51656311951e-103 2.61141605906e-103 0.00209376356843 2.15424768362e-103
aught 2.55236950692e-103 6.83763918059e-82 2.61561943461e-103 2.09408574833e-103 0.00210846503034
autumn 2.55236950692e-103 1.51656311951e-103 0.00261141605906 2.09376356843e-103 2.10846503034e-103
away 2.55236950692e-103 1.51656311951e-103 2.61141605906e-103 0.00209376356843 2.15424768362e-103
backward 2.55236950692e-103 1.51656311951e-103 0.00261141605906 2.09376356843e-103 2.10846503034e-103
bad 2.55236950692e-103 1.51656311951e-103 0.00261141605906 2.09376356843e-103 2.10846503034e-103
bait 2.55236950692e-103 1.51656311951e-103 2.61141605906e-103 0.00209376356843 4.89398738988e-74
bark 2.55236950692e-103 1.52881188729e-103 2.61141605906e-103 2.09376356843e-103 0.00421693006069
barren 2.55241480836e-103 7.51826560193e-38 2.61141605906e-103 2.09376356843e-103 0.00210846503034
basest 2.56455939916e-103 0.00151656311951 2.70811224444e-103 2.09376356843e-103 2.10846503034e-103
bath 2.55236950692e-103 8.29118400094e-48 2.61497628294e-103 2.09376356843e-103 0.00210846503034
be 7.59940978342e-31 0.0098414244967 0.00503145903865 0.00883012999567 0.00498997917612
bear 2.55236950692e-103 1.51656311951e-103 2.61141605906e-103 0.00209376356843 2.14581709233e-103
bearing 0.00255236950692 1.51656311951e-103 2.61141605906e-103 2.09376356843e-103 2.10846503034e-103
bears 2.55236950692e-103 1.51656311951e-103 2.25494722767e-57 0.00209376356843 2.10846503034e-103
beast 2.5765045333e-103 2.04172631568e-57 2.61141605906e-103 2.09376356843e-103 0.00421693006069
beauteous 2.55933221536e-103 0.00454968935853 5.06966506067e-100 1.35316938901e-102 2.10846503034e-103
beauty 0.00319552361019 1.06911860653e-31 2.66385941603e-103 0.0113552942193 0.0112267917124
beautys 2.55236950692e-103 1.52115489264e-103 2.62684003731e-103 0.00418752713686 2.10846503034e-103
beck 2.55236950692e-103 1.51656311951e-103 2.61141605906e-103 0.00209376356843 2.1662250365e-103
becoming 0.00255236950692 1.51656311951e-103 2.61141605906e-103 2.09376356843e-103 1.36567768527e-71
been 2.55236950692e-103 1.51656311951e-103 2.61141605906e-103 0.00418752713686 2.1408094159e-103
before 0.00255236950692 3.42478474457e-96 2.61141605906e-103 2.09376356843e-103 0.00210846503034
behold 2.55236950692e-103 1.51656311951e-103 2.61141605906e-103 0.00209376356843 1.66738498757e-72
being 1.04920684495e-52 0.00429151562481 0.00566738930507 2.11993525422e-103 2.10846503034e-103
belongs 2.55236950692e-103 1.51656311951e-103 2.61141605906e-103 0.00209376356843 1.2324584096e-74
best 2.55246071751e-103 0.00162026835612 2.61146912235e-103 0.00618336531403 0.00206289748573
betray 2.55236950692e-103 1.51656311951e-103 2.61141605906e-103 0.00209376356843 2.16343508065e-103
betraying 2.57656888604e-103 0.00151656311951 1.43456971192e-31 2.09376356843e-103 2.13930056335e-103
better 0.00255237949728 0.00151655718345 2.70014185196e-103 2.0937732185e-103 2.10846503034e-103
bettring 2.55247557123e-103 0.00151656311951 2.61328545724e-103 2.09376356843e-103 3.23175971079e-72
bide 2.55236950692e-103 1.51656311951e-103 2.61141605906e-103 0.00209376356843 2.10846503034e-103
birds 2.55237160058e-103 1.54656127102e-103 2.61141605906e-103 2.09376356843e-103 0.00210846503034
birth 9.36792410133e-96 1.51656311951e-103 2.61141605906e-103 2.09376356843e-103 0.00210846503034
bitterness 2.55745056776e-103 3.54151869652e-103 2.61141605906e-103 2.09376356843e-103 0.00210846503034
black 2.55236950692e-103 1.51656311951e-103 0.00261141605906 2.34797991453e-102 2.10846503034e-103
blame 9.5722386878e-30 1.51656311951e-103 0.00261141605906 2.09376356843e-103 2.10846503034e-103
blamed 4.71237708088e-18 0.00151656311951 2.61141605923e-103 2.09376356843e-103 5.04294517991e-37
blazon 2.56922042373e-103 9.0653215676e-15 2.67498491965e-103 2.09472577735e-103 0.00210846503033
blenches 2.55236950692e-103 1.51656311951e-103 2.61141605906e-103 0.00209376356843 2.10846503034e-103
blooms 2.55236950692e-103 0.00151656311951 1.2112320787e-85 2.09376356843e-103 1.61848968623e-52
blow 2.55283908133e-103 1.58307826604e-103 2.61141605906e-103 2.09376356843e-103 0.00210846503034
blunt 1.86608804717e-46 1.53220872243e-103 3.09589083567e-103 3.77007987936e-103 0.00421693006069
body 2.55236955687e-103 0.00151656311951 2.64643646602e-103 1.55032867736e-64 1.6021243004e-53
bold 2.55236950692e-103 1.51656311951e-103 2.61141605906e-103 0.00209376356843 2.39398375942e-103
bonds 0.00255236950692 1.51656311951e-103 2.61141605906e-103 2.09376356843e-103 2.10846503034e-103
book 2.55236950692e-103 1.51656311951e-103 2.61141605906e-103 2.09376356843e-103 0.00210846503034
born 2.55236950692e-103 0.00303312623902 2.64685900659e-103 2.09376356843e-103 4.30421516823e-64
borrowed 2.55248137107e-103 0.00151656311951 2.61141605906e-103 2.09376356843e-103 3.70402660887e-57
bosoms 2.55236951576e-103 1.77535462824e-103 2.61141605906e-103 2.09376356843e-103 0.00210846503034
both 2.55236950692e-103 1.51656311951e-103 2.61141605906e-103 0.00209376356843 2.10846503034e-103
bower 2.55236950692e-103 1.51656311951e-103 2.61141605906e-103 0.00209376356843 2.23345214808e-76
boy 2.55236950692e-103 1.5322967049e-103 2.61178079863e-103 2.09589709137e-103 0.00210846503034
brain 2.55237847771e-103 1.18264895233e-59 2.61141605906e-103 2.09376356843e-103 0.00210846503034
brand 2.55236950692e-103 1.51656311951e-103 2.61141605906e-103 0.00209376356843 2.15424768362e-103
breach 5.65067136951e-84 1.51656311951e-103 0.00261141605906 2.09376356843e-103 2.10846503034e-103
break 2.55236950692e-103 1.51656311951e-103 2.61141605906e-103 0.00209376356843 9.55103975085e-73
breast 2.55236951148e-103 1.5403293662e-103 2.62625647551e-103 1.02210658746e-96 0.00210846503034
breath 2.55236950692e-103 1.54128505097e-103 2.64869675851e-103 2.09376356843e-103 0.00210846503034
breed 2.58529759763e-103 1.53595468641e-103 2.61141605906e-103 2.09376356843e-103 0.00210846503034
brief 2.55236950692e-103 1.47485781508e-84 0.00261141605906 2.24959979465e-103 0.00210846503034
bright 0.00255236950692 1.51656311951e-103 2.61141605906e-103 0.00418752713686 2.13988920473e-103
buds 2.55236950692e-103 1.60958684049e-103 2.61612173143e-103 2.09376356843e-103 0.00210846503034
builded 2.30520573925e-93 1.51656311974e-103 0.00261141605906 2.09376356843e-103 2.10846503034e-103
burden 2.55236950692e-103 0.00151656311938 2.61218978263e-103 2.09376356843e-103 1.75974924858e-13
buried 2.55236950692e-103 1.51656311951e-103 2.61141605906e-103 0.00209376356843 1.00128828602e-73
burn 2.55236950692e-103 1.51656311951e-103 2.61141605906e-103 0.00209376356843 2.16963630365e-103
burned 2.55236950692e-103 1.51656311951e-103 2.61141605906e-103 0.00209376356843 2.15424768362e-103
but 0.0515898692443 1.22448129274e-82 0.00382489534338 1.0907787208e-58 0.00489749642582
by 1.21597715764e-101 0.00393840469861 0.00576431891728 6.58916871432e-103 0.0130634560968
call 2.55236950692e-103 1.52325770654e-103 2.61409727051e-103 6.10966563196e-87 0.00210846503034
can 2.55702709841e-103 0.0061664318505 0.0128845783937 2.13229172902e-103 2.10860532275e-103
cancelled 2.55236950692e-103 1.51656311951e-103 0.00261141605906 2.09376356843e-103 2.10846503034e-103
canker 2.55247742114e-103 0.00303312623902 2.61141605906e-103 2.09376356843e-103 2.10846503034e-103
cannot 0.00510473901383 8.06851150534e-32 8.2472716315e-74 2.09376368669e-103 2.10846503034e-103
canst 2.55236950692e-103 1.51656311951e-103 0.00261141605906 2.09376356843e-103 2.10846503034e-103
care 2.55236950692e-103 1.51656311951e-103 2.61141605906e-103 0.00209376356843 2.15424768362e-103
cars 3.36124678148e-34 1.51656311951e-103 0.00261141605906 1.67601802562e-93 2.11064713367e-103
case 2.19515923924e-85 1.51656311951e-103 0.00261141605906 2.09376356843e-103 2.10846503034e-103
cause 2.55248490251e-103 0.00151656311951 2.61141605906e-103 2.09376356843e-103 2.92120796517e-36
cease 2.55236950692e-103 1.51656311951e-103 2.61141605906e-103 2.09376356843e-103 0.00210846503034
chase 2.55236950692e-103 1.51656311951e-103 2.61141605906e-103 0.00209376356843 2.77436719066e-74
check 2.55236950692e-103 1.51656311951e-103 2.61141605906e-103 0.00209376356843 1.0603893742e-76
checked 2.55237949728e-103 0.00151656311951 2.70014105919e-103 2.09376356843e-103 2.10847436008e-103
cheek 2.55236950692e-103 0.00151656311951 2.61141605906e-103 0.00209376356843 2.84212011818e-82
chide 2.55236950692e-103 0.00151656299247 2.61141605906e-103 0.00209376356843 1.76616546192e-10
child 2.55236950692e-103 1.51656311951e-103 2.61141605906e-103 0.00209376356843 2.10846503034e-103
clear 2.55394483716e-103 0.00151656311951 2.17776838314e-91 2.10070798318e-103 2.10846503034e-103
clearer 2.55236950692e-103 1.51656311951e-103 0.00261141605906 2.09376356843e-103 2.10846503034e-103
climbed 3.60514960214e-54 0.00151656311951 2.61141605906e-103 2.09376356843e-103 1.39004015172e-20
cloud 2.55236950692e-103 1.51656311951e-103 0.00261141605906 2.09376356843e-103 2.10846503034e-103
clouds 2.55236950692e-103 1.54413601184e-103 2.61141605906e-103 2.09376356843e-103 0.00210846503034
cloying 2.55236950692e-103 1.51656311951e-103 2.61141605906e-103 0.00209376356843 2.10846503034e-103
come 8.29948894769e-75 1.52816915006e-103 7.59095905103e-18 0.00213899020586 0.00417138586224
comes 2.55247742141e-103 0.00151656311951 2.61141605906e-103 2.09376356843e-103 2.13177980234e-103
committed 2.55236950692e-103 1.51656311951e-103 2.61141605906e-103 0.00209376356843 1.43475880301e-74
common 2.55236950692e-103 1.51656311951e-103 0.00261141605906 1.13325820473e-69 2.10846503034e-103
compare 0.00255236950692 1.51656311951e-103 2.61141605906e-103 0.00209376356843 2.15424768362e-103
compeers 2.55236950692e-103 1.53872170828e-103 2.61141605906e-103 2.09376356843e-103 0.00210846503034
complain 2.55236950692e-103 1.51656311951e-103 2.61141605906e-103 0.00209376356843 2.16402719204e-103
compound 2.55247958561e-103 0.00151656311951 2.69974025076e-103 2.09376356843e-103 5.19328327507e-86
concealed 2.61621190115e-103 0.00151656311951 2.99176440961e-103 2.09376356843e-103 2.10846503034e-103
conceit 2.55236950692e-103 8.51542217768e-99 2.61141605906e-103 2.09376356843e-103 0.00210846503034
concord 2.55236950692e-103 1.4043163694e-57 2.61857071629e-103 2.09376356843e-103 0.00210846503034
confined 2.55236950692e-103 1.51656311951e-103 2.61141605906e-103 0.00209376356843 8.5749354952e-78
confound 2.55236950692e-103 1.51656311951e-103 2.61141605906e-103 0.00209376356843 2.16141021532e-103
confounds 2.55236950692e-103 1.51656311951e-103 2.61141605906e-103 0.00209376356843 2.15424768362e-103
constancy 2.55236950692e-103 1.51656311951e-103 7.04522871757e-92 0.00209376356843 2.10846503034e-103
contracted 8.25665478535e-96 7.89426914778e-37 2.61141605906e-103 2.09376356843e-103 0.00210846503034
controlling 2.55236950692e-103 1.51656311951e-103 2.61141605906e-103 0.00209376356843 1.96054382553e-55
converted 3.17869101111e-51 0.00151656311951 2.61141605906e-103 2.09376356843e-103 2.10846503034e-103
corrupt 2.55236950692e-103 1.51656311951e-103 2.61141605906e-103 0.00418752713686 2.82932909491e-19
corrupting 4.02733881964e-82 0.00151656311951 3.87632849083e-45 2.28456384378e-60 2.10846503034e-103
cost 5.88292933909e-81 0.00151656311951 1.60259935663e-64 2.09376356843e-103 2.10846503034e-103
could 0.0025524234623 0.00303309417989 2.63146380825e-103 2.09384470018e-103 1.77118167469e-80
counterfeit 2.55236950692e-103 1.51656311951e-103 2.61141605906e-103 2.33533194269e-103 0.00210846503034
counting 0.00255239908825 0.00151654554292 2.6830442354e-103 2.14150402169e-103 2.10846503034e-103
couplement 2.55238341467e-103 0.00151656311951 2.69647400246e-103 2.09376356843e-103 2.1157619507e-103
cover 2.56162745066e-103 1.51656311951e-103 0.00261141605906 7.93462630375e-45 2.10846503034e-103
creating 0.00255236950692 1.51656311951e-103 2.61141605906e-103 2.09376356843e-103 2.10846503034e-103
credit 2.552482715e-103 0.00151656311951 2.61141605906e-103 2.09376356843e-103 4.63429165704e-57
crooked 0.00255236950692 1.51656311951e-103 2.61141605906e-103 2.09376356843e-103 2.10846503034e-103
crown 2.55236950743e-103 1.53947450351e-103 2.61141605906e-103 2.09376356843e-103 0.00210846503034
crowned 2.55236950692e-103 1.51656311951e-103 2.61141605906e-103 0.00418752713686 2.13350402625e-103
cruel 2.55237003112e-103 1.14731908035e-93 2.62171015883e-103 0.00209376356843 2.10846503034e-103
cunning 2.55238802914e-103 0.00151656311951 2.69216933653e-103 2.09376356843e-103 3.35440943187e-71
damasked 2.55236950692e-103 1.51656311951e-103 2.61141605906e-103 2.09376356843e-103 0.00210846503034
dare 2.55247742113e-103 0.00151656311951 2.61141606624e-103 0.00209376356843 2.10846503034e-103
dates 2.55247784604e-103 0.00151656311951 2.66234441597e-103 2.1004270325e-103 2.14934202832e-103
day 2.55236950692e-103 8.08328059859e-24 2.64032991299e-103 0.0019168579762 0.00228661277373
days 2.55236950692e-103 1.51656311951e-103 2.61141605906e-103 0.00209376356843 3.53061683833e-102
dead 2.56354207338e-103 5.6669056819e-27 2.68759690089e-103 2.02768330272e-42 0.00421693006069
dearest 1.68304660894e-52 2.28025923121e-36 2.61141605906e-103 2.09376356843e-103 0.00210846503034
deaths 2.38959974934e-101 1.52652794299e-103 0.00261141605906 2.11280166046e-103 8.51649615301e-40
decay 2.55236950692e-103 1.51656311951e-103 2.61141605906e-103 0.00209376356843 2.15776877054e-103
decease 2.55236950692e-103 1.51656311951e-103 2.61141605906e-103 0.00209376356843 4.320207504e-101
deceased 2.55236950692e-103 1.51656311951e-103 2.61141605906e-103 0.00209376356843 3.38199133176e-74
deceivest 2.55236950692e-103 1.51656311951e-103 2.61141605906e-103 0.00209376356843 4.41471471889e-63
declines 2.55236950692e-103 1.51656311951e-103 2.61141605906e-103 0.00209376356843 2.15424768362e-103
decrease 2.55236950692e-103 1.51656311951e-103 2.61141605906e-103 0.00209376356843 2.15424768362e-103
deep 2.55236950692e-103 1.51656311951e-103 5.8123420609e-97 0.00418752713686 2.10846503034e-103
defendant 2.55350459939e-103 0.00151656311951 2.6529861318e-103 2.09387166927e-103 2.10846503034e-103
define 2.55236950692e-103 1.51656311951e-103 2.61141605906e-103 0.00209376356843 6.21116229807e-99
delight 2.55236950692e-103 1.51656311951e-103 2.61141605906e-103 0.00209376356843 1.60378525896e-74
delighted 2.55236950692e-103 1.51656311951e-103 2.61141605906e-103 0.00209376356843 1.96867166932e-74
delivers 0.00255236950692 1.51656311951e-103 2.66938787824e-103 2.09376356843e-103 2.10846503034e-103
denote 2.55236950692e-103 1.51656311951e-103 2.61141605906e-103 0.00209376356843 8.89776280451e-100
deny 2.55236950692e-103 1.51656311951e-103 2.61141605906e-103 0.00209376356843 1.57175192e-73
describe 0.00255236950692 1.51656311951e-103 3.03787222709e-103 2.09376356843e-103 2.10846503034e-103
desire 2.55236950692e-103 6.61184706236e-102 2.61482286313e-103 0.0040426981485 0.00225431094243
desiring 0.00255236950692 1.51656311951e-103 2.61141605906e-103 2.09376356843e-103 2.10846503034e-103
desperate 2.55238871315e-103 2.90404107797e-50 2.61141605906e-103 2.09376356843e-103 0.00210846503034
despised 2.55236950692e-103 1.51656311951e-103 0.00261141605906 1.55016352579e-39 2.10846503034e-103
devil 2.55236950692e-103 1.51656311951e-103 2.61141605906e-103 0.00209376356843 1.0979488518e-62
devise 2.55236950692e-103 1.51656311951e-103 2.61141605906e-103 0.00209376356843 2.10846503055e-103
dials 2.55236950692e-103 1.51656311951e-103 6.83968630046e-89 0.00209376356843 2.10846503034e-103
did 2.55236950692e-103 1.51656311951e-103 0.00783424817717 2.10352131445e-103 2.10846503034e-103
discontent 2.55236950692e-103 1.51656311951e-103 2.61141605906e-103 0.00209376356843 5.51814327345e-76
disgrace 2.37365076929e-71 2.76199854406e-58 0.00522283211811 2.45929079933e-21 2.11428481074e-103
disgraced 2.55236950692e-103 1.51656311951e-103 2.61141605906e-103 0.00209376356843 2.15424768362e-103
dispraise 2.55237190578e-103 2.20656733675e-51 2.63038437119e-103 2.09376356843e-103 0.00210846503034
divided 2.55236950692e-103 1.51656311951e-103 2.61141605906e-103 0.00209376356843 2.10846503034e-103
divine 2.55236950692e-103 1.51656311951e-103 2.61141605906e-103 0.00209376356843 2.15424768362e-103
do 2.56502655001e-103 0.00329468190066 0.0129900406231 0.0143489924483 2.1449605112e-75
doom 2.55236950692e-103 1.51656311951e-103 2.61141605906e-103 0.00209376356843 2.16398023931e-103
dost 2.55236950692e-103 1.51656311951e-103 0.0104456642362 2.09376356843e-103 2.10846503034e-103
dote 2.55236950692e-103 1.51656311951e-103 2.61141605906e-103 0.00209376356843 2.15424768362e-103
doth 7.09286515143e-98 2.90998850268e-73 0.02101323922 0.00216033249816 0.0188107178292
drooping 2.55236950692e-103 1.54118009927e-103 2.61141605906e-103 2.09376356843e-103 0.00210846503034
drown 2.55236950692e-103 1.54030069587e-103 2.62180989443e-103 2.13867769818e-103 0.00210846503034
due 2.55236950692e-103 1.51656311951e-103 2.61141605906e-103 0.00209376356843 2.17636426821e-103
dumb 2.55847024816e-103 0.00303312623902 6.12058580085e-102 2.11598675654e-103 1.63545996022e-81
duty 0.00255236950692 1.51656311951e-103 2.61141605906e-103 2.09376356843e-103 2.10846503034e-103
dwell 2.55236950692e-103 1.51656311951e-103 2.61141605906e-103 0.00209376356843 2.15424768362e-103
dwellers 2.55236950692e-103 1.51656311951e-103 2.61141605906e-103 0.00209376356843 1.18386528533e-85
dye 2.55236950692e-103 1.51656311951e-103 2.61141605906e-103 0.00209376356843 6.28198437674e-75
dyers 2.55239888277e-103 8.24620631492e-24 0.00261141605906 2.09376356843e-103 2.10846503034e-103
each 2.55240935863e-103 0.00454968935853 2.51017189996e-95 0.00209376356843 2.11743285565e-103
ear 2.70726761588e-103 0.00151656294039 2.61141605906e-103 2.09376356843e-103 2.49031824119e-10
earth 2.64993718019e-103 0.00379270624214 2.61267610004e-103 2.09499120565e-103 0.00105242730022
eclipse 2.55236950692e-103 1.51656311951e-103 2.61141605906e-103 0.00209376356843 2.10846503034e-103
eclipses 2.55237949728e-103 0.00151656311951 2.7001410592e-103 2.09376356843e-103 2.10846503034e-103
effect 2.55236950692e-103 1.51656311951e-103 2.61141605906e-103 0.00209376356843 7.34441289876e-74
eithers 2.55236950692e-103 1.51656311951e-103 7.840013796e-98 0.00209376356843 2.10846503034e-103
elements 2.55236950692e-103 1.54126073462e-103 2.64692228939e-103 2.09376356843e-103 0.00210846503034
else 2.55248631969e-103 0.00151656311951 2.61188375548e-103 2.09376356843e-103 6.27284394854e-42
elsewhere 2.55236950692e-103 2.28478979092e-69 2.61997500934e-103 2.09376356843e-103 0.00210846503034
end 2.55236950692e-103 1.51656311951e-103 0.00261141605906 2.09376356843e-103 2.10846503034e-103
endured 2.55236950692e-103 1.51656311951e-103 2.61141605906e-103 0.00209376356843 4.14399567926e-74
enemies 2.55236950692e-103 1.55605759566e-103 2.61141605906e-103 2.09376356843e-103 0.00210846503034
enforced 2.98923790212e-36 1.55162961966e-103 2.61141605906e-103 2.09376356843e-103 0.00210846503034
enjoyed 0.00255236950692 1.51656311951e-103 2.61141605906e-103 2.09376356843e-103 2.10846503034e-103
enjoyer 2.55236950692e-103 1.51656311951e-103 2.61141605906e-103 2.09376356843e-103 0.00210846503034
enough 1.10311474333e-19 1.51656311951e-103 2.61141605906e-103 2.09376356843e-103 0.00210846503034
entitled 0.00255236950692 1.51656311951e-103 2.61408974367e-103 2.09376356843e-103 2.10846503034e-103
envy 2.55236950692e-103 1.51656311951e-103 2.61141605906e-103 0.00209376356843 2.10846503034e-103
err 2.55236950692e-103 1.51656311951e-103 2.61141606263e-103 0.00209376356843 2.10846503034e-103
errors 2.55236950692e-103 6.89699425728e-51 2.61366182117e-103 2.86624937189e-07 0.0042166414232
esteem 2.55236950692e-103 1.51656311951e-103 2.61141605906e-103 0.00209376356843 4.04435467049e-76
even 0.00765719870581 2.78999880522e-59 2.63531501774e-103 2.14619091838e-103 0.00421685556049
ever 2.55236950692e-103 1.51656311951e-103 2.64623651275e-103 0.00418752713686 2.10846503034e-103
every 1.32398713702e-97 0.0106159418366 2.64433377692e-103 2.13439843625e-103 3.70757628954e-17
evil 2.55236950692e-103 1.51656311951e-103 2.61141605906e-103 0.00209376356843 2.9087391079e-78
excess 2.55236950692e-103 1.51656311951e-103 2.61141605906e-103 0.00209376356843 2.03600187675e-72
exchanged 2.55236950692e-103 1.51656311951e-103 2.61141605906e-103 2.09376356843e-103 0.00210846503034
excuse 2.55236950692e-103 1.51656311951e-103 6.96335347692e-64 0.00418752713686 7.26290046971e-40
expressed 2.55236950692e-103 1.51656311951e-103 2.61141605906e-103 0.00209376356843 5.71822225572e-74
eye 3.22051154249e-22 1.896804735e-59 0.00232982782818 0.00636549312015 0.00646795661322
eyelids 2.55236950692e-103 1.51656311951e-103 0.00261141605906 2.09376356843e-103 2.10846503034e-103
eyes 1.46343105923e-95 1.51656311951e-103 0.00803654233918 0.0124003873607 1.38539493367e-80
face 2.55236950703e-103 1.54009600995e-103 2.61141605906e-103 0.00204829612997 0.00215425172062
faces 2.55236950692e-103 1.51656311951e-103 2.61141605906e-103 0.00209376356843 5.80279356691e-45
fading 2.55236950692e-103 1.51656311951e-103 1.47922325871e-62 0.00209376356843 2.10846503034e-103
fair 2.24414827405e-99 0.00299520934569 5.82254446635e-69 4.65914105349e-37 0.0105950406916
fairest 2.5524146132e-103 1.4642027295e-36 2.61141605906e-103 2.09376356843e-103 0.00210846503034
faith 2.55236950692e-103 0.00151656311951 2.61141605906e-103 2.09376356843e-103 2.10846503067e-103
false 2.55309415999e-103 8.80668362824e-97 2.63336895255e-103 2.10128884045e-103 0.0147592552124
falsehood 2.55236950692e-103 1.51656311951e-103 2.61141605906e-103 0.00209376356843 2.10846503034e-103
famine 2.55238252494e-103 0.00151656311951 1.47731384518e-94 2.09376356843e-103 2.10846503034e-103
far 2.55237949728e-103 0.00151656311951 6.12958359181e-101 3.22869635104e-31 0.00632539509103
faults 2.55245530986e-103 0.00193039592759 2.61141605906e-103 2.09376356843e-103 0.00153311673588
favour 2.55236950692e-103 1.51656311951e-103 2.61141605906e-103 0.00209376356843 6.73111003583e-61
favourites 2.55236951025e-103 0.00151656311951 2.61141605906e-103 2.09376356843e-103 7.65946241321e-58
fear 2.55242346999e-103 0.00303312623902 2.61422376244e-103 3.8960951846e-103 1.0374368009e-37
feast 2.55236950692e-103 1.51656311951e-103 2.61141605906e-103 0.00209376356843 2.15454858697e-103
feasts 2.55236950738e-103 0.00151656311951 2.61141605906e-103 2.09376356843e-103 6.93429309496e-28
feathers 2.55236950692e-103 3.58544185042e-22 2.61615030407e-103 2.09376356843e-103 0.00210846503034
female 2.55236950692e-103 1.51656311951e-103 5.91746630783e-87 0.00209376356843 2.10846503034e-103
fight 2.55236950692e-103 1.51656311951e-103 2.61141605906e-103 0.00209376356843 1.87140399352e-73
fill 2.55236950692e-103 1.51656311951e-103 2.61141605906e-103 0.00209376356843 8.17979419466e-72
find 2.55236950692e-103 1.51656311951e-103 4.34961718879e-20 0.00418752713686 2.17488923095e-103
finger 2.55763180816e-103 2.45372760861e-102 2.61141605906e-103 2.09376356843e-103 0.00210846503034
fire 5.61101130063e-95 1.5165631226e-103 2.61141605906e-103 0.00196651921989 0.00434506786156
firm 2.5528566106e-103 1.5494047238e-103 2.61141605906e-103 2.09376356843e-103 0.00210846503034
first 2.55236950692e-103 0.00151656311951 2.61141605906e-103 2.09376356843e-103 2.10846503034e-103
fitted 2.55236950692e-103 1.51656311951e-103 2.61141605906e-103 0.00209376356843 1.03338158627e-74
fixed 2.55236950692e-103 1.51656311951e-103 2.61141605906e-103 0.00209376356843 2.10846503034e-103
fleetst 2.55236950692e-103 1.51656311951e-103 2.61141605906e-103 0.00209376356843 2.42230885532e-52
flies 2.59313556382e-103 0.00151656311951 2.27966535043e-94 2.09376356843e-103 2.16368247013e-103
flow 2.55236950692e-103 1.51656311951e-103 2.61141605906e-103 0.00209376356843 2.15776877054e-103
flowers 2.55236950692e-103 2.20179773382e-84 2.61141605906e-103 0.00204829612997 0.00215425172062
follow 2.55239836821e-103 0.00151656311951 2.68257031503e-103 2.84570220531e-69 3.08359513617e-97
fond 2.55241898976e-103 0.00151656311951 2.61285506657e-103 2.10512158128e-103 1.52763340814e-21
foot 2.55236950696e-103 1.53603540616e-103 2.61141605906e-103 2.09376356843e-103 0.00210846503034
for 0.0561535205052 0.0107562442969 7.38276435e-60 0.00189892095632 2.33558734613e-20
forbidden 2.55236950692e-103 1.51656311951e-103 0.00261141605906 2.09574096516e-103 2.10846503034e-103
forged 2.55236950692e-103 1.51656311951e-103 0.00261141605906 5.9271509152e-55 2.10846503034e-103
forget 2.55236950692e-103 1.24551559815e-97 2.61141605906e-103 2.09376356843e-103 0.00210846503034
forgetful 2.55237949728e-103 0.00151656311951 2.70014105927e-103 2.09376356843e-103 2.10846503034e-103
forgoing 2.55236950692e-103 1.54090628289e-103 2.61141605906e-103 2.09376356843e-103 0.00210846503034
forgot 2.55236950692e-103 1.51656311951e-103 2.61141605906e-103 0.00209376356843 1.2028834266e-72
forlorn 2.56629099297e-103 0.00151656311951 2.70878069731e-103 2.09707176553e-103 2.10846503034e-103
form 1.52191299352e-86 1.51656311951e-103 2.61141605906e-103 2.09376356843e-103 0.00421693006069
forsaken 2.55236950692e-103 1.51656311951e-103 2.61141605906e-103 0.00209376356843 2.15424768362e-103
fortune 2.55236950692e-103 0.00151656311951 2.64680868918e-103 6.77144233154e-17 4.41044168092e-30
found 2.55236950692e-103 1.51656311951e-103 2.61141605906e-103 0.00209376356843 2.62350725704e-90
four 2.5523695074e-103 1.51656311951e-103 2.61141605906e-103 2.09376356843e-103 0.00210846503034
frailer 2.55236950692e-103 1.51656311951e-103 0.00261141605906 1.5844550595e-52 2.10846503034e-103
frailties 2.55236985864e-103 1.2241801096e-55 2.61436549582e-103 2.10345217432e-103 0.00210846503034
free 2.55236950692e-103 1.51656311951e-103 2.61141605906e-103 0.00209376356843 2.1561392344e-103
frequent 2.55236950692e-103 1.51656311951e-103 0.00261141605906 2.16444337859e-103 2.10846503034e-103
friend 2.55236950692e-103 1.51656311951e-103 2.61141605906e-103 0.00209376356843 2.16052441338e-103
from 1.72124629682e-32 0.00804793818322 0.0122561715998 1.57107932029e-79 1.21408474394e-62
front 2.55236950692e-103 1.55696670856e-103 2.61592810449e-103 2.09376356843e-103 0.00210846503034
frost 0.00255236950692 1.51656311951e-103 2.61141605906e-103 2.09376356843e-103 2.10846503034e-103
fulfil 5.34979289115e-72 0.00151656311951 2.61141605906e-103 2.09376356843e-103 9.0889282693e-20
full 4.77470550411e-55 0.001997198796 2.71749193791e-103 2.19729735607e-103 0.00354870629659
gain 2.55236950692e-103 1.51656311951e-103 2.61141605906e-103 0.00209376356843 2.15424768362e-103
gainst 2.55236950692e-103 1.59646418979e-103 2.61640983699e-103 2.09376356843e-103 0.00210846503034
gave 2.55236950692e-103 1.51656311951e-103 2.61141605906e-103 3.40693799573e-58 0.00210846503034
general 2.55753507186e-103 1.55417333061e-103 2.61141605906e-103 2.09376356843e-103 0.00210846503034
gentle 0.00250452935391 1.51656311951e-103 0.00266036294683 2.09376356843e-103 2.10846503034e-103
gift 0.00255236950692 9.67840862316e-46 1.39089439166e-77 2.09376356843e-103 4.53332807385e-69
gilded 2.55237949728e-103 0.00151656311951 2.70014106494e-103 2.11475899011e-103 2.10846503034e-103
girded 2.1016878786e-89 0.00151656311951 5.28618357228e-46 2.09376356843e-103 2.10846503034e-103
give 0.00510473901383 1.51656311951e-103 8.03128045864e-91 0.00209376356843 5.12744343705e-73
giving 2.55993891394e-103 1.54129862334e-103 2.61141605906e-103 2.09376356843e-103 0.00210846503034
glad 2.55241457147e-103 1.21091338252e-16 2.61141605906e-103 2.09376356843e-103 0.00210846503034
glass 2.55237022956e-103 3.25374749594e-32 2.6290214736e-103 0.00209376356843 3.30973266171e-87
glory 2.55236950692e-103 1.51656311951e-103 2.61141605906e-103 0.00209376356843 2.10846503034e-103
go 2.55795875309e-103 1.53571594867e-103 0.00261141605906 3.54118462885e-95 2.10846503034e-103
goes 2.55236950692e-103 5.00811235204e-15 2.64001836265e-103 2.15359257854e-103 0.00210846503034
golden 2.56455923057e-103 0.00151656311951 2.61141607902e-103 2.09376356843e-103 2.10846503034e-103
gone 2.55236950692e-103 1.51656311951e-103 2.61141605906e-103 0.00418752713686 1.08195208912e-87
good 6.11696134745e-60 0.00758281559755 9.15172844878e-95 2.09376356843e-103 2.10846503034e-103
graces 2.55236950692e-103 1.51656311951e-103 2.61141605906e-103 0.00209376356843 1.08705986165e-73
gracious 2.55237584142e-103 2.20227416875e-26 2.65838344862e-103 0.00418752713686 2.13556940569e-103
grant 0.00255236950692 1.51656311951e-103 2.64254237545e-103 2.09376356843e-103 2.10846503034e-103
granting 2.55236950692e-103 1.51656311951e-103 2.61141605906e-103 0.00209376356843 6.31202103085e-99
grave 2.55236950692e-103 1.51656311951e-103 2.61141605906e-103 0.00209376356843 2.15424768362e-103
great 0.00356645593453 0.0024305778729 2.61141605906e-103 2.09376356843e-103 2.90996978722e-23
green 2.55236950692e-103 0.00151656311951 2.61141605906e-103 2.09376356843e-103 2.05253675927e-40
grew 2.55247742114e-103 0.00151656311951 2.61141605906e-103 2.09376356843e-103 2.10846503034e-103
guest 2.55236950692e-103 1.51656311951e-103 2.61141605906e-103 0.00209376356843 1.1403972421e-75
half 1.68858906219e-91 1.51656311951e-103 2.61141605906e-103 2.09376356843e-103 0.00210846503034
hand 2.55236950692e-103 1.54138268524e-103 2.61141605906e-103 0.00204829612997 0.00215425172062
hang 0.00255237949728 0.00151655718345 6.15784253278e-78 2.11662008576e-103 2.10846503034e-103
hanging 2.55236950692e-103 1.51656311951e-103 0.00261141605906 2.09376356843e-103 2.10846503034e-103
haply 2.56044516998e-103 1.51656311951e-103 0.00261141605906 2.09376356843e-103 2.10846503034e-103
happy 2.55236956486e-103 1.52540845096e-103 2.63221938359e-103 0.00209376356843 2.10846503034e-103
harvest 2.55236950692e-103 1.51656311951e-103 0.00261141605906 6.4144146626e-103 2.10846503034e-103
hast 2.55236950692e-103 1.51656311951e-103 2.61141605906e-103 0.00418752713686 2.71589771306e-85
hate 2.55236950692e-103 1.51656311951e-103 2.61141605906e-103 0.00209376356843 2.15424768362e-103
hated 2.55236950692e-103 1.54310647452e-103 2.61141605906e-103 2.09376356843e-103 0.00210846503034
hateth 2.55236950692e-103 1.51656311951e-103 2.61141605906e-103 0.00209376356843 2.10846503034e-103
hath 0.00969027319785 1.53687336497e-103 0.00987874462595 4.28793532384e-95 0.0051035680904
hatred 2.55237878137e-103 8.36266963221e-77 2.6316614729e-103 8.70475377236e-52 0.00210846503034
have 0.00768834468835 0.00609808872679 2.3511024182e-27 0.00622279618921 0.0105311651016
having 2.55247568653e-103 0.00154126203606 2.61141605906e-103 2.09376356843e-103 0.00207412633308
he 0.00298582489141 0.00308764449211 0.00295402842141 2.12745406245e-103 0.00561490314709
head 2.55236950692e-103 1.51656311951e-103 2.61141605906e-103 0.00209376356843 1.16521126234e-74
heart 2.55237772945e-103 8.01507180063e-89 4.75810569499e-50 0.00417012558165 0.0105598488928
hearts 2.55236950692e-103 1.51656311951e-103 0.00276868301018 0.00196767113224 2.10846503034e-103
heaven 2.55236950692e-103 1.51656311951e-103 2.69806648988e-103 0.00418752713686 2.13156254629e-103
heavenly 2.55236950692e-103 1.51656311951e-103 0.00261141605906 2.09376356843e-103 2.10846503034e-103
heavens 2.55236950692e-103 1.51656311951e-103 2.61141605906e-103 0.00209376356843 2.10846503034e-103
height 2.55236950692e-103 1.51656311951e-103 0.00261141605906 2.09376356843e-103 2.10846503034e-103
helens 2.55247742114e-103 0.00151656311951 2.61141605906e-103 2.09376356843e-103 2.10846503034e-103
hell 2.55237265941e-103 1.54231874116e-103 2.62934321583e-103 2.02340753424e-45 0.00210846503034
hence 2.55236950692e-103 0.00151656311951 2.61141605906e-103 2.09376356843e-103 2.10846503034e-103
her 3.53092534311e-62 0.00291664626317 0.0132576507005 2.14148610662e-103 2.10846503034e-103
herein 0.00255236950692 1.51656311951e-103 2.61141605906e-103 2.09376356843e-103 2.10846503034e-103
hide 2.55236950692e-103 1.51656311951e-103 2.61141605906e-103 0.00209376356843 1.25853501438e-73
high 2.8385576747e-103 1.63573041739e-103 2.61141605906e-103 2.09376356843e-103 0.00210846503034
hill 2.55236950692e-103 1.51656311951e-103 2.61141605906e-103 0.00209376356843 2.15424768362e-103
him 2.56085346585e-103 0.00134588698339 2.63851865236e-103 2.2754846121e-103 0.00234575463596
his 2.55237261005e-103 0.00425848672015 0.0255848096499 0.00292021669357 2.14368789824e-103
history 2.55236950692e-103 1.51656311951e-103 2.61141605906e-103 0.00209376356843 2.15424768362e-103
hoisted 2.55238268544e-103 1.51656311951e-103 2.61141605906e-103 2.09376356843e-103 0.00210846503034
hold 2.56990565614e-103 3.5667637312e-103 0.00262330439952 0.00209374442339 0.00209888562865
holds 2.55236950692e-103 1.51656311951e-103 2.61141605906e-103 2.09376356843e-103 0.00210846503034
holy 1.34507553073e-45 2.51098170303e-10 0.0028233864416 0.00192381104379 0.00210846502352
home 2.55237295511e-103 3.27298119613e-21 2.61141605906e-103 2.09376356843e-103 0.00210846503034
honey 2.55236950692e-103 0.00151656311951 2.64742482837e-103 2.09376356843e-103 2.10846503034e-103
honour 2.55236950692e-103 1.56011225233e-103 2.61141605906e-103 2.09376356843e-103 0.00210846503034
hooks 2.55236950692e-103 1.51656311951e-103 2.61141605906e-103 0.00209376356843 2.15424768362e-103
hope 1.80287899713e-62 0.00151656311951 2.61141605906e-103 0.00209376356843 2.15833107404e-103
hot 2.55236988052e-103 1.53555886136e-103 2.63007722677e-103 0.00240124470483 0.00390728993065
hour 2.55236950692e-103 1.51656311951e-103 2.61141605906e-103 0.00209376356843 2.15424768362e-103
hours 2.55236950692e-103 1.57722396804e-103 2.61533118045e-103 0.00193153955586 0.00227182810664
how 0.0101752472818 2.70423358816e-33 0.00264639055469 2.09376356843e-103 3.88722619567e-08
hue 2.57040398904e-103 0.00056728407447 2.61141605906e-103 3.3779355155e-10 0.00342823941288
hues 1.34143858422e-62 0.00151656311951 2.91103066421e-103 2.09376356843e-103 6.24528421676e-34
humour 2.55236950692e-103 0.00151656311951 2.64731638058e-103 2.09376356843e-103 4.02578610102e-40
hungry 2.55771590769e-103 1.54116928489e-103 2.61141605906e-103 2.09376356843e-103 0.00210846503034
hymn 2.55236950692e-103 1.5416326766e-103 2.61141605906e-103 2.09376356843e-103 0.00210846503034
idle 2.55237952331e-103 0.00151641706532 2.51494253261e-07 7.10829823972e-13 2.10846503034e-103
if 0.020260411111 0.0150585871035 0.0029579512526 1.26787187231e-12 1.0278466948e-76
ill 2.55247845677e-103 0.00142446074247 2.64411208715e-103 0.00204310977996 0.00228752365189
image 0.00255236950692 1.62763589165e-103 2.61141605912e-103 2.09376356845e-103 5.25011980104e-103
imitate 2.55236950692e-103 1.51656311951e-103 2.61141605906e-103 2.39793707465e-103 0.00210846503034
immortal 2.55236950692e-103 0.00151656311951 2.6468965491e-103 2.09376356843e-103 2.10846503034e-103
impregnable 2.55236950692e-103 0.00151656311951 2.63226248345e-103 2.09376356843e-103 3.00360859382e-57
in 0.0110191833779 0.0420074634262 0.0278201285156 0.00261104412928 0.00228412683352
incertainties 0.00255236950692 1.51656311951e-103 2.61141605906e-103 2.09376356843e-103 2.10846503034e-103
increase 2.55236950692e-103 1.51656311951e-103 2.61141605906e-103 0.00418752713686 4.23503184461e-70
indigest 2.55236950692e-103 1.51656311951e-103 2.61141605906e-103 2.09376356843e-103 0.00210846503034
indirectly 2.55236950692e-103 1.51656311951e-103 0.00261141605906 2.09376356843e-103 2.10846503034e-103
inferior 3.94037471305e-94 1.51656311951e-103 0.00261141605906 2.09376356843e-103 2.10846503034e-103
inherit 2.55236950692e-103 1.51656311951e-103 2.61141605906e-103 0.00209376356843 2.10846503034e-103
inheritors 2.55236950692e-103 1.71817423326e-103 2.61141605906e-103 2.09376356843e-103 0.00210846503034
instinct 4.31179569632e-29 0.00151656311951 2.64345154408e-103 2.09376356843e-103 1.82138184932e-87
intents 2.55236950692e-103 1.51656311951e-103 2.61141605906e-103 0.00209376356843 2.15424768362e-103
interest 2.55247557123e-103 0.00151656311951 2.61328545724e-103 2.09599389247e-103 8.21713058179e-73
invent 2.55236950692e-103 1.51656311951e-103 2.61141605906e-103 0.00209376356843 2.15431791671e-103
invention 2.55236950692e-103 1.51656311951e-103 0.00261141605906 2.09376356843e-103 2.10846503034e-103
invited 2.55236950692e-103 1.51656311951e-103 2.61141605906e-103 0.00209376356843 3.06755401078e-63
is 0.00256658174643 0.0131085938209 0.00540301796187 2.75642336589e-19 0.0174619140331
it 0.00255240362365 0.0212318634017 1.58240559118e-84 2.11322521054e-103 1.46831833074e-34
jacks 2.55236950692e-103 1.51656311951e-103 2.61141605906e-103 2.09376356843e-103 0.00210846503034
jewels 2.55236950697e-103 1.54086901615e-103 2.61141605906e-103 2.09376356843e-103 0.00210846503034
jump 2.55236950692e-103 1.51656311951e-103 2.61141605906e-103 0.00209376356843 2.10846503034e-103
junes 2.55236950692e-103 1.51656311951e-103 0.00261141605906 2.09376356843e-103 2.10846503034e-103
just 0.00255236950692 1.51656311951e-103 2.63037749548e-103 2.09376356843e-103 2.10846503034e-103
keep 2.55247842123e-103 0.00151486897097 2.6446185711e-103 0.00209610250602 6.72916615375e-57
kill 2.55236950692e-103 1.51656311951e-103 2.61141605906e-103 0.00209376356843 3.94353945302e-74
kind 0.00255295023999 1.53666342843e-103 2.65379505577e-103 0.00198235825145 0.00432863788268
know 2.55236950692e-103 1.51656311951e-103 2.61141605906e-103 0.00418752713686 2.15424768362e-103
knowing 2.55236950692e-103 1.51656311951e-103 2.61141605906e-103 2.09376356843e-103 0.00210846503034
knowledge 2.55268671521e-103 1.51811204253e-103 2.61141605906e-103 2.09376356843e-103 0.00210846503034
land 2.55236950692e-103 1.51656311951e-103 2.61141605906e-103 0.00209376356843 3.30561146406e-61
large 1.64438534338e-63 0.00154106613987 2.61141605906e-103 2.09376356843e-103 0.00207439868592
lay 2.55236950692e-103 1.51656311951e-103 2.61141605906e-103 0.00209376356843 2.15776877054e-103
lays 2.63085447274e-103 6.55620907811e-17 2.62705366929e-103 0.00209376356843 0.00210846503034
leads 1.54935577715e-96 1.54759280376e-103 2.61141605906e-103 2.09376356843e-103 0.00210846503034
lean 0.00255236950692 1.51656311951e-103 2.61141605906e-103 2.09376356843e-103 2.10846503034e-103
leap 2.55236950692e-103 1.51656311951e-103 2.61141605906e-103 0.00209376356843 2.13849137896e-49
learned 2.55236952893e-103 1.51656311951e-103 2.61141605906e-103 2.09376356843e-103 0.00210846503034
learneds 2.55236950692e-103 1.51656311951e-103 0.00261141605906 2.93318560411e-32 2.10846503034e-103
lease 2.55236950692e-103 1.51656311951e-103 2.61141605906e-103 0.00418752713686 1.37866480631e-89
least 2.67416400497e-103 0.00151656311951 2.61141605906e-103 2.09376356843e-103 4.34364346386e-33
leaves 2.55236950692e-103 1.51656311951e-103 0.00522283211811 0.00209376356843 2.15517366192e-103
left 2.55238384218e-103 0.00151656311951 3.71431433114e-103 8.44432406085e-68 2.12626543294e-103
leisure 2.55236950692e-103 1.51656311951e-103 3.86050217583e-71 0.00209376356843 2.10846503034e-103
less 2.55236950692e-103 0.00151656311951 2.64742482837e-103 2.09376356843e-103 2.10846503034e-103
let 1.96801546386e-30 1.51656311951e-103 0.00522283211811 2.09376356843e-103 2.10846503034e-103
lie 2.55236950692e-103 1.51656311951e-103 2.61141605906e-103 0.00418752713686 2.15424768362e-103
lies 2.55236950692e-103 1.51656311951e-103 2.61141605906e-103 0.00837505427372 2.17075714366e-103
life 2.55247732559e-103 0.00130449506523 2.61141605906e-103 4.69059259099e-35 0.00451176650418
light 2.55236950692e-103 1.51656311951e-103 2.61141605906e-103 0.00418752713686 2.1547105726e-103
like 0.00260382342545 9.71925470733e-35 2.67489590466e-103 1.591255288e-83 0.00839135499522
line 1.34243436343e-56 1.3366895665e-101 2.61141605906e-103 2.09376356843e-103 0.00210846503034
lips 2.63880760608e-103 6.80568803367e-90 2.61141605906e-103 2.09376356843e-103 0.00421693006069
live 2.55236950692e-103 7.03107457817e-37 2.7006532842e-21 0.00403663079801 0.00436888592546
lives 2.55236950692e-103 1.51656311951e-103 0.00261141605906 2.09376356843e-103 2.10846503034e-103
living 2.56434371231e-103 1.51656311951e-103 0.00261141605906 2.09376356843e-103 2.10846503034e-103
lofty 2.5523794974e-103 0.00151656311951 2.7003337922e-103 2.09376356843e-103 2.10846503034e-103
long 2.55236950692e-103 1.5270031506e-103 2.61141605906e-103 2.09376356843e-103 0.00421693006069
look 2.55236950692e-103 1.51656311951e-103 2.61141605906e-103 0.00209376356843 2.15424768362e-103
looked 1.28184729944e-65 2.88107803559e-77 0.00261141605906 7.89521452605e-60 9.05114402464e-21
looks 2.55236950692e-103 0.00303312623902 2.63047451241e-103 0.00209376356843 9.07155060874e-64
lords 2.55788247101e-103 4.77448517756e-82 2.61141605906e-103 2.09376356843e-103 0.00210846503034
lourst 1.46335274339e-23 7.51638705323e-28 0.00261141605906 2.09967592402e-103 6.33133696904e-43
love 2.60017769165e-103 0.0101934161018 7.34360425877e-68 0.0104740884689 0.0090159864844
lovely 2.55236950692e-103 1.51656311951e-103 2.65764676403e-103 0.00209376356843 2.10846503034e-103
loves 2.55236950698e-103 0.00295436130123 0.0026288210145 0.00428231500165 5.43262312508e-29
loving 0.00255236950692 1.51656311951e-103 2.61141605906e-103 2.09376356843e-103 2.10846503034e-103
lovst 5.57647742336e-96 0.00151656311951 4.20897912426e-54 2.09376356843e-103 2.10846503034e-103
lusty 2.55236950886e-103 7.35629260745e-103 2.62740266477e-103 2.18129294617e-103 0.00210846503034
made 2.55236950692e-103 2.04290857332e-21 2.61141605906e-103 2.09376356843e-103 0.00210846503034
main 2.55735533237e-103 1.54273558713e-103 2.61141605906e-103 0.00204829612997 0.00215425172062
make 0.00495330485919 0.00601640952119 0.00285217959356 2.11728626863e-103 5.38592103663e-95
making 0.00510473901383 1.51656311951e-103 2.61141605906e-103 2.09376356843e-103 2.10846503034e-103
man 0.0025523695072 0.00151656311934 3.6715737028e-99 4.02951568155e-53 2.10846503034e-103
mans 1.63903757393e-102 0.00303312623902 4.09863283243e-55 5.81385798383e-81 2.10846503034e-103
many 2.55237949728e-103 0.00151656311951 4.09586906631e-100 2.11370140266e-103 2.10846503034e-103
manys 2.55247742114e-103 0.00151656311951 2.61377310522e-103 2.09531302563e-103 2.10846503034e-103
mark 2.55236950692e-103 1.51656311951e-103 2.61141605906e-103 0.00209376356843 3.80848160706e-74
mars 2.55248434772e-103 0.00151656311951 9.14910017791e-89 2.09376356843e-103 6.44071912821e-48
matter 2.55237963047e-103 0.00151656311951 2.70001638938e-103 1.31132638073e-77 2.12472958373e-103
may 2.55236950692e-103 1.51656311951e-103 2.61141605906e-103 0.00628129070529 2.19375251667e-103
mayst 2.55236950692e-103 1.51656311951e-103 0.00261141605906 2.09376356843e-103 2.10846503034e-103
me 0.00292436821714 0.00203983265791 1.29693204266e-46 0.0323485652517 0.0127757299149
measure 2.55236950692e-103 1.51656311951e-103 2.61141605906e-103 0.00209376356843 2.16054837233e-103
meetness 2.55236950692e-103 1.51656311951e-103 2.61141605906e-103 0.00209376356843 2.15517366192e-103
men 0.0026464658894 0.00304829315386 4.13044903141e-31 2.09376356843e-103 0.002009647322
mercy 2.55236950692e-103 1.51656311951e-103 2.61141605906e-103 0.00209376356843 2.10846503034e-103
methinks 0.00255236950692 1.51656311951e-103 2.61141605906e-103 2.09376356843e-103 2.10846503034e-103
might 2.55241126499e-103 8.39730399515e-41 2.61141605906e-103 0.00197071194678 0.00223238066489
millioned 2.55236950692e-103 1.51656311951e-103 0.00261141605906 2.09376356843e-103 2.10846503034e-103
mind 2.55494282764e-103 1.5405770773e-103 2.61141605906e-103 2.09376356843e-103 0.00210846503034
minded 0.00255236950692 6.04143070018e-40 2.61141605906e-103 2.09376356843e-103 1.48831364529e-34
minds 2.55236950692e-103 1.51656311951e-103 2.61141605906e-103 0.00209376356843 2.15424768362e-103
mine 2.59328833905e-103 7.89768875989e-43 0.00319344368092 0.00593261446865 0.0146404488771
minutes 2.56768010034e-103 1.51656311951e-103 1.46178882585e-100 0.00209376356843 2.10846503034e-103
misplaced 2.55236950692e-103 1.51656311951e-103 2.61141605906e-103 0.00209376356843 2.15424768362e-103
misuse 2.55883445004e-103 9.8702593706e-74 6.61205783031e-14 0.00209376356838 2.10846503034e-103
modern 2.60965243965e-103 1.54126073462e-103 2.61141605906e-103 2.09376356843e-103 0.00210846503034
monsters 2.84363488826e-103 8.43846513685e-86 2.61141605906e-103 2.09376356843e-103 0.00210846503034
moon 2.55236950692e-103 0.00151656311951 2.64742482837e-103 2.09376356843e-103 3.84834409252e-74
more 2.55238221845e-103 1.90432586715e-57 2.51840736053e-75 0.00418752713686 0.00632539509103
morning 2.55303715714e-103 0.00151656311951 2.70349258023e-103 2.09559737358e-103 2.10846503034e-103
morrow 2.55236950692e-103 1.51656311951e-103 2.61141605906e-103 0.00209376356843 1.58523968618e-91
mortal 2.55247742114e-103 0.00303312623902 2.67412452076e-103 2.09376356843e-103 2.10846503034e-103
most 0.00255236950692 1.51656311951e-103 2.61141605906e-103 2.09376356843e-103 2.10846503034e-103
mounted 2.55236950692e-103 0.00151656311951 2.61340869837e-103 2.09376356843e-103 1.22354393273e-35
much 2.55236950694e-103 1.53939860972e-103 2.61141605906e-103 2.09376356843e-103 0.00210846503034
murdrous 2.55236950692e-103 1.51656311951e-103 0.00261141605906 2.09376356843e-103 2.10846503034e-103
muse 2.55236950692e-103 3.13328193086e-60 2.61141605906e-103 2.09376356843e-103 0.00421693006069
must 2.55236950692e-103 0.00151530980324 0.00261357418238 3.44833481599e-32 3.15382731823e-98
my 0.018431102451 0.0363205752533 0.0302917068294 0.00676251110017 2.3848538628e-103
name 2.55247655498e-103 0.00156769360386 2.61141605906e-103 0.00197940348879 0.00426100684008
nativity 0.00255236950692 1.51656311951e-103 2.61141605906e-103 2.09376356843e-103 2.10846503034e-103
natures 2.55236950692e-103 1.51656311951e-103 0.00261141605906 1.18853119257e-36 2.10846503034e-103
nay 0.00510473901383 1.51656311951e-103 2.61141605906e-103 2.09376356843e-103 2.10846503034e-103
near 2.55236950692e-103 1.51656311951e-103 2.61141605906e-103 0.00209376356843 2.76869863259e-73
need 2.55237949728e-103 0.00151656311951 2.70045660306e-103 2.10285346262e-103 2.10846503034e-103
needst 2.55236950692e-103 1.51656311951e-103 2.61141605906e-103 0.00209376356843 1.08104824605e-98
neer 2.55236950692e-103 1.51656311951e-103 0.00261141605906 5.64115931453e-43 2.10846503034e-103
neglected 2.55236950692e-103 1.51656311951e-103 1.11491061466e-41 0.00209376356843 2.10846503034e-103
neither 2.55238227153e-103 0.00151656311951 2.69754884118e-103 1.19885075554e-74 2.11582215706e-103
never 2.55247742114e-103 0.00151656311951 2.61141605906e-103 2.09376356843e-103 2.10846503034e-103
new 0.00255236950692 8.0854580433e-62 2.61141605906e-103 2.09376356843e-103 1.06268059816e-101
niggard 2.55236950692e-103 0.00151656307307 2.64685125261e-103 2.09376356843e-103 6.45682476865e-11
night 2.55236950692e-103 1.51656311951e-103 2.61141605906e-103 0.00837505427372 1.20934368943e-95
nimble 2.55237949728e-103 0.00151656311951 4.3519013086e-54 0.00209376356843 2.10846503034e-103
no 0.0109911766978 0.00984302596299 0.0135882050957 2.18361422217e-48 6.78741232233e-46
none 0.00255236950692 1.51656311951e-103 9.23825570941e-15 0.00209376356842 2.10846503034e-103
nor 0.0330871169536 0.00157222970582 1.54257714603e-46 2.09425403969e-103 1.1751356633e-14
not 3.33532931491e-101 2.3976562654e-50 1.06069220148e-72 0.0124817722993 0.0359252820322
nothing 0.00255236950692 1.51656311951e-103 2.64330904459e-103 2.09376356843e-103 2.10846503034e-103
now 0.00740856539646 0.00140834834661 0.00566346334403 2.09376356843e-103 2.10846503034e-103
oaths 2.55236950692e-103 3.85775025652e-26 2.63832622103e-103 2.10634620824e-103 0.00421693006069
objects 2.55236950692e-103 1.51656311951e-103 2.61141605906e-103 2.12634568172e-103 0.00210846503034
oblivion 2.55236950692e-103 1.51656311951e-103 2.61141605906e-103 0.00209376356843 2.10846503034e-103
obsequious 2.55236950692e-103 1.51656311951e-103 0.00261141605906 6.67434417945e-29 2.10846503034e-103
ocean 2.56039663951e-103 0.00147257968161 0.00268715247555 4.02215806265e-76 2.10846503034e-103
of 0.00726364578271 0.0220982557354 0.0808895418915 2.44260881735e-50 0.0118232737778
offenders 2.55238107661e-103 0.00151656311951 2.6995627955e-103 2.09376356843e-103 2.18929774959e-103
oft 2.55237566336e-103 8.92952646567e-95 2.61141605906e-103 2.09376356843e-103 0.00210846503034
old 2.55236950843e-103 0.00303312623902 1.15398279314e-86 2.09376356843e-103 2.1526512638e-103
on 0.00277387990848 0.0089176733908 0.00267115643604 0.00835117970822 0.00426237547507
once 2.55247725323e-103 0.00151656311951 2.61182166338e-103 2.09376356843e-103 2.1744644587e-103
one 2.55237950788e-103 0.00141798007358 0.00515481189227 0.00228440389405 2.10846503034e-103
only 2.55236950692e-103 1.51656311951e-103 0.00261141605906 6.31925208828e-66 2.10846503034e-103
open 2.55236950692e-103 1.51656311951e-103 2.61141605906e-103 0.00209376356843 2.10846503034e-103
or 0.0153142170415 0.00303312623902 7.71017923963e-102 2.09376356843e-103 2.10846503034e-103
other 2.55272793377e-103 0.00163172185053 2.61141605906e-103 2.09376356843e-103 0.0040568258394
others 2.56146526679e-103 0.00303312623902 2.69284731534e-103 2.15331659533e-103 2.10846503034e-103
our 0.00508256051747 0.00153834808319 0.00259659544298 1.021037098e-59 2.10846503034e-103
out 2.55236950692e-103 1.52868163672e-103 2.61141605906e-103 0.00414304013743 0.00426172942774
outward 2.55309717754e-103 0.00303312623902 1.72135425499e-92 4.84554451036e-16 2.10846503034e-103
over 2.55237950167e-103 0.00146501178277 0.00270018387023 1.23370009195e-96 2.10846503034e-103
overturn 2.55236950692e-103 1.51656311951e-103 2.61141605906e-103 2.0937636006e-103 0.00210846503034
own 2.1153250877e-69 1.51656311951e-103 0.0130570802953 6.30704370735e-30 2.15849718793e-103
owners 2.55238341467e-103 0.00151656311951 2.69647400246e-103 2.74691175574e-88 2.12491326056e-103
painter 2.69062263402e-103 0.00151656311951 2.61141605906e-103 2.09376356843e-103 2.35275634031e-99
painting 8.72077231307e-34 1.51656311951e-103 0.00261141605906 2.09376356843e-103 2.10846503034e-103
part 2.55236950692e-103 1.51656311951e-103 2.61141605906e-103 0.00418752713686 2.15992383481e-103
partial 2.55236950692e-103 1.51656311951e-103 2.61141605906e-103 0.00209376356843 2.10846503034e-103
particulars 2.55236950692e-103 0.00151656311951 2.63275684763e-103 2.11111469762e-103 1.66597950762e-55
parts 2.55236951148e-103 1.54030502889e-103 9.45248303186e-98 2.10347305467e-65 0.00210846503034
pass 2.55236950692e-103 1.51656311951e-103 2.61141605906e-103 2.09376356843e-103 0.00210846503034
past 0.00255236950692 1.51656311951e-103 2.61141605906e-103 2.09376356843e-103 2.10846503034e-103
patience 2.55247742114e-103 0.00151656311951 2.61141605906e-103 2.09376356843e-103 2.10846503034e-103
pen 2.59958226386e-103 1.54134546525e-103 2.68245409489e-103 2.09475616893e-103 0.00421693006069
pencil 2.55236950692e-103 1.51656311951e-103 3.19280600044e-14 0.0020937635684 2.10846503034e-103
penury 2.55247742114e-103 0.00151656311951 2.61141605906e-103 2.09376356843e-103 2.10846503034e-103
perceive 2.55247508028e-103 0.00151656311951 2.61458039961e-103 2.09376356843e-103 7.51707620817e-77
perfect 2.55236950692e-103 1.51656311951e-103 2.61141605906e-103 0.00209376356843 2.10846503034e-103
perfection 2.55236950692e-103 1.5404108206e-103 2.61141605906e-103 2.09376356843e-103 0.00210846503034
perfumes 2.60876546797e-103 0.00303312623902 5.25901462832e-81 2.09376356843e-103 2.36221952047e-65
permit 2.55247742259e-103 0.00151656311951 2.61141605906e-103 2.09376356843e-103 8.01448270166e-90
philomel 2.55247742185e-103 0.00151656311951 2.61141605906e-103 2.09376356843e-103 2.8507224752e-103
physician 2.56965678731e-103 1.22555558966e-08 2.6723273067e-103 2.09376356843e-103 0.00210844799155
picture 2.55236950692e-103 1.71866305032e-86 2.61318915653e-103 2.10006730693e-103 0.00210846503034
placed 2.55236950692e-103 1.51656311951e-103 2.61141605906e-103 0.00209376356843 2.10846503034e-103
plants 2.55236950692e-103 1.51656311951e-103 4.58265829763e-84 0.00209376356843 2.10846503034e-103
play 2.5523896049e-103 2.30608846972e-50 2.61141605906e-103 2.09376356843e-103 0.00210846503034
plea 2.55236950692e-103 1.51656311951e-103 2.12695433818e-53 0.00209376356843 2.10846503034e-103
plead 6.35210194708e-33 1.51656311951e-103 2.19176043197e-92 9.46834337388e-07 0.00210751154776
pleasure 2.55236950692e-103 1.51656311951e-103 2.61141605906e-103 0.00209376356843 2.96544505079e-74
poet 2.55237013347e-103 1.5202179849e-103 0.00261304924162 8.38457438794e-36 0.00210714639392
poor 2.55238256256e-103 0.00472028340497 2.66274036437e-103 9.09530359258e-10 0.00187128863741
possessed 2.55237800987e-103 0.00151656311951 2.69215542934e-103 1.50903166959e-15 2.16136966606e-81
power 2.55236950692e-103 1.51656311951e-103 2.61141605906e-103 0.00209376356843 2.15424768362e-103
praise 2.55236950692e-103 1.54077823299e-103 0.00505680849787 0.00218327011371 0.00215237797133
prayers 2.55236950692e-103 1.51656311951e-103 0.00261141605906 2.09376356843e-103 2.10846503034e-103
pride 2.55236950692e-103 1.51656311951e-103 0.00261141605906 2.10078077456e-103 2.10846503034e-103
prime 2.55236950692e-103 1.51656311951e-103 2.61141605906e-103 3.00980749064e-63 0.00210846503034
princes 0.00221269971044 0.00171838761426 2.61141605906e-103 2.09376356843e-103 8.50251602156e-86
private 2.55236950692e-103 0.00151656311951 1.17137452601e-49 2.09376356843e-103 2.10846503034e-103
profitless 0.00255236950692 1.51656311951e-103 2.61141605906e-103 2.09376356843e-103 2.10846503034e-103
proud 2.55240779488e-103 2.38786620441e-42 0.00261141605906 6.40636208121e-59 0.00210846503034
prove 2.55236950692e-103 1.51656311951e-103 2.61141605906e-103 0.0019306683011 0.00227270547897
put 2.55238178179e-103 2.49445175285e-35 2.68347878983e-103 0.00209376356843 2.14594772343e-103
queen 2.55236950692e-103 1.51656311951e-103 2.61141605906e-103 0.00209376356843 2.32620996262e-80
quick 2.55236950692e-103 2.59972988053e-21 2.64775939803e-103 0.00418752713686 2.10846503034e-103
quicker 2.55236950692e-103 0.00151656311951 2.64742482837e-103 2.41591204043e-49 2.10846503034e-103
quill 7.78222659069e-43 1.51656311951e-103 0.00261141605906 2.09376356843e-103 2.10846503034e-103
quite 2.55236950692e-103 1.51656311951e-103 2.61141605906e-103 0.00418752713686 2.13110960034e-103
rainy 2.55236950692e-103 1.51656311951e-103 2.61141605906e-103 0.00209376356843 2.10846503034e-103
ranged 2.55236950692e-103 1.51656311951e-103 2.61141605906e-103 0.00209372926234 3.45469718141e-08
rare 2.55236950692e-103 1.51656311951e-103 2.61141605906e-103 2.58112204338e-34 0.00421693006069
rather 2.55247742337e-103 0.00151656311951 2.61141605906e-103 2.09376356843e-103 3.81604530533e-75
razed 2.55236950692e-103 1.51656311951e-103 0.00261141605906 2.35295396246e-61 2.10846503034e-103
read 1.31211107914e-42 0.00151656311951 9.39347926554e-42 2.09376356843e-103 2.10846503034e-103
reap 2.55236950692e-103 1.51656311951e-103 2.61141605906e-103 0.00209376356843 2.15424768363e-103
reason 2.5524284583e-103 0.00303312623902 2.65793175202e-103 2.09496495527e-103 2.1154277171e-103
receipt 2.55237347627e-103 0.00151656311951 2.66811458166e-103 2.09376356843e-103 2.45028074714e-74
receives 2.55236950692e-103 1.51656311951e-103 0.00261141605906 2.21929900278e-79 2.10846503034e-103
receivest 2.55236950692e-103 1.51656311951e-103 2.61141605906e-103 0.00209376356843 2.29287025385e-43
reckoning 2.55247742114e-103 0.00151656311951 2.61141605906e-103 2.09376356843e-103 2.10846503034e-103
record 2.55247742135e-103 0.00151656311951 2.61141605906e-103 2.09376356843e-103 2.12784563159e-103
red 0.00255236950692 1.51656311951e-103 2.61141605906e-103 2.09376356843e-103 2.10846503034e-103
redeem 2.55236950692e-103 1.51656311951e-103 2.61141605906e-103 4.6867586877e-06 0.00210374536335
reign 2.55236950692e-103 1.51656311951e-103 2.61141605906e-103 0.00209376356843 4.47257340619e-73
remember 2.5841890272e-103 1.51656311951e-103 0.00261141605906 2.09376356843e-103 2.10846503034e-103
removed 2.55241752427e-103 1.51656311951e-103 2.61141605906e-103 2.09376356843e-103 0.00210846503034
report 2.55236950692e-103 1.51656311951e-103 2.61141605906e-103 0.00209376356843 2.19392171722e-103
reserve 0.00255236950692 1.51656311951e-103 2.61141605906e-103 2.09376356843e-103 2.10846503034e-103
respect 2.55236950692e-103 1.51656311951e-103 2.61141605906e-103 0.00209376356843 1.20414610244e-68
resting 2.55236950692e-103 0.00151656311951 2.61141605906e-103 2.09376356843e-103 2.10846503034e-103
return 0.00255236950692 1.51656311951e-103 2.61141605906e-103 2.09376356843e-103 2.10846503034e-103
review 2.55236950692e-103 1.51656311951e-103 2.61141605906e-103 0.00209376356843 2.15424768362e-103
reviewest 4.79889308747e-67 0.00151656311951 2.0733697985e-63 2.09376356843e-103 2.10846503034e-103
rhyme 2.55236950692e-103 1.51656311951e-103 2.61141605906e-103 1.8489110937e-23 0.00210846503034
rich 6.20412600887e-52 1.51656311951e-103 8.50827344619e-46 2.07497515939e-101 0.00210846503034
ride 2.55236950692e-103 1.51656311951e-103 2.61141605906e-103 0.00209376356843 2.15776877054e-103
right 2.55237950167e-103 0.00146501178277 0.00270018387023 2.11476848563e-103 2.10846503034e-103
rightly 2.55236950692e-103 1.51656314705e-103 2.61141619134e-103 0.00209376356843 1.71645501749e-31
rocks 2.55247742114e-103 0.00151656311951 2.61141605906e-103 2.09376356843e-103 2.10846503034e-103
rolling 2.55236950692e-103 1.51656311951e-103 2.61141605906e-103 0.00209376356843 2.15833067976e-103
roof 2.55236950692e-103 1.54126073462e-103 2.61141605906e-103 2.09376356843e-103 0.00210846503034
roses 2.55236950692e-103 0.00151656311951 2.64742482868e-103 6.84610751517e-19 2.10846503034e-103
ruinate 2.55236950692e-103 1.51656311951e-103 2.61141605906e-103 0.00209376356843 2.15776877054e-103
sacred 2.55236950795e-103 1.51656311951e-103 0.00261141605906 2.09376356843e-103 2.21895367646e-103
sail 0.00255236950692 1.51656311951e-103 5.31106615239e-84 2.09376356843e-103 2.10846503034e-103
saint 2.55236950692e-103 1.51656311951e-103 2.61141605906e-103 3.86532960363e-74 0.00210846503034
sake 2.55236950692e-103 6.70803860787e-57 2.61834636819e-103 2.10151315267e-103 0.00210846503034
salve 2.55236950692e-103 1.51832442632e-103 2.61141605906e-103 2.09376356843e-103 0.00210846503034
salving 2.55236950692e-103 1.54126073462e-103 2.61141605906e-103 2.09376356843e-103 0.00210846503034
same 2.55236950692e-103 1.51656311951e-103 2.61141605906e-103 0.00209376356843 1.0074194293e-71
sap 0.00255238014912 0.00151655679614 2.69953022523e-103 2.09376356843e-103 2.10846503034e-103
saucy 2.55237949728e-103 0.00151656311951 2.70014120963e-103 2.13868911699e-70 2.10846503034e-103
savour 2.55236950692e-103 1.51656311951e-103 2.61141605906e-103 0.00209376356843 2.15424768362e-103
say 2.57102769836e-103 0.00301130252341 2.65007508958e-103 0.00621760404994 0.00431140522439
scaped 2.55236950692e-103 1.51656311951e-103 1.60506301617e-78 0.00209376356843 2.10846503034e-103
scope 2.55236950692e-103 1.51656311951e-103 2.61141605906e-103 2.09376356843e-103 0.00210846503034
sea 2.55236950692e-103 1.51656311951e-103 2.61141605906e-103 2.09376356843e-103 0.00210846503034
sealed 2.55237949728e-103 0.00151656311951 2.7001410592e-103 2.11475899011e-103 2.10846503034e-103
seasons 2.55236950692e-103 1.54801827746e-103 2.61141605906e-103 2.09376356843e-103 0.00210846503034
second 1.50072887863e-61 1.51656311951e-103 1.23832442621e-23 0.00418752713686 2.10846503034e-103
see 0.00781257064285 0.00154124333168 1.5727115292e-06 1.02389958838e-101 0.00194445815489
seek 2.55236950692e-103 1.51656311951e-103 2.6535493005e-103 0.00418752713686 2.13110960034e-103
seeking 0.00255236950692 1.51656311951e-103 2.61141605906e-103 2.09376356843e-103 2.10846503034e-103
seem 3.01364697226e-87 1.52881188729e-103 2.61141605906e-103 2.09376356843e-103 0.00421693006069
seen 1.11793288234e-40 0.00302760076438 0.00262093054153 0.00209376356843 4.50251569369e-73
seest 0.00255236950692 3.79313078787e-22 2.45731547038e-102 2.10067271245e-103 4.68299437495e-99
seeting 2.55236950692e-103 0.00151656311951 2.64742482837e-103 2.09376356843e-103 2.10846503034e-103
self 2.55239996774e-103 0.00602816107034 1.53392809736e-67 0.00212040445678 0.00845999033851
selfs 2.55236950692e-103 1.51656311951e-103 0.00261141605906 1.31091032852e-35 2.10846503034e-103
sendst 2.59383067055e-103 1.5677680691e-103 2.61141605906e-103 2.09376356843e-103 0.00210846503034
separation 2.55236950692e-103 1.51656311951e-103 0.00261141605906 2.1181424957e-103 2.10846503034e-103
set 2.55236950692e-103 1.51656311951e-103 2.61141605906e-103 0.00209376356843 1.48238533675e-73
shadow 0.00255236950692 1.51656311951e-103 2.61141605906e-103 2.09376356843e-103 2.10846503034e-103
shadows 2.55237949728e-103 0.00151656311951 2.70014113507e-103 2.09376356843e-103 2.10846503034e-103
shady 2.55236950692e-103 1.51656311951e-103 2.61141605906e-103 0.00209376356843 2.10846503034e-103
shaken 2.55236950692e-103 1.51656311951e-103 2.61141605906e-103 0.00209376356843 2.01319484598e-72
shall 0.00768261881295 0.00155372433792 0.00517561610457 2.69877179743e-99 0.00207384886915
shalt 8.02250561161e-31 0.00151656311951 2.61141605906e-103 2.09376356843e-103 2.10846503034e-103
shamefully 2.55236950692e-103 1.51656311951e-103 0.00261141605906 2.09376356843e-103 2.10846503034e-103
shames 1.59788293436e-89 1.51656311951e-103 2.61141605906e-103 2.09376356843e-103 0.00210846503034
sharpst 2.55236950692e-103 1.51656311951e-103 0.00261141605906 2.09376356843e-103 2.10846503034e-103
she 1.85961883188e-15 3.56623317771e-34 0.00261141605906 4.14687445651e-97 0.00421693006069
sheaves 2.55236950692e-103 1.51656311951e-103 2.61141605906e-103 0.00209376356843 2.15833067976e-103
shines 2.55236950692e-103 1.51656311951e-103 2.61141605906e-103 0.00209376356843 2.29869608804e-73
shop 9.07402038266e-33 1.51656311951e-103 0.00261141605906 2.09376356843e-103 2.10846503034e-103
short 2.55236950692e-103 1.51656311951e-103 6.95559844021e-61 0.00418752713686 2.13907067887e-103
should 2.6210020954e-103 0.0106159418366 2.64131552572e-103 2.0939756266e-103 2.13719610288e-103
show 6.95361962189e-28 1.51656311951e-103 0.00261141605906 0.00209376356843 2.15424768362e-103
sick 2.55239124344e-103 1.20842349446e-10 2.61629929362e-103 2.09376356843e-103 0.00421692989268
sight 2.55236950692e-103 1.51656311951e-103 2.61141605906e-103 0.00418752713686 9.20967005988e-24
simple 2.55236950692e-103 1.51656311951e-103 0.00261141605906 2.09376356843e-103 2.10846503034e-103
simply 0.00255236950692 1.51656311951e-103 2.61141605906e-103 2.09376356843e-103 2.10846503034e-103
since 0.00255242845783 0.00303309121165 1.67999928049e-89 2.09657786519e-103 2.61276774281e-88
sing 0.00255236950692 1.51656311951e-103 2.63037749344e-103 0.00418752713686 2.1560067825e-103
sit 2.55236950692e-103 1.51656311951e-103 2.61141605906e-103 0.00209376356843 2.61142219423e-75
skill 2.55236950692e-103 1.51656311951e-103 2.61141605906e-103 0.00418752713686 2.17554044769e-103
slander 2.55236950692e-103 0.00151656311951 2.64742482837e-103 2.09376356843e-103 2.10846503034e-103
slept 0.00255236948692 2.76950495035e-31 4.77416044901e-50 2.09376356843e-103 1.65197614752e-11
smell 2.55237949728e-103 0.00151656311951 1.67708999373e-88 0.00209376356842 1.29115383004e-14
so 0.0194229334098 0.0161313348265 0.0150246866124 3.46088426066e-30 2.21279260433e-103
soil 2.55236950692e-103 1.51656311951e-103 0.00261141605906 2.09376356843e-103 2.10846503034e-103
sole 2.55236950692e-103 1.51656311951e-103 2.61141605906e-103 0.00209376356843 2.10846503034e-103
solemn 2.55236950692e-103 1.70660468265e-83 2.61141605906e-103 2.09376356843e-103 0.00210846503034
some 8.8316817878e-12 0.0075828155923 2.61843308237e-103 2.09376356843e-103 0.00210846503034
sometime 7.26556556316e-31 1.51656311951e-103 0.00522283211811 2.09376356843e-103 2.10846503034e-103
son 2.55236950692e-103 1.51656311951e-103 2.61141605906e-103 0.00209376356843 2.30200640628e-74
soon 2.26865892221e-30 1.51656311951e-103 2.61141605906e-103 2.09376356843e-103 0.00210846503034
sooner 2.55236950733e-103 3.09599246568e-11 2.66452279932e-103 2.2861703991e-68 0.0021084649873
sorrow 2.55236950692e-103 1.51656311951e-103 2.61141605906e-103 0.00209376356843 1.45209213966e-79
sorry 2.55237949728e-103 0.00151656311951 2.70014107501e-103 1.19144864194e-90 2.10846503034e-103
soul 2.55238044599e-103 0.00151656311951 6.38517992035e-93 6.20013807194e-70 6.82334052231e-97
sounds 2.55236950692e-103 1.51656311951e-103 2.61141605906e-103 0.00209376356843 3.49899849196e-79
sour 2.55236950692e-103 1.51656311951e-103 2.61141605906e-103 0.00209376356843 4.17798661372e-77
spacious 2.55236950692e-103 1.51656311951e-103 2.61141605906e-103 0.00209376356843 6.27357935862e-32
speak 2.55236950692e-103 1.51656311951e-103 2.61141605906e-103 0.00209376356843 2.15424768362e-103
speaking 2.55236950692e-103 1.51656311951e-103 0.00261141605906 2.09376356843e-103 2.10846503034e-103
spend 2.55236950692e-103 1.51656311951e-103 2.61141605906e-103 0.00209376356843 9.87760400778e-75
spheres 2.55236950692e-103 1.51656311951e-103 0.00261141605906 2.60676913084e-64 2.10846503034e-103
spies 2.55236950692e-103 1.51656311951e-103 2.61141605906e-103 0.00209376356843 2.15424768362e-103
spirit 2.55236950692e-103 1.88563579467e-61 2.61155860409e-103 0.00209456084721 0.00421612718378
spirits 2.5878408208e-103 1.51656311951e-103 1.70037041881e-79 0.00209376356843 2.16636688491e-103
spread 2.55236950692e-103 1.51656311951e-103 2.61141605906e-103 0.00209376356843 2.15424768362e-103
spring 2.55236950692e-103 1.51656311951e-103 2.61141605906e-103 2.13480348133e-103 0.00210846503034
springs 2.55236950692e-103 1.85595478574e-35 2.61141605906e-103 2.09376356843e-103 0.00210846503034
spur 2.55236950692e-103 0.00151656311951 2.61141605906e-103 2.09376356843e-103 2.10846503034e-103
stand 2.55246891592e-103 0.00151290033679 2.61888788427e-103 0.00209882039785 6.74545159758e-95
star 1.33145945178e-51 7.27639209369e-08 2.61141605906e-103 2.09376356843e-103 0.00421682889762
state 2.55236950709e-103 1.61925785538e-103 2.61141605906e-103 2.09376356843e-103 0.00210846503034
statues 2.55237949728e-103 0.00151656311783 2.70014113172e-103 2.32463751035e-12 2.10846503034e-103
stealth 2.55236950692e-103 1.51656311951e-103 2.61141605906e-103 2.09376356843e-103 0.00210846503034
steep 2.56455939916e-103 0.00151656311951 2.13732699351e-102 2.09376356843e-103 2.10846503034e-103
steepy 2.55236950692e-103 1.51656311951e-103 2.61141605906e-103 0.00209376356843 2.10846503034e-103
still 2.5523704113e-103 0.00166678886219 4.97028011666e-88 0.00607388938911 3.775887146e-74
stones 2.55248171209e-103 0.00151656311951 2.61141605906e-103 2.09376356843e-103 3.47131760012e-58
story 2.55315154728e-103 0.00303312623902 5.32139489278e-28 2.09376356843e-103 5.86052758682e-103
stout 2.55236950692e-103 1.51656311951e-103 2.61141605906e-103 0.00209376356843 2.1676307265e-103
straight 0.00255237939951 0.000782754456966 2.70367289983e-103 0.00310685001171 2.13921013659e-103
strangely 2.55236950692e-103 0.00151656311951 2.64742482837e-103 2.09376356843e-103 2.10846503034e-103
strength 2.55236950692e-103 3.31668884877e-50 2.61141605906e-103 0.00209376356843 0.00210846503034
strive 2.55236950692e-103 1.51656311951e-103 2.61141605906e-103 0.00209376356843 3.93195803647e-21
such 2.58293276043e-103 0.00309685124247 3.06073792123e-74 0.00409954854308 2.10846503034e-103
suffer 3.32266110392e-25 1.51656311951e-103 2.61141605906e-103 2.09376356843e-103 0.00210846503034
sufferance 2.55236950692e-103 1.51656311951e-103 0.00261141605906 6.59421502392e-60 2.10846503034e-103
summer 2.5582314853e-103 1.51656311951e-103 0.00261141605906 2.09376356843e-103 2.10846503034e-103
summers 2.3163690442e-100 0.00758281559755 2.65362009686e-103 2.10003954202e-103 2.10846503034e-103
sun 2.55236950692e-103 1.60993743202e-103 2.61141605906e-103 2.09376356843e-103 0.00210846503034
sunken 2.55236950692e-103 1.51656311951e-103 2.61141605906e-103 0.00209376356843 2.10846503034e-103
surety 2.55237949735e-103 0.00151656311951 2.70121690064e-103 1.79640397674e-92 2.11677740622e-103
swallowed 2.55236950692e-103 1.51656311951e-103 6.49650841843e-77 0.00209376356843 2.10846503034e-103
sweet 2.23155403448e-05 0.00443268227385 0.00805627247562 0.00205898421837 2.10846503034e-103
sweetest 2.56455939916e-103 0.00151656311951 2.70811224444e-103 2.09376356843e-103 2.10846503034e-103
sweetly 1.32849213844e-102 1.51656311951e-103 0.00261141605906 2.09376357098e-103 2.10846503034e-103
sweetness 2.55236950692e-103 1.51656311951e-103 2.61141605906e-103 0.00209376356843 3.39094782378e-74
sweets 2.55236950692e-103 1.51656311951e-103 2.61141605906e-103 0.00209376356843 7.58387048785e-74
sword 2.55236950692e-103 1.54127579887e-103 2.61141605906e-103 2.09376356843e-103 0.00210846503034
take 2.55236950692e-103 1.51656311951e-103 0.00261141605906 2.15497587729e-103 2.10846503034e-103
taken 2.55236950692e-103 1.51656311951e-103 2.61141605906e-103 0.00418752713686 1.99965051103e-90
tame 2.55236950692e-103 0.00151656311951 2.64680868918e-103 2.09376356843e-103 3.80337966169e-49
tan 0.00255236950692 1.51656311951e-103 2.61141605906e-103 2.09376356843e-103 2.10846503034e-103
taste 2.55241681537e-103 7.88391386392e-29 2.61141605906e-103 2.09376356843e-103 0.00210846503034
taught 0.00255236950692 1.51656311951e-103 2.61141605906e-103 2.09376356843e-103 0.00210846503034
teach 2.55236950692e-103 1.51656311951e-103 0.00261141605906 2.12453786481e-103 2.10846503034e-103
tear 2.55236950692e-103 1.51656311951e-103 2.61141605906e-103 0.00209376356843 2.15424768362e-103
tell 0.0050950772475 1.51656311951e-103 3.01289128679e-103 0.0040916569044 0.00432145485628
tells 0.00255236842373 6.43602996857e-10 2.61141605906e-103 2.09376356843e-103 2.86394714526e-24
testy 2.55237949729e-103 0.00151656311951 2.7001410529e-103 3.18462347463e-82 2.10846503034e-103
than 2.55247742114e-103 0.00151656311951 2.61141605906e-103 2.09376356843e-103 2.10846503034e-103
thanks 2.63775108998e-103 0.00151656311951 2.61141605908e-103 2.09376356843e-103 6.73202602707e-67
that 0.0401112120682 0.0200442221649 0.0227775809062 6.69826498585e-78 0.0133793336753
thats 0.00255236950692 1.51656311951e-103 2.61141605906e-103 2.09376356843e-103 2.10846503034e-103
the 0.045107589604 0.0843250509285 7.96577333727e-44 0.00266724999948 0.00305840878625
thee 2.09500056038e-92 2.29215802471e-71 6.24893315103e-82 0.0162431642772 0.013161293986
their 2.58015097592e-103 0.00456611328199 0.00265188668146 1.27809634385e-56 0.00837834997792
theirs 2.55236950692e-103 0.00151656311951 2.61141605906e-103 2.09376356843e-103 2.10846503034e-103
them 2.55240881504e-103 0.00454968935853 2.6410723983e-103 2.09376356843e-103 8.45141468204e-37
themselves 2.55431948952e-103 0.00149099786496 0.00265543764671 7.89177585481e-100 2.10846503034e-103
then 0.0251810676803 0.00137342712943 0.00300074229931 2.09939354708e-103 0.00438462579685
thence 0.00255236950692 1.51656311951e-103 2.61141605906e-103 2.09376356843e-103 2.10846503034e-103
there 0.00255242479016 0.00302817163929 0.00261989097252 2.11079401448e-103 1.70836864212e-62
therefore 0.00510487390724 0.00606617232727 1.96048863508e-94 2.43809897095e-103 8.63082250168e-38
these 2.62079266186e-103 0.00303312623902 0.00261141605906 2.09376356843e-103 2.10846503034e-103
they 3.94458940663e-10 1.51656311951e-103 0.0104456638326 7.05956583281e-85 2.10846503034e-103
thine 2.88972030159e-38 1.17913739607e-87 0.00263877044198 0.00848065185542 0.00619697004134
thing 2.62043614172e-103 0.00303312623902 2.61141605906e-103 2.09376356843e-103 2.12231010519e-103
things 2.56449485623e-103 0.00606625247804 1.78418213297e-35 5.08779150413e-24 2.12384683478e-103
think 0.00255247742144 0.00151649899902 2.61703755783e-103 2.09376356843e-103 2.11984988835e-103
thinking 2.55236950692e-103 1.51656311951e-103 2.61141605906e-103 2.09376356843e-103 0.00210846503034
thinks 2.55236950692e-103 1.51656311951e-103 0.00261141605906 7.34300835292e-83 2.10846503034e-103
thinly 2.55236950692e-103 1.51656311951e-103 2.61141606305e-103 0.00209376356843 2.10846503034e-103
this 2.60335472107e-103 0.00749531017879 9.21259516425e-68 0.00645715771942 0.0125953463616
thorns 2.55236950692e-103 1.69234935019e-41 2.61141605906e-103 2.09376356843e-103 0.00210846503034
those 2.55236950696e-103 0.00144175826978 2.64743951277e-103 0.00429080254103 2.10846503034e-103
thou 0.0110508528536 0.0220803544729 1.61166940264e-44 0.0152655577865 0.0164880288745
though 2.55240547738e-103 0.00454968935853 2.6233092271e-103 2.09570466509e-103 2.11766762255e-103
thought 2.55236950692e-103 1.54128296507e-103 2.61141605906e-103 2.09376356843e-103 0.00210846503034
thoughts 2.55237510205e-103 2.87118559359e-103 2.61141605906e-103 2.09376356843e-103 0.00632539509103
thralled 2.55236950692e-103 1.51656311951e-103 2.63343312054e-103 0.00209376356843 2.10846503034e-103
three 0.00514129459667 0.00149484257764 2.73923209731e-103 2.12552175662e-103 2.10846503034e-103
throned 2.55236950692e-103 1.51656311951e-103 2.63343312054e-103 0.00209376356843 2.10846503034e-103
through 2.55244710962e-103 0.00303312623902 2.6382430488e-103 2.6542718667e-103 7.93093716402e-58
thus 2.55236950692e-103 1.52877292194e-103 0.0026278722835 2.09376356843e-103 0.00420364325652
thy 0.00260736467375 0.00968621839643 0.0407158924662 1.40462188402e-65 2.11015372104e-103
tibey 0.00255236950692 1.51656311951e-103 2.61179704931e-103 2.09376356843e-103 2.10846503034e-103
till 0.00255236950692 1.51656311951e-103 2.64356238532e-103 2.09376356843e-103 2.10846503034e-103
time 9.52603103613e-90 0.0094447190142 6.15812283913e-50 1.41939693049e-83 0.00584527136211
times 2.69303729401e-103 0.00151656311951 2.61141605906e-103 2.09376356843e-103 2.10846503034e-103
tired 1.67569221562e-60 1.51656311951e-103 2.14352884823e-29 0.00209376356843 1.41091524705e-50
tis 2.55236950692e-103 1.51656311951e-103 0.00261141605906 2.09376356843e-103 2.10846503034e-103
to 0.0275962633907 0.00959868637959 0.0808080726269 3.82253475746e-90 0.0124707014568
today 1.53341281296e-91 1.53899514679e-103 2.77374862052e-103 0.00209376356843 0.00210846503034
toil 0.00255236950692 2.51231022679e-43 2.69188532826e-103 2.0940252677e-103 2.13549907885e-103
tomb 2.55236950692e-103 1.51656311951e-103 2.61141605906e-103 2.53611274992e-80 0.00210846503034
tomorrow 0.00257678608109 1.51656311951e-103 0.00258643463151 2.95481199274e-100 2.10846503034e-103
tongue 2.55237949762e-103 0.00148465460812 2.7001436898e-103 0.00213781638615 1.46784681014e-101
tongues 2.55236950692e-103 1.51656311951e-103 2.62705366929e-103 0.00209376356843 2.10846503034e-103
too 2.55236950692e-103 1.51656311951e-103 0.00223442946396 0.00239602133998 2.10846503034e-103
took 2.55236950692e-103 1.51656311951e-103 2.61141605906e-103 0.00209376356843 2.10846503034e-103
top 2.55713750131e-103 3.70105515807e-99 2.61141605906e-103 2.09376356843e-103 0.00210846503034
travelled 2.55238385785e-103 0.00151656311951 2.76998856826e-103 1.0233444143e-73 2.11721770541e-103
treasure 2.57180513431e-103 0.00151656311951 2.70208954444e-103 2.09376356843e-103 4.64940374262e-75
trees 2.55236950692e-103 1.90045457516e-09 2.61141605906e-103 2.09376356843e-103 0.00210846238816
tresses 2.55236950692e-103 0.00151656237872 2.61218978302e-103 2.09376356843e-103 1.02991810622e-09
trifles 2.55236950692e-103 1.51656311951e-103 0.00261141605906 2.09376356843e-103 2.10846503034e-103
true 2.5529964495e-103 0.00303312623902 2.63206315169e-103 2.09387011465e-103 2.11693197117e-103
truly 2.55237950167e-103 0.00146501178277 0.00270018387023 2.92533200375e-78 2.10846503034e-103
trust 3.43688095536e-84 0.00151656311951 4.40772980979e-57 1.74225846378e-61 2.10846503034e-103
truth 2.55236950692e-103 1.51656311951e-103 2.61141605906e-103 0.0019306683011 0.00227270547897
tune 2.55236950692e-103 1.51656311951e-103 2.61141605906e-103 0.00209376356843 2.10846503034e-103
tuned 2.55236950692e-103 1.51656311951e-103 1.77958864821e-21 0.00209376356843 2.10846503034e-103
turned 2.55236950692e-103 1.51656311951e-103 2.61141605906e-103 0.00209376356843 2.15424768362e-103
twilight 2.55302877004e-103 1.37038123954e-92 2.61141605906e-103 2.09376356843e-103 0.00210846503034
two 2.61131910353e-103 0.00454968935853 6.48334683266e-72 4.79101776788e-58 2.10846503034e-103
tyrant 2.55238074423e-103 0.00151656311951 2.70342719286e-103 2.11448899843e-103 2.11770497732e-103
under 0.00255236950692 1.51656311951e-103 2.61363735656e-103 2.09376356843e-103 2.10846503034e-103
uneared 2.55236950692e-103 1.51656311951e-103 0.00261141605906 2.09376356843e-103 2.10846503034e-103
unkindness 2.55236950692e-103 1.51656311951e-103 1.06678670852e-78 0.00209376356843 2.10846503034e-103
unknown 2.55236950692e-103 1.51656311951e-103 0.00261141605906 2.09376356843e-103 2.10846503034e-103
unless 0.00255236950692 1.51656311951e-103 2.85156412172e-103 2.09376356843e-103 2.10846503034e-103
unused 2.62310974018e-103 1.51656311951e-103 2.61141605906e-103 2.09376356843e-103 0.00210846503034
up 2.55236950692e-103 1.5329390293e-103 2.61279150253e-103 2.09376356843e-103 0.00632539509103
upon 2.55236950692e-103 1.51656311951e-103 2.61141605906e-103 0.00209376356843 2.10846503034e-103
us 2.55236950692e-103 1.51656311951e-103 2.61141605906e-103 0.00209376356843 2.10846503034e-103
use 2.55247791704e-103 0.00151656311951 2.61141605906e-103 0.00209376356843 2.51937958131e-66
used 2.55247821626e-103 0.00151656311951 2.62246814812e-103 2.09376356843e-103 2.17975693818e-103
ushers 3.29944376299e-30 0.00151656311951 2.61182179639e-103 2.09803377673e-103 3.91090531756e-49
usurer 2.55238103653e-103 0.00151656311951 2.69869946784e-103 2.09376356843e-103 1.61330326702e-84
usury 2.55236950692e-103 1.51656311951e-103 2.61141605906e-103 0.00209376356843 2.15424768362e-103
vainly 2.55236950692e-103 1.51656311951e-103 2.61141605906e-103 0.00209376356843 2.10846503034e-103
vanished 2.55236950692e-103 0.00151656311951 4.8701438724e-71 2.09376356843e-103 2.10846503034e-103
vanishing 2.55247743483e-103 0.00151656311951 2.61141605906e-103 2.09376356843e-103 1.30364066185e-27
vaunt 0.00255236950692 1.51656311951e-103 2.61574555902e-103 2.09376356843e-103 2.10846503034e-103
verse 2.55236950697e-103 2.39869774831e-103 2.61141605906e-103 2.09376356843e-103 0.00210846503034
vice 2.55236950692e-103 0.00151656311951 2.61141605906e-103 2.09376356843e-103 6.05052968897e-19
virtuous 2.55237950167e-103 0.00146501178277 0.00270018387023 2.09376356843e-103 2.10846503034e-103
visage 2.55236950692e-103 1.51656311951e-103 2.62136040293e-103 0.00209376356843 2.10846503034e-103
votary 2.55236950692e-103 1.51656311951e-103 0.00261141605906 2.09376356843e-103 2.10846503034e-103
vows 2.55237142005e-103 0.00151656311951 2.63278774803e-103 2.11308049166e-103 2.50989940043e-60
wandring 2.55236950692e-103 0.00151656311951 2.64742482837e-103 2.09376356843e-103 2.10846503034e-103
wanting 2.55236950692e-103 1.51656311951e-103 2.61141605906e-103 0.00209376356843 1.80261468063e-102
wanton 2.56455923602e-103 0.00151656311951 2.61141605906e-103 2.09376356843e-103 2.10846503034e-103
wantonly 2.55236950692e-103 1.51656311951e-103 2.61141605906e-103 0.00209376356843 2.16191422893e-103
war 2.55236950692e-103 1.082689592e-76 2.61141605906e-103 2.09376356843e-103 0.00210846503034
warrantise 2.5523896049e-103 1.09754790312e-49 2.61141605906e-103 2.09376356843e-103 0.00210846503034
wars 2.55236950692e-103 1.51656311951e-103 0.00261141605906 2.09376356843e-103 2.10846503034e-103
was 0.00765711523174 1.52470768809e-103 2.61141605906e-103 2.09376356843e-103 0.00632538954721
wasteful 2.55237949728e-103 0.00151656311951 2.70070472079e-103 2.09376356843e-103 2.10846503034e-103
watery 2.55237611173e-103 2.86236338129e-31 0.00261141605906 2.09376356843e-103 2.10846503034e-103
we 2.55236950713e-103 0.00151656311951 2.6474259212e-103 0.00209376356843 2.10846503034e-103
weakness 2.55236950692e-103 1.51656311951e-103 2.61141605906e-103 2.09376356843e-103 0.00210846503034
wealth 2.55247742241e-103 0.00151656311951 2.61141605906e-103 2.09376356843e-103 2.17697216072e-74
weep 2.55240614928e-103 4.86829193287e-54 2.61141605906e-103 0.00170652922853 0.00249841835485
welfare 2.55236950692e-103 1.51656311951e-103 2.63343346863e-103 0.00209376356843 2.10846503034e-103
well 2.55236950692e-103 2.13846796698e-78 0.00504813575856 0.0043059626293 0.00213024829347
were 2.27258112243e-87 0.00124445027176 9.68959744497e-72 2.09376356843e-103 0.00459524627872
what 2.55247956677e-103 0.00303312623902 0.0104456642362 2.09376356843e-103 5.83001707497e-76
when 0.0247267000199 0.00508517616904 4.32157531527e-99 2.09448021407e-103 0.00202236499621
whence 2.55236950692e-103 1.51656311951e-103 0.00261141605906 2.09376356843e-103 2.10846503034e-103
where 2.55242334612e-103 0.00302241556214 0.00262804035557 2.09376356843e-103 0.00210993348885
wherein 2.55236950692e-103 1.54214558176e-103 2.61141605906e-103 2.09376356843e-103 0.00210846503034
whereon 0.00255236950692 4.60193953383e-48 1.13142978147e-52 2.09376356843e-103 5.61375414872e-71
whether 2.55236950795e-103 1.51656311951e-103 0.00261141605906 2.09376356843e-103 2.57819610492e-103
which 0.0250236280949 0.00335832875302 2.69057521501e-103 2.09382258686e-103 0.00206943472992
whilst 0.00765710852075 1.51656311951e-103 2.61141605982e-103 2.09376356843e-103 2.10846503034e-103
white 2.55236950692e-103 1.51656311951e-103 2.61141605906e-103 2.1789931435e-09 0.00210846283605
who 2.55245064145e-103 0.0014888018382 0.00527063511087 5.16535837399e-77 2.1408742437e-103
whom 0.00253696303438 9.15419494921e-06 7.20453442644e-48 7.86610778248e-69 1.62622531603e-19
whos 2.5524774244e-103 0.00151656311951 2.61141605906e-103 2.09376356843e-103 6.93249310247e-66
whose 1.98265223483e-80 4.21948959327e-35 2.61552572394e-103 2.09376356843e-103 0.00843386012138
why 0.0153148544274 0.00302745040897 2.64788773025e-103 2.09376356843e-103 0.0042242945871
wide 2.55568466366e-103 0.00151401908828 2.65022905951e-103 0.001934499373 0.00227238445236
widow 2.55236963621e-103 1.53792128857e-103 2.63024411712e-103 2.09376356843e-103 0.00421693006069
will 0.00528859240693 0.00735079184869 0.00272390561164 0.00204004727073 0.00435090193993
wilt 0.00515198553364 0.0014884902526 8.52374781015e-27 2.09613056032e-103 2.10846503034e-103
win 2.55242215278e-103 2.31114272983e-56 3.14605085242e-22 0.00418752713686 4.60314852006e-36
wind 2.55236950692e-103 1.51656311951e-103 2.61141605906e-103 2.09816786122e-103 0.00210846503034
winds 2.55236950692e-103 1.51656311951e-103 2.61141605906e-103 2.09376356843e-103 0.00210846503034
windy 2.55236950692e-103 1.51656311951e-103 0.00261141605906 2.09376356843e-103 2.10846503034e-103
wing 2.55236950692e-103 1.51656311951e-103 2.61141605906e-103 0.00209376356843 2.15424768362e-103
wisdom 2.55236950692e-103 1.51656311951e-103 2.61141605906e-103 0.00209376356843 2.12179077747e-103
wish 2.55236950692e-103 1.54040781624e-103 2.61141605906e-103 2.09376356843e-103 0.00210846503034
wishing 1.84834536877e-10 1.51656311951e-103 0.00261141586995 2.09376356843e-103 2.10846503034e-103
wit 6.91252640293e-37 7.35117892594e-29 2.61141605906e-103 2.09376356843e-103 0.00632539509103
with 0.025663863068 3.7217115567e-24 2.13907339497e-90 2.10982542238e-103 0.0188603950933
within 2.16265492256e-100 0.00303312623902 5.62471845401e-63 5.67380558594e-68 1.95304343379e-33
without 9.35471409963e-95 1.64158269895e-103 2.61141605906e-103 2.09376356843e-103 0.00210846503034
woe 2.55236950692e-103 1.51656311951e-103 2.61141605906e-103 0.00418752713686 2.15738146672e-103
woman 2.56522574351e-103 0.00151656311951 3.70568806405e-97 2.09376356843e-103 2.10846503034e-103
womans 2.55236950692e-103 1.51656311951e-103 2.61141605906e-103 0.00209376356843 2.10846503034e-103
womb 2.55236950692e-103 1.51656311951e-103 2.61141605906e-103 0.00209376356843 2.15424768362e-103
won 2.55236950692e-103 1.51656311951e-103 2.61141605906e-103 0.00209376356843 4.3875284377e-58
woos 2.55236950692e-103 1.54126073462e-103 2.61141605906e-103 2.09376356843e-103 0.00210846503034
word 2.55236950692e-103 1.54132748634e-103 2.61592810449e-103 2.09376356843e-103 0.00210846503034
words 2.55236950692e-103 1.51656311951e-103 2.61141605906e-103 2.09376356843e-103 0.00210846503034
works 2.55236950692e-103 0.00151656311951 2.61643658862e-103 2.09376356843e-103 2.33089099263e-45
world 1.75883793746e-56 0.00312911762309 2.66896623056e-103 2.09376356843e-103 0.006191939072
worms 2.55237949728e-103 0.00151656311951 2.70014308847e-103 2.14619992118e-103 2.10846503034e-103
worst 2.55745076311e-103 1.59426906586e-103 2.61141605906e-103 2.09376356843e-103 0.00210846503034
worth 7.56572309119e-34 1.52846501143e-103 0.00261141605257 1.96855928397e-10 0.00421692986769
would 1.38660907303e-77 1.51656311951e-103 0.0156684963543 2.13489520726e-103 2.10846503034e-103
wound 2.55250734233e-103 1.51656311951e-103 2.61141605906e-103 2.09376356843e-103 0.00210846503034
wretch 2.55745076311e-103 1.55441961756e-103 2.61141605906e-103 2.09376356843e-103 0.00210846503034
wretched 2.55236950692e-103 1.51656311951e-103 2.61141605906e-103 0.00209376356843 2.10846503034e-103
wrinkles 2.55238291804e-103 0.00151656311951 2.69693987367e-103 2.09376356843e-103 9.62340260033e-70
write 2.47192404181e-81 0.00620779489392 1.80107265127e-97 0.00608587672825 8.47844191111e-10
writes 8.95410666712e-17 0.00151656311951 2.70989585737e-103 2.13292915514e-103 1.37632536362e-23
wrongfully 2.55236950692e-103 1.51656311951e-103 0.00261141605906 2.09376356843e-103 2.10846503034e-103
wrongs 2.55236950692e-103 1.51656311951e-103 2.61141605906e-103 0.00209376356843 2.15517366192e-103
ye 2.55236950692e-103 1.51656311951e-103 2.61141605906e-103 0.00209376356843 3.70752119539e-76
yellow 2.55237265941e-103 1.53966552299e-103 2.61141605906e-103 2.09376356843e-103 0.00210846503034
yet 0.0102098117556 0.00606605418405 2.63304035353e-103 2.14137585146e-103 2.11435269612e-103
yield 2.55236950692e-103 1.0288634862e-14 4.22861833746e-49 0.00185897889495 0.00234489825573
you 0.00302459654847 0.0106153968807 3.63799544649e-54 2.10532313639e-103 0.0038275897225
young 2.55236950692e-103 1.51656311951e-103 2.61141605906e-103 0.00209376356843 1.85548170939e-74
your 0.00510213059507 3.46986788631e-34 0.00441583122208 0.0027761863507 0.0105088403755
youth 2.55236950692e-103 1.51656311951e-103 2.61141605906e-103 0.00209376356843 2.1591624338e-103
youthful 0.00255236950692 3.00197920843e-32 2.61141605906e-103 2.09376356843e-103 9.17780364227e-78
