7.053852556688907988e-30 1.443737981705157639e-08 4.523902779422215597e-26 3.042798463997631338e-21 1.384384019069283270e-53 1.697928380314307857e-19 4.350217120287296346e-01 1.941686985022455853e-32 4.947267563337238161e-01 7.025151720016668822e-02 4.664786305661086917e-103 7.233374178956879514e-26
1.095863438270955465e-28 4.810302727415725621e-01 6.726608200765733131e-11 2.125023372966476623e-21 2.356135974899856776e-54 5.142284832889789659e-01 1.168771643614583053e-06 4.740018319268336951e-03 9.817927118093594725e-13 3.311615741324833117e-25 3.396495004894341139e-103 5.681028870817703922e-08
9.935489578703370705e-43 6.991284191345172083e-23 5.484507226552631787e-01 4.211251953022343353e-24 4.235317276914178909e-45 1.551422361479459075e-07 9.291272272888138134e-41 2.694972613002439730e-05 4.515221724763705535e-01 5.347900055050972554e-79 4.395279626678199253e-103 4.069069411825395676e-38
8.383564443909232589e-21 3.930179557596183981e-01 5.434655796500225504e-15 3.504493049575112184e-12 7.513175119817613220e-40 1.747850975811306440e-01 3.643755223230185636e-02 3.957593925670089829e-01 1.856430203194844320e-09 7.236489009566178869e-63 4.106245451718696295e-103 5.262510251654194862e-61
4.645592297426484136e-35 1.242305385822016782e-06 2.123198517849021749e-01 3.928246107723840163e-16 2.623021512937508209e-32 1.285522877579691477e-44 8.907123716350799699e-38 7.736594015107959299e-01 1.401950439891562483e-02 5.883294415810467301e-103 5.871805467057873347e-103 5.871805467057873347e-103
3.515464894227466683e-31 2.480204362128181575e-21 1.242994958417796003e-01 5.762053032287873830e-19 1.319767849443737241e-50 8.796913490938298229e-06 5.596853168584763061e-03 2.227123227955101019e-22 3.409738113296256266e-22 1.029521236267119337e-38 2.944756080078083242e-103 8.700948540761447303e-01
7.274935923667692483e-01 3.147857959564690450e-29 3.619138891275346362e-19 2.392726934800542094e-25 1.612258507489566104e-28 3.787262794143065464e-02 3.427419473429415414e-02 2.003595849575059706e-01 2.048581581295147397e-34 2.621037494293137849e-25 4.527563046559704646e-103 8.568233949363552887e-19
5.822415242405266922e-03 2.402382786576217493e-22 8.109075367753798558e-02 8.105008748396937968e-01 1.292729936294478960e-29 1.283812699845054260e-21 1.380137870908421452e-02 8.878457753127869112e-02 4.512015743619360969e-21 9.071694206058333521e-45 3.328115530936189318e-103 1.079747207947226418e-19
6.676898517901627833e-21 2.703160857161822639e-01 8.760538952520431838e-08 2.421922869087055608e-15 1.356799621106607052e-30 6.499597284775885386e-01 3.934308528380138503e-02 1.767042454653909727e-15 1.016391514809680579e-17 8.646176134286379729e-38 4.735474242201612207e-103 4.038101291703426188e-02
3.491762877610596338e-01 1.785014206992361106e-44 5.992009906883337085e-38 3.457914977473020340e-25 1.946468176147546473e-52 1.256423244026923322e-69 6.508237122389403106e-01 4.240146148805496303e-37 1.227253539908093457e-38 3.508391418290241321e-42 6.722481405364021546e-103 6.722481411255401450e-103
1.766716064397730519e-52 3.298712738209045813e-103 2.028884137761109930e-30 1.783332559140473439e-45 5.602150314183942381e-01 3.843924846622434555e-92 1.656837011193119226e-39 7.402612747472928729e-47 3.297900898320586682e-103 4.397849685816057064e-01 3.289473684210526616e-103 3.289473684210526616e-103
0.000000000000000000e+00 0.000000000000000000e+00 0.000000000000000000e+00 0.000000000000000000e+00 0.000000000000000000e+00 0.000000000000000000e+00 0.000000000000000000e+00 0.000000000000000000e+00 0.000000000000000000e+00 0.000000000000000000e+00 0.000000000000000000e+00 0.000000000000000000e+00
