3.852896105287824767e-54 2.920604051321654925e-58 8.005197178606099965e-29 5.275746900582109198e-42 3.421223147354742677e-87 4.682743463514366100e-01 3.758075264858452558e-01 1.559181271627181065e-01 2.531270102858761220e-60 3.869668232152078186e-67 4.839772609219040400e-103 2.032468526306027744e-94
7.480466834155471089e-83 1.048867313218781044e-01 2.144633183865024880e-22 1.553522091082506495e-01 3.431917370166312596e-103 8.099899525090672203e-39 3.423674301053027563e-103 5.144482348685305614e-15 7.342910381969207117e-83 3.490622177298485003e-103 3.417655525170563303e-103 7.397610595698661529e-01
3.131494863450486895e-48 2.342601990398958944e-01 3.174385726257551423e-37 4.209602736146681456e-01 4.983508904173781781e-38 7.877483244882836306e-74 3.678368538691093761e-67 7.733461031389545978e-03 4.556052511935244035e-45 2.895301268249300309e-101 3.900238990855710971e-103 3.370460663140465440e-01
2.248563917807794175e-33 7.865791111809548042e-01 4.285010822016496052e-02 6.471552289011323507e-45 3.727662239177653143e-61 1.705707805988802006e-01 1.052232088892086426e-47 5.524475735498320692e-41 2.473951006234704191e-66 4.138667774662333085e-103 4.136761356701430575e-103 2.781285508757912513e-37
6.205285305881874658e-01 6.576332372095667183e-67 3.677813803679657377e-32 1.253025503842603501e-83 5.088914941194824522e-38 1.453104424979190431e-33 4.392887303245883951e-27 3.490496984698809430e-22 3.794714694118125897e-01 2.312531283784643237e-54 5.127361826716215221e-103 5.167939134758506070e-103
1.395803208987569600e-52 7.313276619345686573e-17 8.797633396571944431e-01 1.202366603428056402e-01 3.166840628967730564e-27 1.414739633392370193e-46 1.030462774334772808e-52 3.700282593042933918e-31 3.786521341448290469e-19 1.909424500004650772e-77 3.575747932193906817e-103 2.740809567674752777e-26
2.281842959505965837e-51 3.160331729379110717e-27 9.910960970294099570e-31 4.740272344952830424e-02 8.787374977745708423e-41 1.563211810102626009e-32 2.712441892732370685e-01 4.086392724177883018e-01 2.727138148594463463e-01 1.560940352880420312e-80 4.746591686347758639e-103 3.613463490937166284e-77
5.585423095544150446e-47 7.837959297236371525e-02 1.157662458196592517e-39 1.042772591477765305e-50 4.989816226482920308e-02 8.717222447628072413e-01 9.996537876462274553e-40 1.065498270100958947e-36 3.660160747701846572e-34 5.908912981037499876e-83 6.698061738602912239e-103 1.014590362245326955e-83
3.521318983550286164e-01 1.401640303408913311e-36 6.715550536222816339e-43 1.840296229006637696e-01 3.023202680004168379e-57 1.427467419213965556e-16 6.989816969395552835e-62 2.181860434071565474e-34 4.591881009856796925e-01 3.322937127929003079e-84 4.113771489766836206e-103 4.650377758627609326e-03
1.774386841996828564e-22 3.600562692635727027e-103 7.543038381566178983e-74 4.403837956323063314e-45 5.870205293189063589e-01 4.089423609478294586e-02 2.691858297311388593e-01 1.028994048551718221e-01 2.847089313600632209e-33 1.076479665987233245e-78 3.547398128156621840e-103 3.547398128156621840e-103
2.446503580018672189e-41 3.292200238492934819e-103 3.289473853684216500e-103 3.346158473229542910e-103 7.270806225522913335e-02 3.292479365659348782e-103 1.687622465428166600e-82 1.089977193689171843e-98 2.334842311264939946e-81 9.272919377447709222e-01 3.289473684210527112e-103 3.289473684210527112e-103
0.000000000000000000e+00 0.000000000000000000e+00 0.000000000000000000e+00 0.000000000000000000e+00 0.000000000000000000e+00 0.000000000000000000e+00 0.000000000000000000e+00 0.000000000000000000e+00 0.000000000000000000e+00 0.000000000000000000e+00 0.000000000000000000e+00 0.000000000000000000e+00
