1.170872022428342055e-02 3.206387213815220003e-30 2.510386829970429612e-01 7.213356904077174054e-28 6.800748747040954213e-24 1.859334992427087726e-16 7.330070776006641728e-18 5.428179680330369461e-01 8.395244269143485665e-26 1.851883942152121321e-01 4.456478113781035908e-103 9.246234530424460307e-03
6.432810529929447463e-02 5.539648500631755117e-03 3.227724081863220461e-35 1.547225061391346469e-26 2.143428522434086894e-25 9.301322462000737312e-01 4.796842332804394407e-26 3.509899699156086246e-17 2.288092062640380534e-27 4.639623454972800969e-26 5.494659766694791475e-103 5.494659766694791475e-103
6.795372726834639414e-11 1.675968021145908677e-24 7.513953059179685810e-05 2.412069484723725898e-01 5.743264274439914449e-57 1.186421921987295738e-16 1.098323962201628802e-21 5.778815122663429866e-11 5.144205573344473648e-08 3.059776486201860410e-27 2.521918152098958337e-103 7.587178604292379447e-01
2.863645353433813545e-01 3.187504032081320213e-46 6.790862526597353233e-01 1.070605122431494280e-27 2.531484108072064774e-60 1.375140601550098957e-06 2.330102164837603157e-02 5.313173796389139168e-12 5.111055575204333878e-55 2.357301308613302881e-12 1.045537573082957907e-102 1.124681520023529911e-02
7.280194943470560467e-21 1.651157251671363547e-34 1.652084537818566396e-74 1.401895861573651341e-29 1.638418280527706716e-01 5.917901062804725327e-30 3.178246254174448003e-31 9.936982506081217317e-03 2.643467428137594166e-01 5.618744466273887239e-01 6.797299053526475677e-103 6.797299053526475677e-103
3.294626039483691604e-21 8.815560187801884718e-25 3.530892994678381646e-03 7.173218847368642410e-08 1.167388994617707195e-31 4.042639004421151936e-08 5.715007814079650084e-01 2.031356239196824287e-01 1.471756581203977898e-01 7.465693139869794548e-02 2.376104906811972623e-103 7.230620566440066147e-24
5.751204828990022735e-16 4.273009526737102275e-24 6.933174936147182832e-01 8.907901258458559699e-07 1.793584491116098720e-35 1.101309205130480369e-09 1.514449419071903456e-12 9.818827796550428650e-15 4.093371497349085342e-02 2.657478995188309878e-01 2.910400083410539386e-103 8.177795792679387163e-20
2.216607355952730918e-17 3.448166339482256561e-31 1.700779739646164079e-01 6.971906038824387854e-16 7.071076588956508883e-66 3.468404350109374756e-01 4.830815843196798465e-01 6.704727001916372485e-09 3.455396707166684635e-14 3.590171355892529034e-16 4.790254670801367691e-103 3.428484472391526530e-15
6.912027719091718144e-21 2.078326799674324966e-29 5.277024684164860343e-21 5.457730982907379000e-39 8.930795495664630267e-28 9.999999999999900080e-01 1.001976362598895890e-14 8.337782410289786171e-18 6.562512484458888306e-27 3.442469190143424927e-23 5.581230857646735014e-103 6.975788626857103382e-38
7.397104653988666456e-01 2.580056071900736065e-27 2.446098782463012157e-15 1.620934387144910655e-09 2.972197679121177831e-39 9.074029794771444896e-17 2.178299813857862800e-17 4.495890225503659308e-18 2.602895329801692137e-01 1.664148016962137657e-17 4.049469413592080109e-103 2.711374373635631340e-14
2.149071074910084355e-40 5.953509944466829351e-01 9.045618616045856384e-72 1.188279966093475703e-56 4.046490055533170649e-01 1.046790096041313882e-21 1.934426731024225948e-54 8.190841024280681441e-39 2.912330633493926569e-20 4.916855707773760584e-39 3.289473684210526616e-103 3.289473684210526616e-103
0.000000000000000000e+00 0.000000000000000000e+00 0.000000000000000000e+00 0.000000000000000000e+00 0.000000000000000000e+00 0.000000000000000000e+00 0.000000000000000000e+00 0.000000000000000000e+00 0.000000000000000000e+00 0.000000000000000000e+00 0.000000000000000000e+00 0.000000000000000000e+00
