7.002091048935924107e-03 1.830619709919449726e-24 1.582506261084943906e-15 7.675161639867073005e-01 1.719047513812341221e-01 5.340262282937363603e-02 7.760587201566657703e-16 1.743707537467259494e-04 1.407842201552349296e-16 4.140314296986372592e-53 5.324550388772746692e-103 1.115748362936899876e-53
9.299717208300181706e-51 1.765616909756507327e-11 3.772759380283489544e-74 2.964047404892557330e-14 4.416430405472222055e-33 1.263080007100072892e-02 3.257305963858558096e-103 1.308318054109129484e-02 8.635355838535856143e-03 3.257443992691510940e-103 3.257287290268589876e-103 9.656506635316862708e-01
2.840212774833396608e-04 6.018642261679547370e-42 6.748236845538872586e-07 1.877225688845261674e-18 9.911788865902411150e-01 3.208589462404741242e-56 9.494736419020483359e-12 1.055400403753379675e-14 8.536417299085649613e-03 8.981768487667351820e-32 7.439584371949123808e-103 7.439584371949139670e-103
3.081522682528330948e-01 2.374344762885681971e-30 3.054606170456782609e-23 1.834046953390490722e-21 1.246341985200156149e-25 6.918477258292132781e-01 3.450249854283039325e-20 7.009597439266707201e-18 5.917953691384280053e-09 1.807833499902181034e-74 3.141431199683261112e-103 1.580424058419090627e-47
5.940234376687239357e-13 2.994866644242920201e-13 7.124311808718527274e-16 4.927829639887195046e-20 4.834725063526920663e-01 2.382898273663676847e-14 4.745526676927583441e-25 1.547491841041661682e-23 5.165274936463898348e-01 2.201555779950274598e-79 3.120715628803034671e-103 1.555762021638883511e-36
8.322821580254625528e-25 4.677379820068098826e-01 1.253294762252099418e-33 6.140326934894129391e-14 2.225899034113304404e-13 4.849017148683093970e-17 9.450727986992939692e-63 5.322620179929061779e-01 8.361016864130208053e-19 7.384826470504900561e-78 4.191017626700339807e-103 4.663864376585324303e-41
4.983067274845114358e-01 2.844676141837933207e-64 4.493278956415774909e-13 5.016932722093265795e-01 1.012310309116151386e-16 1.504971437100637566e-38 3.057125560957905383e-10 9.977483863374401947e-45 1.865552641056057619e-27 1.001023004840792755e-24 6.176899906934894308e-103 6.176899906934894308e-103
9.527923687905826229e-38 7.639728696994971813e-01 3.300810876341628591e-68 7.973435087667232165e-21 1.522865424861339222e-37 1.367950493105801672e-16 4.246064832436717373e-99 2.360271166989162672e-01 1.359879003826915115e-08 4.061054211219714030e-103 4.060890355170351855e-103 2.796436271101591899e-12
4.806370726875199196e-17 4.293589235906276891e-02 3.324668676731396691e-55 5.490305885831476829e-01 6.049621347402987583e-11 2.637126862906363431e-02 8.345876654420668609e-47 3.371211010959329069e-01 3.358373880503737660e-11 1.986003034138614916e-85 5.906177584186094711e-103 4.454114923871283632e-02
2.547016116457900131e-02 1.174307649593201634e-25 4.451740132827421426e-01 2.041234922546344653e-38 2.545222365625327930e-21 1.473247627169477769e-65 5.293558255526789047e-01 1.230190315083054666e-34 2.077736741157780048e-21 1.112799862249658201e-41 3.311911866974532792e-103 3.311911866974532792e-103
2.550719357004973723e-77 3.289704326285280791e-103 1.402198047147008065e-39 5.725089952675681129e-38 5.899406663669803653e-58 3.290174235104697423e-103 6.774993920506454034e-03 1.158850825603361103e-102 4.081054271493099824e-90 9.932250060794935997e-01 3.289473684210527112e-103 3.289473684210527112e-103
0.000000000000000000e+00 0.000000000000000000e+00 0.000000000000000000e+00 0.000000000000000000e+00 0.000000000000000000e+00 0.000000000000000000e+00 0.000000000000000000e+00 0.000000000000000000e+00 0.000000000000000000e+00 0.000000000000000000e+00 0.000000000000000000e+00 0.000000000000000000e+00
