 0 1 2 3 4
above 3.72577283823e-76 0.00198678688168 0.00147370532999 2.93407472209e-103 0.0033103279306
absence 1.09394109705e-52 9.59286236185e-73 1.51615711333e-103 0.00293407472209 3.23447386315e-103
acceptance 1.91623604546e-103 1.97803842431e-103 0.00151615711333 2.93407472209e-103 3.23407870581e-103
account 1.91623604546e-103 1.97803842431e-103 1.51615711333e-103 2.93407472209e-103 0.00323407870581
accusing 0.00191623604546 2.71039722884e-67 1.51615711333e-103 6.16247046529e-40 3.23407870581e-103
acquaintance 0.00191623604546 5.06203979285e-70 1.51615711333e-103 3.45690370592e-65 3.23413250288e-103
adieu 1.91623604546e-103 1.97803842431e-103 1.51615711333e-103 2.93407472209e-103 0.00323407870581
advantage 1.78750773737e-35 0.00197803842431 1.51615711333e-103 2.93407472209e-103 3.23407870581e-103
after 0.00574870813637 9.84362998266e-31 1.51615711334e-103 8.76814170678e-21 3.23407870581e-103
again 1.91623604546e-103 1.978455713e-103 0.00151579318387 2.93407472209e-103 0.00646893370092
against 0.0018685422947 0.00400530881658 1.51615711333e-103 2.05037433577e-17 3.23407870581e-103
age 0.00383247209091 6.02059009692e-71 1.51615711333e-103 1.3083597228e-76 0.00646815741163
aid 1.29292244253e-45 1.13776837928e-66 1.30348593774e-79 0.00293407472209 3.23507282972e-103
air 1.31850375888e-32 0.00197803842431 1.51615711333e-103 1.82667223262e-18 3.23542203432e-103
all 0.017139895054 0.00207452740887 0.00536846680078 0.0131030445202 3.9392641866e-60
almost 0.00191623604546 1.83685720179e-88 1.51615711333e-103 3.72894448554e-72 3.23408137331e-103
aloft 1.91623604546e-103 1.97803842432e-103 0.00151615711333 1.74491410965e-21 4.29528962584e-103
alone 1.91623604546e-103 1.97803842431e-103 1.51615711333e-103 2.93407472209e-103 0.00970223611744
although 0.00191313071465 0.00395928233245 1.51615711333e-103 5.96196367077e-64 3.23407870581e-103
altring 1.9170041302e-103 1.97803842431e-103 0.00151615711333 2.93521172889e-103 3.23407870581e-103
am 1.91623604546e-103 1.97803842431e-103 4.68248206449e-41 0.00293407472209 3.23407870581e-103
amazeth 1.91623604546e-103 1.97803842431e-103 1.51615711333e-103 2.93407472209e-103 0.00323407870581
amen 1.91623604546e-103 1.97803842431e-103 1.51615711333e-103 2.93407472209e-103 0.00323407870581
among 2.68195077138e-69 0.00197803842431 1.51615711333e-103 2.93407472209e-103 3.23407870581e-103
an 0.00191623604545 4.86047581332e-15 0.00151615711333 3.69343090918e-76 3.23407870581e-103
anchored 0.00191623602851 1.74939604727e-11 1.51615711333e-103 1.48682007924e-88 3.23407870582e-103
and 0.00301514240398 0.105463341879 4.21557839093e-10 0.0472661637951 1.05217005711e-68
anew 1.91623604546e-103 1.97984807995e-103 0.00151615711333 2.93407472209e-103 1.03309158566e-81
angel 0.00191623604546 1.15816424457e-77 1.49978455714e-76 8.09693635033e-51 3.23606829149e-103
angry 1.26061424074e-40 0.00197803842431 1.51615711333e-103 2.93407472209e-103 3.23407870581e-103
another 1.91623604546e-103 1.97803842431e-103 0.00151615711333 2.93407472209e-103 3.23407870581e-103
any 0.00383247209091 5.22916802601e-77 1.51615711333e-103 2.93407472224e-103 3.23407870581e-103
appear 1.91623604546e-103 1.97803842431e-103 1.51615711333e-103 2.93407472209e-103 0.00323407870581
appearance 1.91623604546e-103 1.97803842431e-103 0.00151615711333 2.93407472209e-103 3.23407870581e-103
appears 2.99517139297e-79 1.97803842431e-103 1.51615711333e-103 0.00293407472209 3.23407870581e-103
approve 1.91880457569e-103 1.97803842431e-103 0.00151615711333 2.93931315521e-103 3.23407870581e-103
are 2.94143731744e-56 1.28555187895e-33 0.00292803253555 0.00899644291966 0.0032424422232
argument 1.91623604546e-103 1.97803842431e-103 1.51615711333e-103 2.93407472209e-103 0.00323407870581
art 2.41454042255e-59 0.00593411527293 1.51615711333e-103 2.93407472213e-103 0.00323407870581
arts 1.91623604546e-103 1.97803842431e-103 0.00151615711333 4.78569996836e-69 3.23407870581e-103
as 0.00259126725067 0.026995735652 1.51615759706e-103 4.4956591144e-15 3.23826768949e-103
aside 1.91623604546e-103 1.97803842431e-103 1.51615711333e-103 2.93407472209e-103 0.00323407870581
askance 4.27690978309e-15 0.00197803842431 1.51615711333e-103 2.93407472209e-103 3.23407870581e-103
assailed 1.91623604546e-103 1.97803842431e-103 1.51615711333e-103 2.93407472209e-103 0.00323407870581
assemble 1.91623604546e-103 1.97803842431e-103 1.51615711333e-103 2.93407472209e-103 0.00323407870581
astonished 1.91623604546e-103 1.97803842431e-103 1.51615711333e-103 2.93407472209e-103 0.00323407870581
at 0.00408662790935 0.00369372400549 1.51615711333e-103 1.84580047504e-60 3.23407870581e-103
attending 4.84526835053e-71 0.00197803842431 1.51615711333e-103 2.93407472209e-103 3.23407870581e-103
augurs 0.00191623604546 3.21955359485e-82 1.51615711333e-103 1.27918652424e-68 3.23407870581e-103
authorizing 7.92819841972e-71 0.00197803842431 1.51615711333e-103 2.93407472209e-103 3.23407870581e-103
autumn 0.00191623604546 3.14419182956e-90 1.51615711333e-103 7.71461576373e-70 3.23407885571e-103
away 0.00191623604546 7.05173783e-33 1.51615711333e-103 2.92931155911e-69 0.00646815741163
ay 4.54829537628e-78 0.00197803842431 1.51615711333e-103 2.93407472209e-103 3.23407870581e-103
back 1.91623604546e-103 1.97803842431e-103 0.00151615711333 6.76852408149e-19 3.23407870581e-103
bad 0.00191623604546 2.51060044809e-59 1.51615711333e-103 2.93407472222e-103 3.23407870581e-103
banquet 4.18665940066e-63 0.00197803842431 1.51615711333e-103 2.93407472209e-103 3.23407870581e-103
bare 1.91623604546e-103 0.00197803842431 3.46242326969e-51 2.93407472209e-103 3.23407870655e-103
bareness 2.91611098287e-10 1.66543625416e-94 0.0015161470346 1.90579079162e-08 3.03900698548e-99
base 1.91623604546e-103 1.97803842431e-103 0.0015161571088 8.76421097377e-12 3.23407870581e-103
basest 0.00191623604546 2.9379996823e-75 1.51615711333e-103 5.70829793585e-45 3.23425840259e-103
battring 1.91700404322e-103 1.97803842431e-103 0.00151615711333 3.3998185869e-90 3.23407870581e-103
bay 0.00191623604546 1.42464537974e-19 3.1570866167e-24 3.98998308385e-79 4.50007815412e-88
be 0.00195585811694 0.00201723958701 0.0135387748747 6.65906793429e-36 0.00333058336635
beams 1.91685892114e-103 1.97803842431e-103 0.00151615711333 2.6355588813e-53 3.23407870581e-103
bear 0.00191623604521 7.89985343593e-37 5.58243389296e-46 2.93407472615e-103 0.00970223611786
beard 1.91623604546e-103 1.97803842431e-103 1.51615711333e-103 2.93407472209e-103 0.00323407870581
beaten 1.91623604546e-103 1.97803842431e-103 0.00151615711333 2.93407594115e-103 3.23407870581e-103
beauteous 1.97159101649e-78 0.00197803842431 1.51615711333e-103 2.93407472209e-103 3.23407870581e-103
beauties 0.00191623604546 3.48722720501e-70 1.51615711333e-103 1.43098125029e-41 3.23443134732e-103
beauty 0.00382539988588 7.30029754891e-06 1.51615711333e-103 2.93407472216e-103 3.23407870581e-103
beautys 4.96927827835e-26 7.27821249586e-48 1.51615711333e-103 0.00293407472209 3.23747151316e-103
because 3.85883254411e-11 0.00197803838448 1.51615711333e-103 2.93407472209e-103 3.23407870581e-103
becomes 0.00191623604546 1.25962314726e-86 1.51615711333e-103 1.17185134686e-51 3.23407870581e-103
beds 1.91623604546e-103 1.97803842431e-103 1.51615711333e-103 0.00293407472209 3.23407870581e-103
before 1.91623604546e-103 1.97803842431e-103 0.00151615711333 2.93407547523e-103 3.23407870581e-103
behind 1.91623604546e-103 1.97803842431e-103 1.51615711333e-103 2.93407472209e-103 0.00323407870581
being 1.91623604546e-103 1.97803842431e-103 0.00606462845333 1.62445354534e-28 3.23407870581e-103
bent 1.91623604546e-103 1.97803842431e-103 1.51615711333e-103 2.93407472209e-103 0.00323407870581
best 1.32144259143e-12 4.87618017709e-38 0.00448583644368 0.00304824177004 0.00647592199019
bestow 1.97763228914e-103 1.97803842431e-103 0.00151615711333 1.3985276666e-101 3.23407870581e-103
better 2.02169880923e-15 0.00612271491283 0.00137159637978 1.73483981816e-55 3.88047156057e-29
bettered 0.00191623604546 1.1343511627e-74 1.51615711333e-103 2.9346968509e-103 3.23407870581e-103
bettering 1.9163740009e-103 1.97803842431e-103 0.00151615711333 3.03470342666e-65 3.23407870581e-103
bid 0.00191623604545 1.34702002215e-15 1.51620396505e-103 2.57192375633e-75 3.23468081418e-103
bide 1.91623604546e-103 1.97803842431e-103 1.51615711333e-103 2.93407472209e-103 0.00323407870581
bids 0.00191623604546 1.62134801262e-79 1.51615711334e-103 2.91892891897e-19 3.23407870581e-103
bier 2.3466640226e-56 4.05995609972e-96 0.0003364430601 0.00228298845314 3.2365579529e-103
big 8.53505628865e-61 2.30149940396e-79 1.51615711333e-103 0.00293407472209 3.23441115323e-103
bind 1.91623604546e-103 1.97803842431e-103 1.51615711333e-103 2.93407472209e-103 0.00323407870581
bird 0.00191623604546 1.22999509368e-78 1.51615711333e-103 2.93407472223e-103 3.23407870581e-103
birth 0.00191623604544 1.87044235929e-14 3.95266366742e-36 1.58375414153e-16 1.94350520511e-62
bitter 1.91623604546e-103 1.97803842431e-103 1.51615711334e-103 0.00293407472209 3.23407870581e-103
blame 0.00191623604546 9.68416435505e-57 1.51615711333e-103 1.67353660038e-57 3.23416456292e-103
blessed 1.67865693555e-82 1.97803842431e-103 0.00151615711333 6.98444373681e-62 3.23407870581e-103
blesses 1.91623604546e-103 1.97803842431e-103 0.00151615711333 5.64114781389e-20 3.23407870581e-103
blind 2.77494946805e-55 0.00197803842431 1.51615711333e-103 2.93407472209e-103 3.23407870581e-103
blood 1.91623604546e-103 1.97803842431e-103 1.51615711333e-103 2.93407472209e-103 0.00323407870581
blushing 1.91636386992e-103 1.97803842431e-103 0.00151615711333 4.41320204224e-41 3.23407870581e-103
bodys 1.91791336112e-103 1.97803842431e-103 0.00303231422666 2.93655788873e-103 3.23407870581e-103
boldness 9.41608587584e-56 0.00197803842431 1.51615711333e-103 2.93407473969e-103 3.23407870589e-103
bond 0.00191623604546 1.25597312616e-42 9.57966513247e-77 2.93407472461e-103 3.23407870586e-103
borne 7.09399870141e-36 0.00197803842431 1.51615711333e-103 2.93407472209e-103 3.23407870581e-103
borrowed 1.91623604546e-103 1.97803842431e-103 0.00151615711333 2.93407472209e-103 3.23407870581e-103
both 0.00194212986444 0.00195130947877 1.51615711333e-103 2.88086235717e-61 3.2341512538e-103
bounteous 0.00191623604546 2.93012040448e-64 1.51615711333e-103 2.93407472252e-103 3.23407870582e-103
brave 1.91623604546e-103 1.97803842431e-103 0.00151615711333 8.9001495701e-15 3.23407870581e-103
break 0.00191623604546 3.40125261652e-29 1.51615711333e-103 8.18331764927e-98 3.23407870581e-103
breath 0.00223497124158 2.55931762918e-21 5.62435569187e-40 0.00244603835298 1.13767813931e-68
bring 6.71252418854e-61 0.00197803842431 1.51615711333e-103 2.93407472209e-103 3.23407870581e-103
bristly 4.71093303292e-97 1.97803842431e-103 0.00151615711333 4.73952002706e-35 3.23407870581e-103
broad 1.91623604546e-103 1.97803842431e-103 2.59138260122e-60 0.00293407472209 3.23407870581e-103
broils 0.00191623604546 1.03628246092e-87 1.51615711333e-103 4.17756970081e-72 3.23408137331e-103
brow 1.91623604546e-103 1.97803842431e-103 1.51615711333e-103 2.93407472209e-103 0.00323407870581
buds 1.91623604546e-103 1.97803842431e-103 0.00151615711333 2.93407472209e-103 3.23407870581e-103
burthen 4.03928827485e-39 4.86390119534e-75 5.9770671014e-46 0.00293407472209 3.23524792212e-103
busy 1.91623604546e-103 1.97803842431e-103 1.51615711333e-103 0.00293407472209 3.23407870581e-103
but 2.25581153009e-12 0.0217857931283 0.0030113348958 1.63630733124e-24 3.23408120226e-103
by 0.0155135460109 0.0156347256866 1.51615711333e-103 1.09834736466e-09 3.23694175012e-103
calls 1.91623604546e-103 1.97803842431e-103 1.51615711333e-103 2.93407472209e-103 0.00323407870581
can 0.00191623604546 4.84833875943e-88 0.00606462845333 1.82892476205e-27 3.23407870581e-103
cannot 0.00190157977884 0.00199316738433 7.19798667374e-93 5.98934029128e-56 1.29318188747e-96
canopy 1.91623604546e-103 9.60091824235e-85 0.00151615711333 2.93407472209e-103 1.92965240179e-65
canst 4.73200833859e-89 1.32626446314e-84 0.00151615711333 1.00008356201e-92 2.052875252e-90
captain 0.00191623604546 3.58635512418e-78 1.51615711333e-103 2.93407472223e-103 3.23407870581e-103
carcanet 1.91623604546e-103 1.97803842431e-103 1.51615711333e-103 2.93407472209e-103 0.00323407870581
care 1.91623604546e-103 1.97803842431e-103 0.00151615711333 5.3708698142e-19 3.2341518291e-103
catch 0.0019162360454 6.31148893361e-30 1.59098294713e-63 1.83434787195e-54 0.00323407870591
celestial 1.91747179514e-103 1.97803842431e-103 0.00151615711333 2.91902741421e-45 3.23407870581e-103
ceremony 1.91623604546e-103 1.97803842433e-103 0.00151615711333 6.42194455718e-19 1.55389929409e-90
chance 0.00191623604546 2.7101217286e-72 1.51615711333e-103 2.93407472386e-103 3.23407870582e-103
change 0.00189919165812 4.35544148026e-90 1.51615711333e-103 6.24061751397e-54 0.00649692364336
changes 0.00191623604546 9.28856806282e-73 1.51615719269e-103 1.10006246885e-72 1.24572437863e-43
changing 1.91623604546e-103 1.97803842431e-103 1.67839579616e-45 0.00293407472209 3.23407870581e-103
character 1.99505797816e-39 8.75179230013e-77 5.04593215844e-13 0.00293407472111 7.74830983659e-103
charge 1.76879060734e-40 2.99638750547e-48 2.81191041945e-21 0.00293407472209 3.23429868222e-103
checked 0.00191623604546 3.11682151445e-49 4.66596090478e-73 2.93407472334e-103 3.23407870588e-103
cheeks 1.91623604546e-103 1.26455172849e-99 0.00148513044281 2.93407527228e-103 0.00330026095932
cheered 5.09863115196e-15 0.0019780384243 1.51615711333e-103 2.93407472209e-103 3.23407870581e-103
cherubins 0.00191623604546 7.76735235644e-76 1.51615711333e-103 2.93407472222e-103 3.23407870581e-103
chiding 2.59629092772e-15 0.00197803842431 1.51615711333e-103 2.93407472209e-103 3.23407870581e-103
chief 1.98393111293e-103 1.97803842431e-103 0.00151615711333 1.16590851541e-81 3.23407870581e-103
childrens 0.00191623604546 1.20135105944e-83 1.51615711333e-103 1.74251691891e-21 3.23416998323e-103
clerk 1.91623604546e-103 1.97803842431e-103 1.51615711333e-103 0.00293407472209 3.23407870581e-103
clock 1.34734843526e-35 4.5754732151e-56 1.35186861735e-69 0.00293407472209 3.2345355249e-103
closet 3.42859484e-71 0.00197803842431 1.51615711333e-103 2.93407472209e-103 3.23407870581e-103
cold 4.77050132577e-51 1.97803842431e-103 0.00151615711333 1.39782957952e-34 3.23407870581e-103
colour 5.01245677674e-40 6.29295250584e-66 0.00303231422666 5.76932057701e-25 1.35188199421e-96
come 8.49681640732e-63 0.00197803842431 1.51615711333e-103 2.93407472209e-103 3.23407870581e-103
comfort 0.00191623604546 1.87172251328e-84 1.51615711333e-103 3.75927442276e-68 3.23407870581e-103
coming 8.79146184511e-56 0.00197803842431 1.51615711333e-103 3.22343916135e-70 3.23407870582e-103
comments 1.1839329297e-34 0.00197803842431 1.51615711333e-103 2.98717055713e-103 3.23407870582e-103
compare 1.91623604546e-103 1.97803842431e-103 1.51615711333e-103 2.93407472209e-103 0.00323407870581
complexion 1.91623604546e-103 1.97803842431e-103 0.00151615711333 2.93407472209e-103 3.23407870581e-103
confound 1.91623604546e-103 1.97803842431e-103 1.51615711333e-103 2.93407472209e-103 0.00323407870581
confounds 0.00191623604546 3.52678364529e-64 1.51615711333e-103 1.13358154271e-53 2.93036234085e-95
conquered 1.91699340568e-103 1.97803842431e-103 0.00151615711333 3.85732388466e-93 3.23407870581e-103
consecrate 2.37017179947e-103 1.97965861688e-103 0.00151615711333 3.0269583429e-48 1.56718121512e-82
consent 1.91623604546e-103 1.97803842431e-103 3.19473459626e-54 0.00293407472209 3.23407870581e-103
conspire 1.91623604546e-103 1.97803842431e-103 1.51615711333e-103 2.93407472209e-103 0.00323407870581
constant 0.00191623604546 3.93091451932e-83 1.51615711333e-103 7.14056634393e-63 3.23407870581e-103
contented 1.91623604546e-103 1.97803842431e-103 0.00151615711333 1.40814987509e-43 3.23407870581e-103
count 1.91623604546e-103 0.00197803842431 1.51615711333e-103 2.93407472209e-103 3.23407870581e-103
counterfeit 1.91623604546e-103 1.97803842431e-103 1.51615711333e-103 2.93407472209e-103 0.00323407870581
course 3.85714834961e-66 2.01203078961e-103 0.00303231422666 8.36734125594e-41 2.13525380049e-80
courses 1.91623604546e-103 1.97803842448e-103 1.51615711333e-103 0.00293407472209 3.23407870581e-103
covetous 0.00191623604546 4.41675017459e-86 1.51615711333e-103 7.33494668621e-71 3.23407870581e-103
crawls 1.70666016731e-45 0.00197803842431 1.51615711333e-103 2.93407472209e-103 3.23407870581e-103
creep 1.14285451865e-77 0.00197803842431 1.51615711333e-103 2.93407472209e-103 3.23407870581e-103
cries 2.87968967634e-20 0.00197803842431 1.51615711333e-103 2.93407472209e-103 3.23407870581e-103
crime 1.91623604546e-103 1.97803842431e-103 1.51615711333e-103 2.93407472209e-103 0.00646815741163
crossed 1.91623604546e-103 1.97803842431e-103 1.51615711333e-103 2.93407472209e-103 0.00323407870581
crowned 1.91623604546e-103 1.97803842431e-103 1.51615711333e-103 2.93407472209e-103 0.00323407870581
cruel 1.91623604546e-103 1.97803842431e-103 1.51615711333e-103 2.93407472209e-103 0.00323407870581
cry 1.91623604547e-103 1.97803842431e-103 0.00151615711333 2.9340747221e-103 3.23407870581e-103
crystal 1.91623604546e-103 1.97803842431e-103 0.00151615711333 6.05210688388e-93 3.23407870581e-103
cure 1.91623604546e-103 1.97803842431e-103 1.51615711333e-103 2.93407472209e-103 0.00323407870581
cures 0.00191623604546 2.6926601693e-29 3.93470113027e-16 1.41714403352e-19 1.32262534534e-99
darkness 0.00191623604544 1.21153715455e-14 1.51615711333e-103 2.93407473591e-103 3.23407870589e-103
dateless 9.02794713003e-63 0.00197803842431 0.00151615711333 2.21562431797e-40 3.23407870581e-103
day 1.91623604546e-103 1.97803842431e-103 1.51615711734e-103 0.00293407472209 3.23407870581e-103
days 1.91623604762e-103 2.6454981759e-68 1.11307609529e-17 2.63913367942e-69 0.0161703935291
dead 1.91623604546e-103 1.97803842431e-103 0.0010954230397 0.00374828137608 0.00323407870581
dear 0.0019024152741 0.00397034257575 0.00151615771984 1.42405088429e-50 3.23407870581e-103
death 0.00215253816293 0.00173411509909 1.51619612024e-103 1.71613815463e-44 3.04597993811e-79
deaths 6.01718042622e-72 0.00197803842431 4.53854328426e-80 0.00293407472209 3.23407870581e-103
decay 1.91623604546e-103 1.97803842431e-103 1.51615711333e-103 2.93407472209e-103 0.00323407870581
decays 1.91623604546e-103 1.97803842431e-103 1.51615711333e-103 2.93407472209e-103 0.00323407870581
decease 1.91623604546e-103 1.97803842431e-103 1.51615711333e-103 2.93407472209e-103 0.00323407870581
decrees 9.48013061067e-78 7.0418792359e-95 1.51615711333e-103 0.00293407472209 3.23415318466e-103
deeds 2.69875975783e-43 2.66328322835e-100 0.00151401602472 3.85632641287e-10 0.00323864538598
deemed 1.91623604546e-103 1.97803842431e-103 1.51615711333e-103 2.93407472209e-103 0.00323407870581
defence 1.91623604546e-103 1.97803842432e-103 0.00151615711333 2.93945983777e-20 3.23407870581e-103
delight 1.91623604546e-103 1.97803842431e-103 1.51615711333e-103 2.93407472209e-103 0.00323407870581
depend 1.91623604546e-103 1.97803842431e-103 1.51615711333e-103 2.93407472209e-103 0.00323407870581
desert 1.91623604546e-103 1.97803842431e-103 1.51615711333e-103 2.93407472209e-103 0.00323407870581
deserves 6.80279743791e-67 0.00197803842431 1.51615711333e-103 2.93407472209e-103 3.23407870581e-103
deserving 1.91623604546e-103 1.97803842431e-103 1.51615711333e-103 2.93407472209e-103 0.00323407870581
deservst 3.03140010789e-79 1.97803842431e-103 1.51615711468e-103 0.00293407472209 3.23407870581e-103
desire 2.41370444935e-48 0.00197803842431 1.51615711333e-103 2.93407472209e-103 0.00323407870581
desired 2.79573782097e-65 1.97803842431e-103 0.00151615711333 4.26100165896e-33 3.23407870581e-103
determination 3.30161002936e-05 1.43110406171e-33 4.47308673769e-102 0.00288352160494 4.62941125132e-73
did 1.91631772058e-103 1.97803842431e-103 0.00606462845333 4.90812342058e-37 3.23407870581e-103
die 1.91623604546e-103 1.97803842431e-103 1.51615711333e-103 2.93407472209e-103 0.00646815741163
difference 1.91623604546e-103 1.97803842431e-103 1.51615711333e-103 2.93407472209e-103 0.00323407870581
different 0.00191623604546 4.7084717039e-80 1.51615711333e-103 2.93407472223e-103 3.23407870581e-103
dignifies 1.07296767259e-21 7.78139798807e-79 0.00151615711333 3.43669602488e-36 4.35868868206e-52
dimmed 1.91623604546e-103 1.97803842431e-103 1.51615711333e-103 2.93407472209e-103 0.00323407870581
disabled 1.91623604546e-103 1.97803842431e-103 1.51615711333e-103 2.93407472209e-103 0.00323407870581
disarmed 1.91623604546e-103 1.97803842431e-103 1.51615711333e-103 2.93407472209e-103 0.00323407870581
discloses 1.91623604546e-103 1.97803842431e-103 1.51615711333e-103 2.93407472209e-103 0.00323407870581
discontent 1.91623604546e-103 1.97803842431e-103 1.51615711333e-103 2.93407472209e-103 0.00323407870581
disdains 3.11334728055e-66 0.00197803842431 1.51615711333e-103 2.93407472209e-103 3.23407870581e-103
diseased 1.19481107345e-50 0.00197803842431 1.51615711333e-103 2.93407472209e-103 3.23407870581e-103
disgrace 1.91623604546e-103 1.97803842431e-103 1.51615711333e-103 2.93407472209e-103 0.0129363148233
distraction 2.29522771316e-43 1.99052567415e-75 2.91792449134e-31 0.00293407472209 3.2358979133e-103
divert 1.16596343424e-68 0.00197803842431 1.51615711333e-103 2.93407472209e-103 3.23407870581e-103
do 0.00935506992045 0.00221144123295 1.51615711334e-103 5.82423336433e-30 3.23590798386e-103
doing 1.91624737762e-103 1.97804659527e-103 0.00151615711333 4.86796298116e-17 3.23407870581e-103
done 1.91623604546e-103 1.97803842431e-103 1.51615711333e-103 2.93407472209e-103 0.00323407870581
dost 2.3411050192e-57 0.00726342237298 1.3180084961e-91 0.00096227967897 3.2355390457e-103
doth 0.00193921978388 0.00393569793353 0.0121266899436 4.25312615411e-09 3.23462038128e-103
double 1.91623604546e-103 1.97803842431e-103 0.00151615711333 1.41403304757e-43 3.23407870581e-103
doubting 1.85601602745e-74 0.00197803842431 1.51615711333e-103 2.93407472209e-103 3.23407870581e-103
down 0.00191623604546 7.06766292987e-72 0.00151615711333 9.34819404405e-62 3.23407870581e-103
dry 0.00191623604545 5.03548732423e-15 1.51615711333e-103 1.92051098125e-64 3.23407870581e-103
due 0.00191623604546 2.76269052425e-72 1.51615711333e-103 6.22715741227e-60 3.23407944566e-103
dulling 2.22405034396e-58 0.00197803842431 1.51615711333e-103 2.93407472209e-103 3.23407870581e-103
dully 0.00191623604546 1.13204604591e-33 1.51615711333e-103 2.93407472216e-103 3.23407870581e-103
dulness 1.91623604546e-103 1.97803842431e-103 1.51615711333e-103 2.93407472209e-103 0.00323407870581
each 0.00383247195341 1.74736342563e-53 6.22129365645e-62 2.10537920135e-10 2.415677379e-101
ear 1.91623604546e-103 1.97803842431e-103 1.51615711333e-103 2.93407472209e-103 0.00323407870581
earth 0.00383247209091 1.09235613233e-58 1.51615711903e-103 5.49897952466e-52 4.33926140222e-82
earthly 1.91623604546e-103 1.97803842431e-103 0.00151615711333 1.43721492728e-44 3.23407870581e-103
east 1.91623604546e-103 1.97803842431e-103 1.51615711333e-103 2.93407472209e-103 0.00323407870581
eat 1.34402694134e-23 0.00197803842431 1.51615711333e-103 2.93407472209e-103 3.23407870581e-103
eating 1.79066913124e-36 0.00197803842431 1.51615711333e-103 2.93407472209e-103 3.23407870581e-103
elder 1.15168896251e-61 7.07494288468e-69 0.00151615711333 1.74114863079e-40 4.0578271641e-40
embassy 0.00191623604546 7.56333039822e-86 1.51615711333e-103 9.3413663617e-22 3.23408634606e-103
end 1.91623604546e-103 1.97803842431e-103 1.51615711333e-103 2.93407472209e-103 0.00646815741163
endless 1.9170041302e-103 1.97803842431e-103 0.00151615711333 2.93521172889e-103 3.23407870581e-103
endure 1.91623604546e-103 1.97803842431e-103 1.51615711333e-103 2.93407472209e-103 0.00323407870581
engrafted 8.05824247228e-54 1.35028034491e-61 0.00151615708341 5.7904722271e-11 4.26980213279e-55
engrossed 1.91623604546e-103 1.97803842431e-103 1.51615711333e-103 2.93407472209e-103 0.00323407870581
enjoy 1.91623604546e-103 1.97803842431e-103 3.85792260348e-18 0.00293407472209 3.23407870581e-103
entombed 4.95493373345e-51 0.00197803842431 1.51616887294e-103 2.54825907597e-63 3.23415836287e-103
ere 0.00383247209091 1.92983279984e-17 1.51615711333e-103 2.93417514354e-103 3.23407870581e-103
erst 0.00191623604546 4.50170468672e-39 1.51615711333e-103 7.29163045043e-65 3.23410320822e-103
essays 3.64507582106e-11 9.04551761668e-34 1.51615711333e-103 0.00293407466627 1.01088278298e-100
esteemed 1.91623604546e-103 1.97803842431e-103 1.51615711333e-103 2.93407472209e-103 0.00323407870581
eternity 1.91623604546e-103 1.97803842431e-103 1.51615711333e-103 2.93407472209e-103 0.00323407870581
even 2.68100208399e-19 0.00989019212155 2.1988060535e-25 1.23742382185e-61 3.23407870584e-103
ever 5.64201139674e-49 1.97803842431e-103 0.00151615711333 1.15094213112e-33 3.23407870581e-103
every 3.50763715893e-75 1.97803842431e-103 0.0030307497785 0.00293710224988 3.23407870581e-103
exceeded 2.60625539921e-66 0.00197803842431 1.51615711333e-103 2.93407472209e-103 3.23407870581e-103
exceeds 1.91623604546e-103 1.97803842431e-103 1.51615711333e-103 2.93407472209e-103 0.00323407870581
excellence 1.91623604546e-103 1.97803842431e-103 1.51615711333e-103 2.93407472209e-103 0.00646815741163
except 1.91623604546e-103 1.97803842431e-103 1.51615711333e-103 2.93407472209e-103 0.00323407870581
excusing 1.95956879497e-73 0.00197803842431 1.51615711333e-103 2.93407472209e-103 3.23407870581e-103
expense 0.00191623604533 6.86986991936e-78 4.50850997265e-47 2.9340747225e-103 0.00323407870603
expressing 1.91623604546e-103 1.97803842431e-103 0.00151615711333 9.77281418699e-28 3.23407870581e-103
extant 1.91623604546e-103 1.97803842431e-103 0.00151615711333 2.93407472209e-103 3.23407870581e-103
extremity 1.91623604546e-103 1.97803842431e-103 1.51615711333e-103 0.00293407472209 3.23407870581e-103
eye 0.00191755435118 1.44300374577e-63 0.00454191964014 3.18422082331e-18 0.0097139864557
eyes 6.46287309084e-46 6.25514009349e-49 0.00598337469244 0.00309131739533 0.00646815741769
face 0.00191623604545 2.8294019429e-39 1.51615711333e-103 5.20010153294e-76 0.0129363148233
faces 1.91623604546e-103 1.97803842431e-103 1.51615711333e-103 2.93407472209e-103 0.00323407870581
faculty 0.00191623604543 2.60609304303e-14 1.51615711333e-103 2.93407472803e-103 3.23407870581e-103
fadeth 2.11347103581e-32 0.00197803842431 1.51615711333e-103 2.82063922748e-16 3.23578834442e-103
fading 1.91623604546e-103 1.97803842431e-103 1.61700040225e-30 0.00293407472209 3.23407870581e-103
fair 1.91623604546e-103 1.97803842431e-103 0.00454847133999 3.37477362727e-15 3.23407870581e-103
fairing 1.56944284363e-54 0.00197803842431 1.51615711333e-103 2.93407472209e-103 3.23407870581e-103
faith 4.0769286245e-49 0.00197803842431 1.51615711333e-103 1.24528862236e-46 3.23433850538e-103
falls 1.91623604546e-103 1.97803842431e-103 1.51615711333e-103 2.93407472209e-103 0.00323407870581
false 1.91623604546e-103 1.97803842431e-103 0.00151615711333 2.93407472209e-103 3.23407870581e-103
far 0.00383247209091 2.73846326971e-26 1.51615711333e-103 1.94591847252e-50 3.23407870581e-103
farther 1.99892507656e-89 1.97803842435e-103 0.00454847133999 9.79536795323e-29 9.39213889088e-79
farthest 8.11369746813e-54 0.00201421030685 0.00148843153614 1.70299845495e-64 6.77156271957e-42
fashion 1.91623604546e-103 1.97803842431e-103 0.00151615711333 2.93408123671e-103 3.23407870581e-103
fast 0.00191623604546 5.59624577044e-76 1.51615711333e-103 2.93407472224e-103 3.23407870581e-103
fawn 3.2096966749e-78 1.97803842431e-103 1.51615711333e-103 0.00293407472209 3.23407870581e-103
feast 0.00191623604546 7.68302365856e-58 1.51615711333e-103 1.34442785302e-30 3.23407870581e-103
featured 4.83244328061e-13 0.00197803842381 1.51615711333e-103 2.93407472209e-103 3.23407870581e-103
feeding 1.91623604546e-103 1.97803842431e-103 1.51615711333e-103 2.93407472209e-103 0.00323407870581
feedst 2.49114394149e-70 0.00197803842431 1.51615711333e-103 2.93407472209e-103 3.23407870581e-103
feeling 0.00191623604546 2.7129895634e-71 1.51615711333e-103 5.47759727721e-17 3.23410393759e-103
fever 1.91623604546e-103 1.97803842431e-103 1.51615711333e-103 2.93407472209e-103 0.00323407870581
filching 5.61973052624e-53 0.00197803842431 1.51615711335e-103 2.93407477739e-103 3.23407870581e-103
fill 0.00191623604546 6.57800774364e-87 1.51615711333e-103 1.61340140449e-61 3.23407870581e-103
find 0.00187566504675 0.00205388811525 1.51615711333e-103 0.00288333889932 0.00323446114637
finding 4.07512277201e-36 0.00197803842431 1.51615711333e-103 2.93407472209e-103 3.23407870581e-103
finds 1.91623604546e-103 1.97803842431e-103 3.27829633674e-37 0.00293407472209 3.23407870581e-103
first 0.00574870813637 1.6301228394e-18 1.51615711333e-103 4.15726248032e-70 3.23409792004e-103
fist 3.86857546361e-41 5.29781738272e-86 1.51615711335e-103 0.00293407472209 3.23407870589e-103
five 5.32566952485e-53 1.97803842431e-103 0.00151615711333 9.05596314252e-36 3.23407870581e-103
fixed 1.91623604546e-103 1.97803842431e-103 1.51615711333e-103 2.93407472209e-103 0.00323407870581
flame 1.91623604546e-103 1.97803842433e-103 0.00151615711333 7.22504863995e-19 4.18498841374e-98
fleece 1.91623604546e-103 1.97803842431e-103 0.00151615711333 4.61621610566e-33 3.23407870581e-103
flesh 4.73984012281e-58 0.00197803842431 1.51615711333e-103 2.93407472209e-103 3.23407870581e-103
flower 0.00191623604546 1.39421226039e-77 1.88052929224e-39 2.93407472261e-103 3.23407870612e-103
flowers 4.99076761336e-39 0.00197803842431 1.51615711333e-103 2.53591796845e-92 3.23408136853e-103
fly 1.91623604546e-103 1.97803842431e-103 1.51615711333e-103 2.93407472209e-103 0.00323407870581
foe 0.00191623604546 1.17522926426e-46 4.27615288602e-42 5.40200863144e-46 2.14220832938e-91
foist 0.00191623604546 7.23848517059e-70 7.47706026374e-66 2.93407472228e-103 3.23407870586e-103
fold 1.91623604546e-103 1.97803842431e-103 0.00151615711333 1.61483569504e-20 3.23407870581e-103
folly 7.00764726584e-56 0.00197803842431 7.86181747633e-92 2.36563124459e-63 3.23407870581e-103
foot 6.74439211932e-21 1.43211842142e-102 0.00151615711333 1.22025956755e-15 1.33232584513e-83
footed 1.91623604546e-103 1.97803842431e-103 0.00151615711333 2.93407472209e-103 3.23407870581e-103
for 0.00246230253844 0.00593757954867 0.00741201011854 0.00828758236577 1.06371110071e-92
forbear 9.27310975556e-47 7.6027863488e-67 1.51615711333e-103 0.00293407472209 3.23484679534e-103
forbid 0.00191623604546 1.3175032755e-50 1.51615711333e-103 1.7642609083e-64 3.23407870581e-103
form 0.00496168729336 2.36657105723e-45 4.10525619467e-18 0.0100072834108 5.13213508911e-83
foul 1.01318634405e-57 2.22132538265e-80 0.00153350869205 0.00290049586139 3.23461290684e-103
frame 1.91623604546e-103 2.25822700433e-103 0.00151615711333 2.93407472209e-103 5.04835588371e-77
fresh 4.27896117163e-51 0.00395607684862 1.51624172346e-103 2.93407472467e-103 3.23407870583e-103
fresher 1.91623604546e-103 1.97803842431e-103 1.51615711333e-103 0.00293407472209 3.23407870581e-103
friend 5.49827132352e-19 4.2603788229e-24 3.44754173633e-75 0.00293407472209 1.97663691611e-99
friends 2.80987021806e-64 1.97803842524e-103 0.00303231422666 3.43916548806e-45 1.38589995967e-92
from 0.00505417036306 1.00086263239e-26 0.00935120218811 0.0152417817057 5.05279121906e-89
frown 5.58054284938e-29 0.00197803842431 1.51615711333e-103 7.60281137269e-26 3.23517701828e-103
frowns 0.00191623604546 9.13804093229e-88 1.51615711691e-103 1.27911109751e-55 1.25224072035e-92
frownst 7.00157744715e-60 0.00197803842431 1.51615711333e-103 2.5407058291e-68 3.23407870581e-103
fuel 1.91623604546e-103 1.97803842431e-103 1.51615711333e-103 2.93407472209e-103 0.00323407870581
full 1.39175490046e-60 1.97837513876e-103 0.00151615711333 1.16719229927e-15 3.23667242706e-103
fulness 1.91623604546e-103 1.97803842431e-103 1.51615711333e-103 2.93407472209e-103 0.00323407870581
gainst 0.00191623604546 2.40665525017e-54 1.51615711333e-103 2.93407472223e-103 3.23407870581e-103
gardens 4.35587055041e-67 2.11956264992e-85 1.72924311608e-36 0.00293407472209 3.2343796408e-103
gates 0.00191623604546 5.31017410571e-89 1.51615711333e-103 2.60664270832e-30 3.23407870581e-103
gave 0.00191623604546 1.04596552007e-31 1.1986226738e-36 5.30655275276e-40 3.2340787111e-103
gay 1.91623604546e-103 1.97803842431e-103 1.51615711333e-103 2.93407472209e-103 0.00323407870581
gazeth 1.91623604546e-103 1.97803842431e-103 1.51615711333e-103 2.93407472209e-103 0.00323407870581
gazing 1.91654710969e-103 1.97803842431e-103 0.00151615711333 6.5799946543e-42 3.23407870581e-103
gems 1.91623604546e-103 1.97803842431e-103 1.51615711333e-103 2.93407472209e-103 0.00323407870581
general 6.46795644039e-96 1.97803842431e-103 0.00151615711333 1.22450802486e-42 3.23407870581e-103
gentle 1.91623604546e-103 1.97803842431e-103 1.51615711333e-103 0.00293407472209 3.23407870581e-103
gift 1.91739321928e-103 1.97803842431e-103 0.00151615711333 2.30597301189e-54 3.23407870581e-103
gilding 3.50009261542e-66 0.00197803842431 1.51615711333e-103 2.93407472209e-103 3.23407870581e-103
give 0.00423774302469 0.00199627843104 2.24403420063e-59 0.00228046212942 0.00324071403354
given 0.00574870813637 3.06383306356e-86 1.51615711333e-103 8.06392679415e-52 3.23408019916e-103
gives 0.00191623604546 4.75711655671e-57 1.51615711333e-103 2.93407472244e-103 3.23407870581e-103
giving 1.31290716426e-71 0.00197803842431 1.51615711333e-103 2.93407472209e-103 3.23407870581e-103
glance 1.91623604546e-103 1.97803842431e-103 0.00151615711333 2.76032668411e-54 3.23407870581e-103
glass 0.00191623604546 1.15256040782e-39 7.37427201417e-30 2.36845632045e-91 3.12764256789e-79
glazed 1.91623604546e-103 1.98045159208e-103 0.00151615711333 8.03873461796e-88 5.0679371444e-85
glory 0.00124083084315 8.54923371599e-52 0.00204352271833 2.52107734428e-23 0.00648314434511
gold 1.91623604546e-103 1.97803842431e-103 0.00151615711333 6.26446686074e-22 3.23407870581e-103
golden 1.91747179519e-103 1.97803842431e-103 0.00151615711333 1.8235777655e-43 3.23407870581e-103
gone 2.79253875812e-10 3.85428799525e-06 1.51615711333e-103 0.00292835713105 1.19497562116e-95
good 1.91623604546e-103 1.97803842431e-103 1.51615711333e-103 2.93407472209e-103 0.00323407870581
grace 1.91623604546e-103 1.97803842431e-103 1.51615711333e-103 0.00293407472209 3.23407870581e-103
graces 1.91623604546e-103 1.97803842431e-103 1.51615711333e-103 2.93407472209e-103 0.00323407870581
graves 9.56810912424e-16 0.00197803842431 1.51615711333e-103 2.739324791e-40 3.23407870584e-103
gravity 1.91623604546e-103 1.97803842431e-103 1.51615711333e-103 2.93407472209e-103 0.00323407870581
great 0.00191623604546 2.34277638885e-92 1.51615711333e-103 1.16295214625e-70 3.23407871201e-103
greater 1.91623604546e-103 1.97803842431e-103 0.00151613407809 4.45779136995e-08 3.23407870581e-103
greatest 1.91693507231e-103 1.97803842431e-103 0.00151615711333 3.64018971962e-73 3.23407870581e-103
grecian 1.2256697427e-34 0.00197803842431 1.51615711333e-103 2.93407472209e-103 3.23407870581e-103
green 1.91623604546e-103 1.97803842431e-103 1.51615711333e-103 2.93407472209e-103 0.00323407870581
greet 1.91623604855e-103 2.13645361418e-61 0.00282992639695 3.72674993656e-26 0.00366578737547
grew 1.91623604546e-103 1.97803842431e-103 1.51615711333e-103 2.93407472209e-103 0.00323407870581
grey 1.91655073917e-103 1.97803842431e-103 0.00151615583539 2.47308250506e-09 3.23407870581e-103
grief 1.91623604546e-103 1.97803842431e-103 1.51615711333e-103 2.93407472209e-103 0.00323407870581
groan 1.91623604546e-103 1.97803842431e-103 1.51615711333e-103 2.93407472209e-103 0.00323407870581
gross 1.91623604546e-103 1.97803842431e-103 0.00151615711333 1.91064749964e-73 3.23407870581e-103
grow 1.91623604546e-103 1.97803842431e-103 1.51615711333e-103 2.93407472209e-103 0.00323407870581
growth 4.11909663181e-34 1.60042942188e-79 1.31085945042e-13 0.00293407472183 3.76905239798e-99
had 1.91623604546e-103 1.97803842431e-103 0.00151615711333 2.93407472209e-103 0.00323407870581
half 0.00191623604546 3.97359180637e-71 1.51615711333e-103 4.87908671607e-66 3.23409478334e-103
hallowed 1.51480259877e-44 3.85889680661e-61 1.51615711333e-103 0.00293407472209 3.23495388871e-103
hand 0.00363493531985 3.02198581588e-70 1.51615711333e-103 0.00323653623148 0.00323407870582
hands 1.91623604546e-103 1.59575997804e-94 0.00151615711333 2.93407472209e-103 1.41391242592e-57
happier 2.48132627476e-78 3.21455214428e-41 0.00303231422666 6.75294587433e-24 3.23407870582e-103
happies 0.00191623604546 2.59963824366e-17 1.51615711333e-103 2.93407472216e-103 3.23407870581e-103
happy 1.91650263994e-103 1.97803842431e-103 0.00151615711333 1.53146709874e-29 3.23407870581e-103
harder 1.91623604546e-103 1.97803842431e-103 1.51615711333e-103 0.00293407472209 3.23407870581e-103
hast 1.9162608072e-103 2.33459273827e-101 0.00303231422666 1.62476395302e-26 3.23407870581e-103
hath 0.00204085699346 0.00575141730026 0.00307374924 9.28967307926e-30 3.23409122695e-103
have 1.96312793074e-09 0.00593411324731 0.00454847133936 2.93464345156e-103 3.23407870581e-103
he 2.03587760466e-71 0.00197879060927 0.00454789479377 9.50901816695e-26 3.23410309311e-103
heals 0.00191623604546 4.29045656493e-51 1.51615711333e-103 2.93407472223e-103 3.23407870581e-103
health 0.00191623604546 1.60568119297e-48 1.51615711333e-103 2.70986277795e-59 3.23407870581e-103
heard 1.91623604546e-103 1.97803842431e-103 0.00151615711333 3.48217580384e-84 3.23407870581e-103
heart 0.00191635857969 6.96141790169e-88 0.00151565545242 7.55749705553e-58 0.00646902068855
hearts 1.91623604546e-103 1.97803842431e-103 0.00151615711333 3.9689049511e-51 3.23407870581e-103
heat 1.91660792888e-103 1.97829526191e-103 0.000753419725336 0.00441012787649 3.23407870581e-103
heaven 5.70267000684e-79 1.97803842431e-103 1.67464312343e-35 0.00293407472209 3.23407870581e-103
heavenly 0.00191623604546 5.1232979555e-80 1.51615711333e-103 2.93407472223e-103 3.23407870581e-103
heavens 0.00191623604546 1.11035526542e-80 1.51615711333e-103 2.93407472224e-103 3.23407870581e-103
heavy 0.00191623604546 8.59436638233e-91 1.51615711333e-103 8.82566664519e-69 3.23408137331e-103
height 1.13762680433e-38 2.22692874746e-92 0.00303230971282 8.73520302136e-09 7.03343178415e-102
heinous 1.9165581014e-103 1.97803842431e-103 0.00151615711333 4.99523472337e-35 3.23407870581e-103
hell 1.91623604546e-103 1.97857187733e-103 0.00151615711333 2.93407472209e-103 4.43930470747e-91
hems 1.91623604546e-103 1.97803842431e-103 1.51615711333e-103 2.93407472209e-103 0.00323407870581
her 1.73756534771e-19 0.00532532250401 0.00803442171488 1.78669979603e-30 0.00649588875689
herd 1.91623604546e-103 1.97803842431e-103 1.51615711333e-103 2.93407472209e-103 0.00323407870581
hes 1.91623604546e-103 1.97803842431e-103 0.00151615711333 2.25576460023e-49 3.23407870581e-103
hid 1.91623604546e-103 0.00197803842431 1.36861386836e-85 2.93407472209e-103 3.89811316683e-57
hidden 0.00191623604546 1.32008854672e-24 1.59633840816e-48 6.96594786107e-44 2.88669162412e-72
hide 1.91623604681e-103 2.26077390491e-55 0.00151615711333 2.47482909094e-63 3.41286337707e-47
hideous 0.00191623603183 1.40693951058e-11 1.51615711333e-103 2.93407472209e-103 3.23407870581e-103
him 0.0108622039917 4.77713754061e-48 1.15340068211e-30 0.00390668991809 1.11516521337e-101
his 3.75118340471e-44 0.00198590614441 0.00742058219037 0.0472435515277 1.05992262442e-90
holds 1.91623604546e-103 0.00197803842431 7.37232789074e-49 2.93407472209e-103 3.23407870833e-103
home 1.47674936965e-56 0.00197803842431 1.51615711333e-103 2.93407472209e-103 3.23407870581e-103
honest 0.00191623604546 2.45992811552e-56 3.66013341546e-33 2.93407472343e-103 3.26892198971e-103
hours 0.00191623604546 5.57272913621e-90 5.48886496645e-31 4.14489292154e-34 2.63081420064e-95
how 1.19442249988e-66 0.00791215369724 1.51615711333e-103 8.64188016118e-70 3.23407870581e-103
hue 1.91623604546e-103 1.97803842431e-103 1.51615711333e-103 2.93407472209e-103 0.00646815741163
huge 1.91623604546e-103 1.97803842431e-103 0.00151615711316 3.3256079109e-13 3.23407870581e-103
humble 0.00191623604546 5.35790992156e-59 1.51615711333e-103 2.93407472251e-103 3.23407870582e-103
humour 7.27912892777e-85 3.13885630283e-96 2.07319852768e-23 0.00293407472209 3.2340787089e-103
hundred 1.91623604546e-103 7.56406428298e-42 1.51615711333e-103 2.93407472209e-103 0.00323407870581
hungry 1.06416711757e-91 1.97803842466e-103 1.51615711333e-103 0.00293407472209 3.23407870582e-103
hunted 6.233534497e-17 0.00197803842431 1.51615711333e-103 1.36579642167e-16 3.72762336189e-103
husband 0.00191623604546 9.9024553114e-89 1.51615711333e-103 4.63638395295e-71 3.23408137331e-103
husbandry 1.91623604546e-103 1.97803842431e-103 1.51615711333e-103 2.93407472209e-103 0.00323407870581
husbands 1.91623604683e-103 0.00197803842431 1.51615711333e-103 2.93407472209e-103 3.23407870581e-103
idly 2.66886350164e-94 1.97803842431e-103 0.00151615711333 2.2570715897e-65 3.23407870581e-103
if 3.98008426634e-62 0.00395845421036 0.00151433487678 3.35496053609e-45 3.23409897859e-103
ignorance 1.91623604546e-103 1.97803842431e-103 1.51615711333e-103 0.00293407472209 3.23407870581e-103
ill 1.91623604546e-103 1.97803842431e-103 0.00151615711333 2.93407472209e-103 3.23407870581e-103
image 1.91623604546e-103 1.97803842431e-103 1.50313054814e-17 0.00293407472209 3.23407870581e-103
imitated 6.9839198608e-56 0.00197803842431 1.51615711333e-103 2.93407472209e-103 3.23407870581e-103
impart 1.91623604546e-103 1.97803842431e-103 1.51615711333e-103 2.93407472209e-103 0.00323407870581
imprisoned 0.00191623604546 5.25130490342e-91 1.51615711333e-103 1.89777467098e-71 3.23407870581e-103
in 0.0741525105345 0.0166343140412 0.00496730361529 0.0223497085995 3.24061852846e-103
increase 1.91623604546e-103 1.97803842431e-103 1.51615711333e-103 2.93407472209e-103 0.00323407870581
increasing 7.71597467772e-78 0.00197803842431 1.51615711333e-103 2.93407472209e-103 3.23407870581e-103
infants 1.91623604546e-103 1.97803842431e-103 0.00151615711333 2.93407472209e-103 3.23407870581e-103
injury 1.91623604546e-103 1.97803842431e-103 1.51615711333e-103 2.93407472209e-103 0.00323407870581
intend 4.43036507011e-79 0.00197803842431 1.51615711333e-103 2.93407472209e-103 3.23407870581e-103
intermixed 1.91623604546e-103 1.97803842431e-103 1.51615711333e-103 2.93407472209e-103 0.00323407870581
into 0.00191623604546 1.5829546993e-81 1.51615711333e-103 8.01185972712e-41 3.23407870581e-103
invention 8.55379531692e-49 0.00196705982689 2.62340846162e-46 0.00295035955497 3.23414609917e-103
inviting 4.72700376668e-70 4.58064674622e-80 0.00151615711327 1.24785824497e-13 3.23407870581e-103
inward 0.00191623604546 2.29343653184e-85 1.51615711333e-103 2.37195356431e-22 3.23408505758e-103
is 0.00343653707989 0.0121734192253 0.0242281838547 0.000212242622541 4.96923279362e-97
issue 0.00191623604545 9.68669372713e-16 3.19700419551e-38 1.26085626276e-43 3.23417916689e-103
it 0.00388152421913 0.00401566710931 0.00581663983471 0.0237654315214 0.0064941444257
jealousy 1.91623604546e-103 1.97803842431e-103 1.51615711333e-103 2.93407472209e-103 0.00323407870581
jewel 1.91623604546e-103 1.97803842431e-103 1.51615711333e-103 0.00293407472209 3.23407870581e-103
jewels 7.28052045723e-31 0.00197803842431 1.51615711333e-103 6.08463410683e-17 3.23578834442e-103
joy 1.91623604546e-103 1.97803842432e-103 0.00151615711333 1.35860105521e-19 3.23407870583e-103
judgment 6.87921341171e-48 1.75798050927e-70 9.98008089009e-68 0.00293407472209 3.23475248217e-103
keep 0.00191623604546 4.98965857443e-78 1.51615711333e-103 2.9341919381e-103 3.23407872062e-103
kept 1.91623604546e-103 1.97803842431e-103 1.51615711333e-103 2.93407472209e-103 0.00323407870581
kind 1.91623604546e-103 1.97803842431e-103 1.51615711333e-103 2.93407472209e-103 0.00323407870581
king 1.91623604546e-103 1.97803842431e-103 1.51615711333e-103 2.93407472209e-103 0.00323407870581
kingdom 1.34714050615e-26 9.84395086918e-78 5.11845080182e-06 0.00292416947085 2.82548607516e-90
kings 1.91623604546e-103 1.97803842431e-103 1.51615711333e-103 2.93407472209e-103 0.00323407870581
kiss 0.00191623604545 1.07913442789e-14 1.51615711333e-103 4.43179933274e-65 3.23407870581e-103
know 0.00195707306318 7.7055747699e-49 1.51615711333e-103 0.00287123022388 0.00646850601009
knows 7.31119939986e-68 9.3944312833e-81 1.51615711333e-103 0.00293407472209 3.23424021058e-103
knowst 1.91637994897e-103 3.02582530497e-86 1.51615711333e-103 0.00293407472209 3.23407870581e-103
laid 7.00639064255e-35 2.04095144545e-30 1.51615711333e-103 0.00293407472209 3.23491494017e-103
lap 1.91623604546e-103 1.97803842431e-103 0.00151615711333 2.93407472209e-103 3.23407870581e-103
largess 1.93247814667e-57 0.00197803842431 1.51615711333e-103 2.93407472209e-103 3.23407870581e-103
lascivious 0.00191623604546 1.88693453128e-79 1.51615711333e-103 2.93407472223e-103 3.23407870581e-103
latch 1.91623604546e-103 1.97803842431e-103 1.51615711333e-103 2.93407472209e-103 0.00323407870581
lays 1.91623604546e-103 1.97803842431e-103 1.51615711333e-103 2.93407472209e-103 0.00323407870581
least 2.14585827736e-27 1.55147602656e-83 0.00146317481448 9.1133012612e-05 0.00324664278534
leave 1.91623604609e-103 1.97803842475e-103 1.51615711333e-103 0.00293407472209 3.23407870581e-103
leaves 1.91623604546e-103 1.97932683042e-103 0.00151615711333 2.93407472209e-103 9.12000176092e-80
left 0.00191623604546 2.01366551588e-47 0.00151615711333 7.60919493425e-57 3.23407870581e-103
legions 2.08293661465e-50 8.64123799282e-70 1.51615711333e-103 0.00293407472209 3.23446730715e-103
lends 1.91623604664e-103 0.00197803842431 9.10679235554e-84 2.93407472235e-103 6.1516093969e-71
liberty 1.91623604546e-103 1.97803842431e-103 1.51615711333e-103 2.93407472209e-103 0.00323407870581
lie 1.91623604546e-103 1.97803842431e-103 1.51615711333e-103 2.93407472209e-103 0.00646815741163
lies 1.91623604546e-103 1.97803842431e-103 1.51615711333e-103 2.93407472209e-103 0.00646815741163
life 1.91633259486e-103 1.98050758001e-103 0.00151615711333 9.81342383062e-97 3.23407870581e-103
light 1.91623604546e-103 1.97803842431e-103 1.51615711333e-103 2.93407472209e-103 0.00323407870581
lights 1.91623604546e-103 1.97803842431e-103 4.2887305304e-74 0.00293407472209 3.23407870581e-103
like 3.51275735341e-07 0.00988982951648 1.51615711333e-103 3.80245615272e-39 3.23476605137e-103
liker 0.00191623604546 6.78249280571e-87 1.51615711333e-103 5.66981775555e-48 3.23407870581e-103
limit 4.64199604991e-46 0.00197803842398 1.51615711333e-103 4.84959926155e-13 3.23411686792e-103
limping 1.91623604546e-103 1.97803842431e-103 1.51615748711e-103 0.00293407472209 3.23407870581e-103
lines 3.34925036676e-06 1.65250040078e-25 1.51615711576e-103 0.00292894646513 2.05109724838e-84
linger 0.00191623604546 6.72403363691e-88 1.51615711333e-103 1.13822127126e-33 3.23410297896e-103
lip 3.72513425926e-73 3.6717436538e-101 0.00151615711333 1.59836047603e-86 3.40933809847e-65
live 1.91623604546e-103 1.97803842431e-103 1.51615711333e-103 2.93407472209e-103 0.00323407870581
lively 0.00191623604546 3.61241417775e-91 1.51615711333e-103 2.36268438567e-67 3.23407870581e-103
lives 1.04180318927e-45 3.74038750212e-40 2.34236033416e-42 0.00586814944417 3.23465774532e-103
living 5.66500082458e-84 1.97803842445e-103 0.0015152002016 0.00293592654239 3.23407870582e-103
loan 1.91623604546e-103 1.97803842431e-103 1.51615711333e-103 2.93407472209e-103 0.00323407870581
long 0.00191623604546 1.58259953578e-86 1.51615711333e-103 6.54782952406e-45 1.76609669553e-95
look 1.27927784963e-64 0.00197803842431 0.00151615711333 4.07898851955e-41 3.23407870581e-103
looking 5.46023586045e-28 0.00197803842431 1.51615711333e-103 2.93407472209e-103 3.23407870581e-103
looks 0.00191623604546 4.30418886953e-64 1.51615711333e-103 2.93407472223e-103 3.23407870581e-103
lords 1.91628589078e-103 1.97803842431e-103 0.00151615711333 1.62054135562e-42 3.23407870581e-103
lose 4.19077313364e-13 0.00236361204947 1.51616278263e-103 0.00236214355308 1.16730546413e-92
losing 1.3393722287e-33 0.00197803842431 1.33406407712e-22 1.48654667411e-18 3.23407870581e-103
loss 0.00220643260706 5.24023779184e-74 0.00128654876044 2.23198576365e-10 4.3084051616e-77
lost 1.91623604546e-103 1.97803842431e-103 1.51615711333e-103 2.93407472209e-103 0.00323407870581
love 0.00819793139679 2.03887602072e-35 0.0162428294754 3.51864468499e-14 0.00326221530682
loved 8.65695830191e-56 0.00197803842431 1.51615711333e-103 1.46506009723e-77 3.23411927601e-103
loves 3.9456834705e-74 0.00197803842431 0.00454847133999 2.58165641983e-54 3.23407870581e-103
lusty 2.04721383971e-103 1.97803842431e-103 0.00151615711333 1.099457181e-75 3.23407870581e-103
mad 1.91623604546e-103 1.97803842431e-103 1.51615711333e-103 2.93407472209e-103 0.00323407870581
madding 1.91623604546e-103 1.97803842431e-103 0.00151615711333 2.93426574794e-103 3.23407870581e-103
made 1.91623604546e-103 1.98025838276e-103 0.00303231422666 2.93407472209e-103 8.34231039179e-79
maiden 0.0038311353837 1.02286180382e-38 1.51615711333e-103 2.04672009769e-06 3.27552906248e-103
main 1.91623604546e-103 1.97803842431e-103 0.00151615711333 6.20298554165e-18 3.23407875452e-103
majesty 1.91623604546e-103 1.97803842431e-103 1.51615711333e-103 2.93407472209e-103 0.00323407870581
make 0.00184022089621 8.33015796615e-05 0.00549840242132 0.00402266656072 6.68859993012e-52
making 2.67364018417e-79 0.00197803842431 1.51615711333e-103 2.93407472209e-103 3.23407870581e-103
maladies 1.91658644002e-103 3.13377398894e-71 1.51615711333e-103 0.00293407472209 3.23407870581e-103
mansion 1.91623604546e-103 1.97803842431e-103 0.00151615711333 5.52055215157e-45 3.23407870581e-103
many 0.00574870813637 1.03191538774e-32 1.51615711333e-103 7.10227877658e-56 3.77033351016e-90
marigold 1.03684036538e-36 0.00197803842431 1.39705789318e-98 2.93407472222e-103 3.23407870583e-103
married 1.01012498554e-57 0.00197803842431 1.51615711333e-103 2.93407472212e-103 3.23407870581e-103
masked 1.91623604546e-103 1.97803842431e-103 0.00151615711333 2.47413548138e-19 3.23407870581e-103
masonry 1.91623604546e-103 1.97803842431e-103 1.51615711333e-103 2.93407472209e-103 0.00323407870581
master 1.0807075745e-75 1.97803842431e-103 4.85109245214e-34 0.00293407472209 3.23407870581e-103
maturity 1.91623604546e-103 1.97803842431e-103 1.94584374197e-39 0.00293407472209 3.23407870581e-103
may 0.00383247209091 3.85480631204e-17 1.51681389043e-103 4.91161433833e-70 2.46739217401e-73
me 0.00632947793882 1.9149931484e-58 0.00860743928351 2.85520856748e-33 0.0097662046988
means 0.00191623604546 4.69695434582e-80 1.51615711333e-103 8.46415812874e-46 3.23410306835e-103
melancholy 1.91623604546e-103 1.97803842431e-103 1.51615711333e-103 2.93407472209e-103 0.00323407870581
memory 1.91623604546e-103 1.97803842431e-103 1.51615711333e-103 2.93407472209e-103 0.00970223611744
men 1.5002210866e-78 1.97803842431e-103 7.35357811447e-29 0.00293407472209 0.00323407870581
mens 1.44719746549e-60 1.14728816533e-84 7.04659854589e-49 0.00880222416626 3.23433794593e-103
middle 1.91746226602e-103 1.97803842431e-103 0.00151615711333 2.73433218483e-44 3.23407870581e-103
might 1.91623604546e-103 1.97803842431e-103 0.00151615711333 2.93407472209e-103 0.00323407870581
mind 0.00383247209076 1.17325231592e-32 1.45952608886e-61 2.93407472283e-103 0.00323407870606
minds 2.02279425706e-31 2.59014569584e-23 1.51615711333e-103 0.00293407472209 3.23499467425e-103
mine 1.91623604546e-103 1.97803842431e-103 0.00454847133999 1.25975401982e-46 3.23407870581e-103
missed 1.91623604546e-103 1.97803842431e-103 1.51615711333e-103 2.93407472209e-103 0.00323407870581
mistress 9.70253219983e-96 1.97803842431e-103 0.00151615711333 2.76627914084e-50 3.23407870581e-103
moan 0.00191623604546 4.20706101871e-83 1.51615711333e-103 2.93407472223e-103 0.00323407870581
mock 1.69863695204e-23 3.68169895232e-48 1.51615711333e-103 0.00293407472209 3.23712157252e-103
moods 0.00191623604546 3.75548540302e-37 1.72973687465e-38 2.9340747246e-103 3.23407870677e-103
moon 0.00191623604546 1.74692542582e-65 2.03577830056e-56 2.93407472241e-103 3.23407870595e-103
more 0.00766360820751 3.82145668244e-38 2.53608597891e-57 5.4486296809e-10 0.00323633286195
mortal 0.00191623604546 1.9771852451e-90 1.51615711333e-103 1.30085702005e-70 3.23407870581e-103
most 0.00346993013428 0.000361103153358 0.00150088354083 4.70209879202e-05 0.00323629949794
motion 1.91623604546e-103 1.97803842431e-103 0.00151615711333 7.78991328072e-20 3.23407870581e-103
mouthed 0.00191623604546 5.60357281601e-76 1.51615711333e-103 2.93407472223e-103 3.23407870581e-103
much 1.77303045288e-67 0.00197803842431 0.00145300475573 0.00305628747593 3.23407870581e-103
must 3.41195464978e-74 0.00197803842431 0.00151615711333 2.93712981885e-103 3.23407870581e-103
my 0.0162576136901 0.0128786158272 0.031807407162 0.0206150844492 2.62622319185e-87
naked 1.91623604546e-103 1.97803842431e-103 0.00151615711333 5.49186224945e-52 3.23407870581e-103
name 9.352727353e-17 3.42161512847e-98 0.000447639104882 0.0049878438932 0.00324954561611
naming 1.42886825855e-70 0.00197803842431 1.51615711333e-103 2.93407472209e-103 3.23407870581e-103
nature 2.04920466446e-19 4.54458880674e-79 0.00149449822914 0.00297598910158 3.23456184954e-103
natures 0.00190276129718 3.92952263408e-85 1.51615711333e-103 0.00295470679317 3.23407876573e-103
needing 1.91623604546e-103 1.97803842431e-103 1.51615711333e-103 2.93407472209e-103 0.00323407870581
needs 0.00191623604546 3.06201458499e-89 1.51615711333e-103 7.10310013673e-70 3.23407870581e-103
neer 0.00191623604546 7.37236046066e-92 1.51615711333e-103 5.96351193888e-71 3.23407870581e-103
never 0.00191996293013 2.33811333538e-86 0.00454552256825 3.36987823679e-42 0.00323407870581
new 1.91623604546e-103 1.97803842431e-103 1.51615711333e-103 2.93407472209e-103 0.00323407870581
news 0.00191623604546 2.43044515381e-73 1.51615711333e-103 2.93407472236e-103 3.23407870582e-103
next 3.05555784009e-51 0.00197803842431 1.51615711333e-103 2.93407472209e-103 3.23407870581e-103
niggard 0.00191623604546 2.75524809335e-93 1.51615711333e-103 3.62919993396e-50 3.23407870581e-103
night 1.91623604546e-103 1.97803842431e-103 1.51615711333e-103 2.93407472209e-103 0.00323407870581
no 0.00407785220998 0.0045807073239 2.69637174468e-07 0.019234584272 0.00323536734945
nobler 0.00191623604546 1.73094284839e-77 1.51615711333e-103 2.4010123082e-42 3.23419463737e-103
none 1.91623604546e-103 1.97803842431e-103 1.51615711333e-103 2.93407472209e-103 0.00323407870581
nor 2.09684153601e-12 0.00593411527077 0.00151615711333 2.93407472209e-103 3.23407870581e-103
not 0.0131331602924 0.0047083398177 0.00599544121167 0.00238159515359 3.23563552806e-103
noted 1.69123434688e-79 1.97803842431e-103 7.27269573599e-16 0.00293407472208 3.23407870581e-103
now 0.00187594840091 2.18548523414e-63 0.0010665762261 0.00386514431512 0.00323479363778
number 0.00232168587221 4.85555637885e-19 1.51615711333e-103 0.00231326389319 3.23668301947e-103
numbers 0.00191623604546 3.05356289709e-33 0.00151615711333 2.37834269435e-19 3.23407870581e-103
object 8.64344289703e-81 1.9782910957e-103 1.54940083976e-103 0.00293407472209 3.23407870587e-103
objects 0.00191623604546 1.58348320487e-45 1.51615711333e-103 3.17582315717e-44 3.23409768117e-103
odour 0.00184046883977 3.31381000856e-08 6.42562288792e-102 0.000115962984683 1.84181490722e-87
oer 4.5891302056e-64 0.00395607684862 5.22273730366e-72 2.93407472209e-103 1.88369146958e-52
oercharged 3.03852890618e-54 0.00197803842431 1.51615711333e-103 2.93407472209e-103 3.23407870581e-103
oerpressed 1.91623604546e-103 1.97803842431e-103 5.02898970067e-20 0.00293407472209 3.23407870581e-103
of 5.75308543828e-18 0.0220812182235 0.0759439140471 0.0227304860665 4.29486376366e-66
off 1.91623604546e-103 3.35380396976e-96 0.00151615711333 2.93407472209e-103 1.08331513093e-66
offend 1.91623604546e-103 1.97803842431e-103 1.51615711333e-103 0.00293407472209 3.23407870581e-103
oft 0.00191494950957 1.3280292014e-06 1.51615711333e-103 2.93407472209e-103 3.23407870581e-103
often 0.00191623604546 7.36531094406e-24 1.51615711333e-103 4.01517068795e-22 3.23407887253e-103
old 1.91623604546e-103 1.97803842431e-103 1.51615711333e-103 2.93407472209e-103 0.00323407870581
olives 1.91623604546e-103 1.97803842433e-103 0.00151615711333 5.49586349282e-19 1.47537864619e-90
on 0.0130316315942 0.0162186490376 1.51615711333e-103 7.19375635249e-17 3.23408602447e-103
once 0.00574870813637 1.29194070946e-74 0.00151615711333 3.47595507392e-31 3.2341731568e-103
one 1.63916317834e-05 0.00196146917822 2.36145587479e-47 0.00879262917475 0.00971223821894
oppressed 2.64885310227e-76 1.18475686625e-93 1.51615711333e-103 0.00293407472209 3.23414249029e-103
or 4.24639310029e-29 0.0139569742252 0.00446361005159 1.20623598871e-08 5.89198467456e-83
ornaments 1.91623604546e-103 1.97803842431e-103 1.51615711333e-103 2.93407472209e-103 0.00323407870581
other 1.20610035357e-46 0.00197803842431 1.51733404603e-103 6.17869043221e-42 3.23456339517e-103
others 0.00373474192858 0.000100882152154 1.51615711333e-103 5.57646431264e-65 3.23407870581e-103
our 0.00383176848622 5.72699147045e-38 0.00151607273767 1.24061949959e-06 2.36748409846e-99
out 1.91623604546e-103 1.97822171637e-103 0.00441588457558 0.00319065728238 2.19739157239e-81
outstripped 6.68184803875e-55 0.00197803842431 3.83933933391e-57 2.93407473171e-103 6.19541044767e-101
overthrow 1.91623604546e-103 1.97803842431e-103 1.51615711333e-103 2.93407472209e-103 0.00323407870581
own 1.91623604546e-103 1.97803842431e-103 0.00758078556666 1.63132947445e-42 0.00323407870581
painted 0.00132638743288 6.89449235248e-40 0.00349901202106 3.4128226903e-11 3.23451018944e-103
part 1.13844815513e-40 1.69006909086e-50 0.00146400718018 0.00888988079187 0.0032486991273
parts 0.00191623604546 1.54715650316e-37 8.12142257114e-49 2.93407472382e-103 3.23407870638e-103
passed 1.91623604546e-103 1.97803842431e-103 0.00151615711333 8.41343275798e-87 3.23407870581e-103
past 0.00190986429814 0.00198307618683 0.00151565885679 3.24778752397e-06 1.8135512272e-87
patent 1.91623604546e-103 1.97803842431e-103 7.05321990221e-34 0.00293407472209 3.23407870581e-103
pay 0.00191623604546 1.35966077428e-67 3.09533320255e-38 1.82331287654e-19 1.83906940396e-98
paying 0.00191623604546 1.53265379337e-62 1.51615711333e-103 3.70975966256e-46 3.23435825185e-103
pays 0.00191623604546 6.00293596492e-66 1.23753896465e-77 5.57118231199e-55 3.23477195756e-103
peace 0.00191623604546 8.96373183158e-93 1.51615711333e-103 6.3207032388e-71 3.23408137331e-103
pen 0.00191623604517 1.88052889965e-36 4.89076711214e-51 2.93407472296e-103 0.00970223611792
perfect 1.91623604546e-103 1.97803842431e-103 1.51615711333e-103 0.00293407472209 3.23407870581e-103
perfumed 1.91623604546e-103 1.97803842431e-103 3.44928948912e-64 0.00293407472209 3.23407870581e-103
perjured 1.91623604546e-103 1.97803842431e-103 0.00151615711333 5.8629962175e-44 3.23407870581e-103
perpetual 1.91721104908e-103 1.97803842431e-103 0.00151615711333 2.93569417043e-103 3.23407870581e-103
perusal 0.00191623604546 2.373035266e-78 1.51615711333e-103 2.93407472223e-103 3.23407870581e-103
physic 1.91623604546e-103 1.97803842431e-103 1.51615711752e-103 0.00293407472209 3.23407870581e-103
physicians 1.91624070899e-103 1.97803842431e-103 0.00151615711333 9.86498789494e-53 3.23407870581e-103
pictured 1.91623604546e-103 1.97803842431e-103 0.00151615711333 1.44808892279e-40 3.23407870581e-103
pierced 1.03267264852e-57 3.93818325595e-78 1.51615711333e-103 0.00293407472209 3.23441115323e-103
pilgrimage 2.83099108163e-67 1.34692286421e-80 1.51615711333e-103 0.00293393638735 0.00323423118503
pipe 0.00191623604546 2.13987673764e-17 1.51615711333e-103 1.90345155129e-86 3.23407870581e-103
pitch 2.9204039344e-20 7.71295720059e-44 1.51615711333e-103 0.00293407472209 3.23986795004e-103
pitiful 1.9232806991e-79 0.00197803842431 1.51615711333e-103 2.93407472209e-103 3.23407870581e-103
pity 2.78653303286e-77 0.00197803842431 1.51615711333e-103 2.93407472209e-103 3.23407870581e-103
place 1.91664773319e-103 1.97839972882e-103 0.00151612621614 5.97923931096e-08 3.23407870581e-103
pleasure 1.91623604546e-103 1.97803842431e-103 1.51615711333e-103 2.93407472209e-103 0.00323407870581
plods 1.02066872492e-78 0.00197803842431 1.51615711333e-103 2.93407472209e-103 3.23407870581e-103
pluck 1.91623604546e-103 1.97803842431e-103 0.00151615711333 2.93407472209e-103 3.23407870581e-103
pointing 9.83894200223e-20 0.00197803842431 1.51615711333e-103 2.93407472209e-103 3.23407870581e-103
polished 0.00191623604546 9.44649424363e-27 1.51615711333e-103 2.32005817489e-34 3.23447299069e-103
pomp 1.91623604546e-103 1.97803842431e-103 0.00151615711333 1.42621912251e-20 3.23407870581e-103
poor 1.91623604546e-103 1.97803842431e-103 0.00151615711333 2.10826488027e-72 3.23407870581e-103
poorly 0.00191623604546 1.9849672663e-73 1.51615711333e-103 2.93407472227e-103 3.23407870581e-103
possessed 1.91623604546e-103 1.97803842431e-103 1.51615711333e-103 2.93407472209e-103 0.00323407870581
posterity 1.91623604546e-103 1.97803842431e-103 1.51615711333e-103 2.93407472209e-103 0.00323407870581
power 7.91300086681e-15 7.26636466874e-45 3.51624527118e-05 0.0028660281702 1.53734402782e-76
praise 1.91623604546e-103 1.97803842431e-103 1.51615711333e-103 2.93407472209e-103 0.00646815741163
praises 0.00191623604546 3.9734169816e-75 2.18947525072e-31 1.29684121964e-32 1.87321598303e-94
precious 1.91623604546e-103 1.97803842431e-103 1.51615711334e-103 0.00293407472209 3.23407870581e-103
predict 0.00191623604392 1.58323146299e-12 1.51615711333e-103 1.23207786025e-73 3.23409428464e-103
presage 1.91623604546e-103 1.97803842431e-103 1.51615711333e-103 2.93407472209e-103 0.00323407870581
prescriptions 6.22167689348e-29 1.76908872825e-101 0.00151615709371 3.79702797003e-11 1.27245556336e-52
present 5.30095650416e-102 1.97803842431e-103 0.00151615711333 2.59754498967e-73 3.23407870581e-103
presentst 1.91623604546e-103 1.97803842431e-103 1.51615711333e-103 0.00293407472209 3.23407870581e-103
prevailed 1.91623604546e-103 1.97803842431e-103 1.51615711333e-103 2.93407472209e-103 0.00323407870581
prey 1.9077243066e-25 7.76166826255e-82 0.00151413898375 3.90549432009e-06 1.65822091584e-86
pride 1.91623604546e-103 1.97803842431e-103 1.51615711333e-103 2.93407472209e-103 0.00323407870581
prime 1.91623604546e-103 1.97803842431e-103 1.51615711333e-103 2.93407472209e-103 0.00323407870581
prizing 1.91623604546e-103 1.97803842431e-103 1.51615711333e-103 0.00293407472209 3.23407870581e-103
proceed 1.91623604546e-103 1.97803842431e-103 1.51615711333e-103 2.93407472209e-103 0.00323407870581
process 2.310879876e-09 3.66227559914e-65 1.51615711333e-103 0.00293407118375 3.23446523517e-103
proclaims 1.91623604546e-103 1.97803842431e-103 1.51615711333e-103 0.00293407472209 3.23407870581e-103
profaned 0.00383247209091 4.63127905183e-35 1.51651107498e-103 8.17793286853e-39 3.23407871341e-103
progress 1.91623604546e-103 1.97803842432e-103 0.00151615711333 2.21795268077e-18 4.05247853036e-103
prone 1.91623604546e-103 1.97803842431e-103 1.51615711333e-103 2.93407472209e-103 0.00323407870581
proud 1.91623604546e-103 1.97803842431e-103 0.00151615711333 2.01502070376e-18 3.23407870581e-103
proudest 1.91623604546e-103 1.97803842431e-103 1.15258579605e-56 0.00293407472209 3.23407870581e-103
proved 1.91623605361e-103 1.97803843583e-103 2.76505550051e-05 0.00288056523169 4.13905137164e-47
pry 1.91623604546e-103 1.97803842431e-103 1.51615711333e-103 2.93407472209e-103 0.00323407870581
purchased 1.01367758952e-89 1.97803842431e-103 0.00151615711333 7.73535962406e-90 3.23407870581e-103
pure 1.91623604546e-103 1.97803842431e-103 0.00151615711333 2.124762543e-19 3.23407870581e-103
purity 1.73543247752e-67 1.97814531213e-103 0.00151615711333 3.75446791857e-19 2.15808825828e-95
purpose 0.00191623604546 1.13215211303e-84 1.51615711333e-103 3.36118805047e-61 3.23415262339e-103
purposed 1.91623604546e-103 1.97803842431e-103 0.00151615711333 2.70284873888e-46 3.23407870581e-103
rack 3.75595636944e-22 0.00197803842431 1.51615711333e-103 2.93407472225e-103 3.23407870582e-103
raiment 1.91623604546e-103 1.97803842433e-103 0.00151614979275 1.41668237388e-08 1.91186793485e-88
rain 1.1812246939e-11 0.00215396417603 6.63240756436e-66 2.93407472231e-103 0.00294644133745
rearward 1.90388567936e-28 1.58802106883e-86 0.00149500215392 4.09391817649e-05 2.11430311186e-90
reason 0.00191623604546 6.81532909165e-69 1.51615711333e-103 2.93407472237e-103 0.00323407870582
reasons 0.00191623604546 3.01736885987e-63 1.51615711333e-103 2.13593122321e-73 3.23407870581e-103
reckoned 1.91665207748e-103 1.97803842431e-103 0.00151615711333 6.06955904141e-77 3.23407870581e-103
record 1.91623694162e-103 1.97804030981e-103 0.00303231422547 2.31169830449e-12 6.22178097728e-97
reeks 1.91623604546e-103 1.97803842431e-103 1.51615711333e-103 2.93407472209e-103 0.00323407870581
refined 1.91623604546e-103 1.97803842431e-103 0.00151615711333 2.93407472209e-103 3.23407870581e-103
refuse 2.79891392509e-70 2.48869091735e-95 0.00151581315038 6.65638803833e-07 1.0177632788e-87
refusest 1.91623604546e-103 1.97803842431e-103 1.51615711333e-103 2.93407472209e-103 0.00323407870581
religious 6.1778121489e-45 0.00197803842431 1.51615711333e-103 4.18673970867e-79 3.23407870581e-103
removed 0.00196832284856 5.82051247098e-12 1.51615711333e-103 0.00285432119212 1.40150150434e-101
renewed 1.91623604546e-103 1.97803842431e-103 1.51615711333e-103 2.93407472209e-103 0.00323407870581
rent 1.91623604546e-103 1.97803842431e-103 1.51615711333e-103 2.93407472209e-103 0.00323407870581
rents 1.91623604546e-103 1.97803842431e-103 1.51615711333e-103 2.93407472209e-103 0.00323407870581
repair 0.00191623600972 3.15250382787e-40 1.51684598959e-103 5.47119482432e-11 7.47075818407e-88
report 1.91623604546e-103 1.97803842431e-103 1.51615711333e-103 2.93407472209e-103 0.00323407870581
resemble 1.91623604546e-103 1.97803842431e-103 1.51615711333e-103 2.93407472209e-103 0.00323407870581
resembling 1.61016044262e-71 0.00197803842431 1.51615711333e-103 2.93407472209e-103 3.23407870581e-103
rest 1.91623604546e-103 1.97803842431e-103 1.51615711333e-103 2.93407472209e-103 0.00646815741163
return 1.91623604546e-103 1.97803842431e-103 0.00151615711333 2.93407476154e-103 3.23407870581e-103
revenge 2.53610345625e-37 0.00197803842431 1.51615711333e-103 2.93407472209e-103 3.23407870581e-103
revenues 1.91623604546e-103 1.97803842434e-103 0.00151615711333 8.64578310269e-41 1.86650956411e-81
rich 1.91623604546e-103 1.97803842431e-103 0.00303231422666 5.42238153156e-85 3.23407870581e-103
riches 8.14323657462e-46 2.02733511552e-88 0.00303231380464 8.16709000507e-10 1.78386816422e-98
ride 1.91623604546e-103 1.97803842431e-103 1.51615711333e-103 2.93407472209e-103 0.00323407870581
rider 0.00191623604546 7.44272749153e-79 1.51615711333e-103 2.93407472223e-103 3.23407870581e-103
right 1.21494463533e-10 1.67903368213e-79 1.51615711333e-103 0.00586802926313 0.0032342109701
riper 1.91623604546e-103 1.97803842431e-103 0.00151615711333 4.15289336858e-87 3.23407870581e-103
rite 1.91623604546e-103 1.97803842431e-103 1.51615711333e-103 2.93407472209e-103 0.00323407870581
robbed 1.51580627902e-66 0.00197803842431 1.51615711333e-103 2.93407472209e-103 3.23407870581e-103
robs 0.00191623604546 1.11526957139e-81 1.51615711333e-103 1.03913083639e-60 3.23407870581e-103
rondure 1.91623604546e-103 1.97803842431e-103 0.00151615711333 2.9340747221e-103 3.23407870581e-103
root 4.47330448778e-38 1.33507619647e-57 1.51615711333e-103 0.00293407472209 3.23514710387e-103
rose 1.91638940269e-103 1.97821388464e-103 0.00151615711333 4.52235537102e-28 3.23427477179e-103
roses 0.00381409544722 1.70211672286e-05 1.51732456303e-103 5.53056197376e-82 0.00323726393243
rudely 1.91623604546e-103 1.97803842431e-103 0.00151615711333 3.56311240637e-44 3.23407870581e-103
sad 8.67032870666e-53 0.00197803842431 1.51615711333e-103 2.93407472209e-103 3.23407870581e-103
sail 1.91623604546e-103 1.97803842431e-103 0.00151615711333 6.87601386838e-19 3.23407871499e-103
sake 3.05404304262e-68 9.1088332691e-94 0.00151615711333 4.00619575299e-55 8.48919088535e-58
salutation 0.00191623604546 1.84129134643e-51 1.51615711333e-103 2.20186302611e-23 3.23425931324e-103
same 1.02211538568e-51 0.00197803842431 0.00151615711333 4.56181213327e-28 0.00323407870581
sauces 1.91623604546e-103 1.97803842431e-103 0.00151615711333 3.7373653944e-27 3.23407870581e-103
saw 2.81709595853e-55 0.00197803842431 1.51615711333e-103 4.2778859334e-36 3.23407870582e-103
say 6.04068846732e-24 6.3448700237e-67 0.00303231422666 1.37947086951e-46 2.89122801956e-27
says 0.00191623604546 3.92549507013e-28 1.51615711333e-103 1.19703963191e-102 3.23407885119e-103
scarcely 1.91623604546e-103 1.97803842431e-103 1.51615711334e-103 0.00293407472209 3.23407870581e-103
scarlet 1.91628589078e-103 1.97803842431e-103 0.00151615711333 1.06082152148e-41 3.23407870581e-103
scope 0.00191623604546 2.28553357246e-62 1.51615711333e-103 2.93407653244e-103 3.23407871095e-103
seals 0.00191623604546 1.14723065595e-54 1.7569928848e-63 2.93407472235e-103 3.23407870589e-103
seas 1.91623604546e-103 1.97803842431e-103 0.00151615684489 5.19496059674e-10 3.23407870581e-103
seasons 1.91623604575e-103 1.97803842697e-103 0.00151615711333 2.84442404378e-64 3.23407870581e-103
second 0.00191623604502 4.46146651512e-13 1.51615711333e-103 3.73102863105e-57 3.23407870581e-103
see 9.70711395593e-32 4.90645813907e-47 1.51615711333e-103 0.00586624436307 0.00323617857811
seeing 1.91623604546e-103 1.97803842431e-103 1.51615711334e-103 0.00293407472209 3.23407870581e-103
seem 4.53173841616e-21 3.21585709192e-53 0.00303231422666 2.93407472612e-103 4.82453516761e-91
seeming 1.91623604546e-103 1.97803842436e-103 0.00151615711333 4.79180419764e-20 1.40381174417e-77
seemly 4.88038198813e-33 2.89169977119e-57 1.54937592962e-103 0.00293407472209 3.23407880153e-103
seen 1.91623604546e-103 1.97803842431e-103 1.51615711333e-103 2.93407472209e-103 0.00323407870581
seldom 0.00191623604546 4.17802147238e-80 1.51615711333e-103 2.93407472223e-103 3.23407870581e-103
self 0.0133965005772 4.62665382554e-14 0.0136589847563 2.02391870096e-16 4.93638980041e-87
sense 1.91623604546e-103 1.97803842618e-103 0.00151615711333 2.93407472718e-103 1.94458239949e-78
sensual 5.86881773868e-58 0.00197803842431 1.51615711333e-103 2.93407472209e-103 3.23407870581e-103
separable 1.91623604546e-103 1.97803842431e-103 0.00151615711333 2.57869476898e-44 3.23407870581e-103
sepulchres 1.91623604546e-103 1.97803842431e-103 0.00151615711333 3.96356691485e-62 3.23407870581e-103
servant 1.10430550657e-74 5.37787622278e-64 6.43820265169e-14 0.00293407472196 3.23407870581e-103
set 0.0019162271268 5.11147719591e-24 0.00151615711333 2.99600066756e-72 0.00323409375805
settled 1.91744086961e-103 1.97803842431e-103 0.00151615711333 3.07041534899e-75 3.23407870581e-103
shade 0.00191623604546 1.16072821132e-51 1.51615711333e-103 6.79949110912e-52 9.41877860259e-19
shadow 0.00191623604546 3.9873405722e-85 5.44124308162e-64 9.89638282264e-45 2.68353528774e-73
shadows 6.78116565442e-05 0.00190803970856 1.51615711333e-103 8.88286338394e-46 1.0683646164e-88
shake 1.91623604546e-103 1.97803842431e-103 0.00151615711333 6.1510798571e-19 3.23407870581e-103
shaken 1.91623604546e-103 1.97803842431e-103 1.51615711333e-103 2.93407472209e-103 0.00323407870581
shall 2.83277853298e-78 0.00197803842431 0.00303231422666 1.24270481106e-83 3.23407870581e-103
shalt 3.18268620481e-66 0.00197803842431 1.51615711333e-103 2.93407472209e-103 3.23407870581e-103
shame 0.00191623604546 1.12287421177e-88 1.51615711333e-103 5.3767783901e-72 3.23407870581e-103
shames 0.00191623604546 1.68157117582e-54 2.99375147049e-30 2.93407472339e-103 5.83984342944e-103
shape 0.00574870813637 3.35029863558e-38 1.51615714703e-103 3.27254370741e-63 3.23407870581e-103
share 1.91721398457e-103 1.97803842431e-103 0.00151615711333 2.9358184296e-103 3.23407870581e-103
she 0.00191623604546 3.9532993464e-83 1.51615711333e-103 2.7460153094e-56 3.23412326082e-103
shine 1.91623604546e-103 1.97803842431e-103 1.51615711333e-103 2.93407472209e-103 0.00323407870581
shines 1.07880217612e-79 1.97803842431e-103 1.51615711333e-103 0.00293407472209 3.23407870581e-103
shore 1.91623604546e-103 1.97803842431e-103 1.51615711333e-103 2.93407472209e-103 0.00323407870581
shorn 1.9179595372e-103 1.97803842431e-103 0.00151615711333 9.45334188799e-78 3.23407870581e-103
should 0.00248447684513 1.54461621663e-59 2.17153335026e-05 0.00789012977849 9.40473523973e-88
shouldst 2.43179715353e-79 1.97803842431e-103 2.69405709055e-43 0.00293407472209 3.23407870581e-103
show 1.50590248147e-66 1.97803842431e-103 0.00151615711333 4.55161552131e-37 0.00646815741163
showing 4.06050898336e-74 0.00197803842431 1.51615711333e-103 2.93407472209e-103 3.23407870581e-103
shown 1.91623604546e-103 1.97803842431e-103 1.51615711333e-103 2.93407472209e-103 0.00323407870581
side 1.91623604546e-103 1.97803842431e-103 1.51615711333e-103 2.93407472209e-103 0.00323407870581
sides 1.91623604546e-103 1.97803842431e-103 1.51615711333e-103 0.00293407472209 3.23407870581e-103
siege 1.91623604546e-103 1.97803842433e-103 0.00151598574112 3.31640348669e-07 2.79910035149e-87
sight 1.91623604546e-103 1.97803842431e-103 1.51615711333e-103 2.93407472209e-103 0.00970223611744
simple 6.11597545674e-68 1.34082824304e-99 0.00151615711333 4.818289842e-92 1.00982912939e-62
since 3.86252202841e-23 0.00660268055924 1.51615711333e-103 0.00194237482257 3.23905902982e-103
single 1.91646179553e-103 1.97803842431e-103 0.00151615711333 3.77593427003e-85 3.23407870581e-103
singleness 0.00191623604546 1.40782152051e-22 1.51615711333e-103 2.93407472285e-103 3.23407870582e-103
sinks 2.02843617741e-76 0.00197803842431 1.51615711333e-103 2.93407472209e-103 3.23407870581e-103
sins 7.62587519408e-50 0.00197802669759 1.48754575188e-15 0.00293409211662 3.23407870581e-103
skill 0.00191623604546 3.44260233698e-69 1.51615711333e-103 6.46719873267e-45 3.23435878488e-103
sky 1.91623604546e-103 1.97803842431e-103 1.51615711333e-103 2.93407472209e-103 0.00323407870581
sleeping 0.00191623604546 1.06389419973e-51 1.51615711333e-103 2.93407472236e-103 3.23407870582e-103
slow 1.91623604546e-103 1.97803842431e-103 1.51615711333e-103 2.93407472209e-103 0.00323407870581
small 8.45224272015e-101 1.97803842431e-103 0.00151615711333 1.97715729225e-38 3.23407870581e-103
smiling 1.91623604546e-103 1.97803842431e-103 1.94671930064e-34 0.00293407472209 3.23407870581e-103
snowed 0.00191623604546 1.02905272033e-70 1.51615711333e-103 1.76664856084e-77 3.23407870581e-103
so 4.62807738255e-07 0.01188732481 0.0075657824434 7.64597121352e-23 0.0129363175513
sober 4.75129595038e-88 1.97803842431e-103 0.00151615711333 4.1756689672e-17 3.23407870581e-103
some 0.00172494956135 0.000197455849197 2.1113313584e-91 0.00293407472209 3.23407870581e-103
soon 0.00191623604546 6.62961806303e-75 1.51615711333e-103 2.93407472224e-103 3.23407870581e-103
sooner 3.66683330078e-84 1.97803842431e-103 0.00151615711333 1.63298343216e-24 3.23407870581e-103
souls 1.87578958195e-25 5.12589386849e-12 6.59706718593e-71 0.00586814943657 3.23407875771e-103
sourly 0.00191623604546 3.25691716195e-79 1.51615711333e-103 2.63636453259e-63 3.23413250288e-103
sovereign 0.00188033666492 4.59073096546e-20 0.00154456128686 1.04719619925e-38 3.23407870598e-103
speaking 4.86109149224e-13 0.00197803842381 1.51615711333e-103 2.93407472209e-103 3.23407870581e-103
speed 3.83834994373e-31 7.17927487013e-55 3.07771286483e-84 0.00586814944417 6.77878150016e-95
spend 1.91623604546e-103 1.97803842431e-103 1.51615711333e-103 2.93407472209e-103 0.00323407870581
spent 1.91623604546e-103 1.97803842431e-103 1.51615711333e-103 2.93407472209e-103 0.00646815741163
spirit 1.14031205459e-08 7.936235002e-77 1.51615711333e-103 0.00586813198411 3.23421457569e-103
spite 1.91623604546e-103 1.97803842431e-103 1.51615711333e-103 2.93407472209e-103 0.00323407870581
sport 1.91623604546e-103 1.97803842431e-103 1.51615711333e-103 2.93407472209e-103 0.00323407870581
sportive 1.0456387354e-100 1.97803842431e-103 0.00151615711333 7.61961226083e-29 3.23407870581e-103
spring 1.91623604546e-103 1.97803842431e-103 1.51615711333e-103 2.93407472209e-103 0.00323407870581
stain 1.91623604546e-103 1.97803842431e-103 1.51615711333e-103 2.93407472209e-103 0.00323407870581
stamp 1.91623604546e-103 1.97803842434e-103 0.00151615711333 9.53206571686e-25 1.98664299549e-80
stand 7.97114629162e-39 0.00197803842431 1.51615711333e-103 2.93407472331e-103 0.00323407870582
state 1.91623604546e-103 4.79530841219e-95 0.00151615711333 2.93407472209e-103 1.83057204638e-60
stays 0.00191623604546 2.61212267784e-89 1.51615711333e-103 8.156274715e-71 3.23407870581e-103
steal 0.00574870813637 5.24636197681e-71 3.77489785322e-35 3.89960924012e-38 1.86098490896e-94
stealing 5.95067408613e-75 0.00395607684862 1.51615711333e-103 2.93407472209e-103 3.23407870581e-103
steals 0.00191623604546 6.7891648469e-90 1.51615711333e-103 6.76942943329e-64 3.23410744655e-103
steel 5.87245007431e-36 1.98046932384e-103 0.00151615711333 1.74284603532e-18 3.23407870586e-103
steeled 1.91623604546e-103 1.97803842431e-103 2.11658040661e-49 0.00293407472209 3.23407870581e-103
stewards 0.00191623604546 2.94286294522e-84 1.51615711333e-103 1.14723493127e-28 3.23407870582e-103
stickst 5.10999785057e-50 2.01952483853e-22 5.42090497607e-31 0.00293407472209 1.43759791243e-92
still 7.47691316074e-77 0.00197803842432 0.00454847133999 1.30486348456e-20 3.23558881627e-103
stoln 1.11366753793e-35 7.37370932076e-56 1.51615711333e-103 0.00293407472209 3.2359276214e-103
stop 1.9197364725e-103 1.97803842431e-103 0.00151615711333 1.43632928376e-100 3.23407870581e-103
stops 0.00191623604546 4.79951636277e-80 1.51615711333e-103 2.93407472223e-103 3.23407870581e-103
store 0.00191623604546 3.1303883562e-69 1.51615711333e-103 5.33839450663e-99 0.00646815741163
storm 1.91623604546e-103 1.97803842431e-103 0.00151614132431 3.05549873564e-08 3.23407870581e-103
story 1.91623604546e-103 1.97803842431e-103 1.51615711333e-103 2.93407472209e-103 0.00646815741163
strange 0.00191618504801 7.43153813434e-82 1.51615711333e-103 3.5370315782e-66 0.00646824348127
strangely 0.00191623604546 7.33893244723e-51 2.65455349879e-72 2.52429221424e-96 3.23407870588e-103
strangle 1.88402887721e-10 8.4146329089e-32 1.51615711333e-103 0.00293407443361 3.96769955561e-98
strength 0.00191623604546 1.01858743326e-16 1.51615711333e-103 2.93407472322e-103 3.23407870581e-103
strong 0.0038535958865 1.5460109834e-65 0.00149944362283 4.62171135945e-40 3.23407870587e-103
struck 1.91623604549e-103 1.97914228869e-103 0.00151615711333 3.05686658487e-29 3.23407870581e-103
strumpeted 1.91623604546e-103 1.97803842431e-103 1.51615711333e-103 2.93407472209e-103 0.00323407870581
subdued 1.91623604546e-103 1.97803842431e-103 1.51615711333e-103 2.93407472209e-103 0.00323407870581
subject 5.14810142426e-11 8.83002795178e-75 0.0015161570726 2.93407472718e-103 1.77203146599e-77
subsist 1.91623604546e-103 1.97803842431e-103 1.51615711333e-103 2.93407472209e-103 0.00323407870581
substantial 1.91636619927e-103 1.97803842431e-103 0.00151615711333 1.67297817532e-80 3.23407870581e-103
such 2.5814460956e-15 0.00791020433958 0.00151765128677 1.69373554113e-86 3.23407870581e-103
suffered 3.41912545736e-23 0.00197789475488 1.51615711333e-103 2.13108516841e-07 3.39937646494e-103
suffers 0.00191623604546 2.83033469745e-35 1.51615711333e-103 2.93452948033e-103 3.2340788624e-103
suffring 6.08201694934e-61 0.00197803842431 1.51615711333e-103 2.93407472209e-103 3.23407870581e-103
sum 6.86704682769e-56 6.82979010791e-76 1.51615711333e-103 0.00293407472209 3.23446727918e-103
summers 0.00191623604546 2.15115611927e-33 1.51615711333e-103 6.10661039807e-81 3.23407870581e-103
sums 1.916236046e-103 6.54757267719e-90 0.00151615711333 1.03829440936e-61 7.13992562883e-56
sun 0.00191623604546 1.82504563656e-68 0.00151615711333 2.05617378262e-18 0.00323407870581
suns 9.02355004523e-78 1.97803842431e-103 0.00151615711333 1.47355427423e-27 3.23407870581e-103
sunset 0.00191623604546 1.74621539659e-16 1.51615711333e-103 2.93407474658e-103 3.23407870595e-103
suppressed 1.91623604546e-103 1.97803842431e-103 1.51615711333e-103 2.93407472209e-103 0.00323407870581
surmount 1.91623604546e-103 1.97803842431e-103 1.51615711333e-103 2.93407472209e-103 0.00323407870581
sway 1.91623604546e-103 1.97803842431e-103 0.00151615711333 4.36808715544e-44 3.23407870581e-103
swear 0.00191623604546 2.1214299608e-60 1.51615711333e-103 1.26880754225e-49 3.23412134832e-103
sweet 2.31679996711e-34 0.00793934723308 4.69441627043e-55 0.0028848490324 0.00324387639875
swerving 1.91623604546e-103 1.97803842431e-103 1.51615711333e-103 2.93407472209e-103 0.00323407870581
swift 0.00191623604546 1.54450538613e-88 0.00151615711333 2.02525554341e-16 3.23407870581e-103
taken 1.91623604546e-103 1.97803842431e-103 1.51615711333e-103 2.93407472209e-103 0.00323407870581
taker 1.91878335161e-103 1.97803842431e-103 0.00151615711333 1.08901074607e-88 3.23407870581e-103
taste 1.3700324772e-39 6.55903860283e-54 1.51615711333e-103 0.00293407472209 3.23446051303e-103
taught 0.00191623604546 3.53196252727e-91 1.51615711333e-103 8.09953074169e-60 3.23408137331e-103
teeming 1.90914850607e-08 0.00197801871709 1.51615711333e-103 2.93407472209e-103 3.23407870581e-103
tell 1.91680525036e-103 1.98042882437e-103 0.00151615711333 4.06498365729e-58 3.23407870581e-103
tempests 0.00191623604546 1.14680697136e-75 1.51615711333e-103 6.86919362429e-48 3.23430523384e-103
tempteth 5.75359520442e-71 0.00197803842431 1.51615711333e-103 2.93407472209e-103 3.23407870581e-103
ten 0.00194851814376 1.00559369255e-60 0.00149061499231 4.97989896185e-26 6.94778315917e-42
tender 5.06710622407e-06 0.00592888474257 1.51615711333e-103 2.93407472209e-103 3.23407870581e-103
tenure 0.00191618134456 5.93194681589e-87 4.32802065241e-08 5.38470789888e-14 2.80121495025e-92
th 8.15141200349e-59 0.00395607684853 1.51615711334e-103 0.00293407472222 3.23407870581e-103
than 8.67239135069e-34 0.0121594901659 0.00400196287256 0.00355964779827 2.87294586163e-56
that 0.00458923449587 0.066658354125 0.0023736031627 0.018602968553 3.23539443504e-103
the 0.0502338818354 0.0256578593455 0.0265765503106 0.0507151106143 4.19756883169e-98
thee 0.00337411942552 1.74807803317e-46 0.0076148446287 0.0240767784615 0.0194394376281
their 0.00192212630751 6.88542766901e-16 0.0071420439573 0.0213785590139 3.23407870581e-103
them 6.88923176907e-92 4.24188199644e-73 0.00454847133999 7.07801889396e-78 1.66236113106e-70
then 5.42527978323e-22 0.00290109526706 3.75871233656e-07 0.0103663778003 9.38807855877e-84
thence 4.64673657733e-36 2.35086253012e-13 1.51615711333e-103 0.00293407472174 3.23505282196e-103
there 0.003825582699 2.34678049225e-84 6.84035891946e-34 1.2174158714e-33 0.003245706102
therefore 0.00192238503399 0.00197169111881 1.51615711333e-103 4.52550898202e-38 3.23407870581e-103
these 0.00383247209091 7.88047426786e-40 1.47024247151e-38 2.36637249475e-39 6.20640150253e-85
they 0.00194091661362 1.03118945542e-10 0.00182124138969 0.00817403338021 3.23407870582e-103
thief 1.91623604546e-103 1.97803842431e-103 1.51615711333e-103 2.93407472209e-103 0.00323407870581
thievish 1.91623604546e-103 1.97803842431e-103 1.51615711333e-103 0.00293407472209 3.23407870581e-103
thine 6.4113477952e-100 3.36294606382e-59 0.00906899504163 1.56501589055e-30 0.003293693149
thing 1.91623604546e-103 1.97803842431e-103 1.51615711334e-103 0.00293407472209 3.23407870581e-103
things 0.00191916132043 3.06454741042e-16 0.00151384258821 3.05988714359e-30 0.00323407870581
think 0.00574848427838 3.59172962185e-77 1.51615711335e-103 3.42763651375e-07 3.23408789528e-103
thinking 0.00191623604546 1.43835995186e-65 1.51615711333e-103 2.93407472222e-103 3.23407870581e-103
this 0.00191711450154 8.91681156621e-74 0.0061001127998 0.00286406017806 1.1096391727e-77
those 0.00313558279718 0.00269740376751 1.51615711333e-103 2.93407473142e-103 3.23407870587e-103
thou 0.0307232233924 6.32429578816e-33 0.00298211419373 1.7420337919e-27 6.32969235957e-69
though 0.00190475758891 0.00594596393226 1.51615711333e-103 2.32243270385e-57 3.23408126767e-103
thought 0.00186370958729 3.52324813935e-70 0.00155771064933 1.20982690517e-08 3.20845537084e-54
thoughts 1.58640976362e-63 1.97816000372e-103 0.00151615711333 2.71641311746e-18 4.09166398026e-88
three 1.91623604546e-103 1.97803842431e-103 1.51615711333e-103 0.00293407472209 3.23407870581e-103
threescore 0.00191623604546 1.1794497168e-90 1.51615711333e-103 9.14167957512e-66 3.23408137331e-103
thrice 0.00191623604546 2.09158811641e-93 1.51615711333e-103 1.40923008829e-71 3.23407870581e-103
thriftless 1.17793880816e-51 1.97803842431e-103 0.00151615711333 1.96789618702e-34 3.23407870581e-103
thrivers 0.00191623604546 1.90277643653e-24 1.51615711333e-103 4.3953439326e-79 3.23407870581e-103
thunder 1.03735462058e-41 6.03166107035e-102 0.00151615711333 1.34620332021e-45 3.23407940215e-103
thus 1.91623604546e-103 1.97998552819e-103 0.00454847133999 1.16776038678e-24 1.4492184037e-73
thy 0.024329210418 0.0200347996211 0.0157640886848 0.0110838443691 3.22574199839e-98
tied 1.91623604546e-103 1.97803842431e-103 1.51615711333e-103 2.93407472209e-103 0.00323407870581
till 0.00191623604546 3.62383175057e-83 0.00151615711333 1.4657631098e-50 3.23407870581e-103
tillage 5.03727905005e-50 5.82841899088e-73 2.42243302573e-65 0.00293407472209 3.2347180987e-103
time 0.00255689170535 2.64377247071e-76 0.00706698906178 1.34481215604e-34 0.0097169529164
times 0.00191268481705 3.66576250146e-06 1.51615711333e-103 0.00293407472209 3.23407870581e-103
tincture 1.91623604546e-103 1.97803842434e-103 0.00151615711333 4.98711479706e-18 6.31471417635e-88
tires 0.00191623604546 1.38842683441e-90 1.51615711333e-103 2.42005725823e-59 3.23407870581e-103
to 0.0102541520475 0.0390793683111 0.0402200537382 0.0245422107729 2.20031297448e-89
toil 1.91623604546e-103 1.97803842431e-103 1.51615711333e-103 0.00293407472209 3.23407870581e-103
told 1.91623604546e-103 1.97803842431e-103 1.51615711333e-103 2.93407472209e-103 0.00323407870581
tongue 0.0019131800434 5.73771474401e-56 3.15686412858e-74 9.05084864448e-18 0.00323923639565
tongues 0.00191623604546 8.52721862627e-73 1.51615711333e-103 2.93441387321e-103 3.23407870581e-103
too 2.71066484087e-48 1.83316637548e-77 1.07396374842e-13 0.00586814944396 3.23433308559e-103
torment 1.29293296009e-77 0.00197803842431 1.51615711333e-103 2.93407472209e-103 3.23407870581e-103
torture 1.91880437412e-103 1.97803842431e-103 0.00151615711333 2.93787691687e-103 3.23407870581e-103
touched 1.91623604546e-103 1.97803842431e-103 1.51615711333e-103 0.00293407472209 3.23407870581e-103
touches 1.0397272733e-57 0.00197803842431 0.00151615711333 2.93407472244e-103 3.23407870581e-103
translated 2.96731751557e-07 0.00197092014892 1.51615711333e-103 1.01043735398e-05 1.56187939456e-89
transport 7.53008447293e-97 1.08802044175e-43 2.30474463134e-34 0.00293407472209 3.23407870581e-103
travail 5.97585950572e-52 4.84028574751e-77 1.19800627719e-65 0.00293407472209 3.23470922511e-103
travels 1.91623604546e-103 1.97803842431e-103 0.0015161566023 9.88942735594e-10 3.23407870581e-103
treason 1.91623604546e-103 1.97803842431e-103 1.51615711333e-103 2.93407472209e-103 0.00323407870581
treasure 7.10173180122e-23 3.19119917495e-79 0.00295855471197 0.000130023749811 0.00324809492393
trespass 1.80338189863e-79 1.79324747378e-93 1.81436686052e-73 0.00293407472209 3.23416081185e-103
triumph 1.52975425655e-47 0.00197803842431 1.51615711333e-103 2.93407472209e-103 3.23407870581e-103
true 0.00574827834502 4.93096478717e-40 0.00453320490147 2.285233058e-06 0.00326484965832
truth 7.31327892236e-47 0.00197875192075 0.00279353374964 0.00339510553125 3.27638033419e-103
truths 0.00191623604546 2.2225657161e-64 1.51615711333e-103 2.93416522439e-103 3.23407878941e-103
twenty 1.39018515519e-05 6.45607016735e-35 1.51615711333e-103 0.00291278868516 2.69327780323e-99
twixt 1.2536316731e-57 0.00197803842431 1.51615711333e-103 2.93407472209e-103 3.23407870581e-103
ugly 0.00191623604546 1.01520405813e-28 1.51615711333e-103 2.93407472226e-103 3.23407870581e-103
under 7.79207311566e-15 0.0019780384243 1.51615711333e-103 2.93407472209e-103 3.23407870581e-103
unions 0.00191623604546 2.13412815936e-72 1.51615711333e-103 2.93407472237e-103 3.23407870582e-103
unknown 1.26298338237e-54 0.00197803842431 1.51615711333e-103 2.93407472236e-103 3.23407870582e-103
unlettered 0.00191623604546 1.48127916805e-75 1.51615711333e-103 4.57050102977e-48 3.23407998126e-103
unseeing 1.91623604792e-103 1.97803842454e-103 1.09954669141e-38 0.00293407472209 3.23407870583e-103
unseen 0.00191623604546 3.65632510368e-89 1.51615711333e-103 2.20372257657e-37 3.23407870581e-103
unset 1.91623604546e-103 1.97803842431e-103 1.51615711333e-103 2.93407472209e-103 0.00323407870581
unstained 1.91623604546e-103 1.97803842431e-103 0.00151615711333 2.93407472209e-103 3.23407870581e-103
untrimmed 1.91623604546e-103 1.97803842431e-103 1.51615711333e-103 2.93407472209e-103 0.00323407870581
up 0.000995521051187 0.00292844828682 1.51615711333e-103 2.18763612102e-22 3.23529396212e-103
upon 0.00170807085053 0.00792802859227 1.79811318253e-06 0.00322575995672 0.00323410383554
us 0.00191623604546 5.15357809307e-83 8.970111104e-54 1.39505663074e-40 3.18926661888e-91
usest 1.91623604546e-103 1.97803842431e-103 1.51615711333e-103 2.93407472209e-103 0.00323407870581
vanished 4.05899362557e-79 1.97803842431e-103 1.51615711333e-103 0.00293407472209 3.23407870581e-103
verse 1.91623604546e-103 1.97803842431e-103 0.00151615711333 9.90801674782e-76 3.23407870581e-103
very 0.00171820195402 9.70656758175e-73 1.94304629565e-12 0.00617137242965 3.23427115555e-103
virgin 0.00191623604546 3.73930643812e-53 1.51615711333e-103 5.07330276214e-45 3.23435545985e-103
virtue 1.91623604546e-103 1.97803842431e-103 1.51666151219e-103 0.00293407472209 3.23407870581e-103
vision 1.91623604546e-103 6.70619523262e-38 0.00151615711333 2.9340747222e-103 6.0552907736e-56
vouchsafe 3.62768431103e-47 1.58040369267e-68 1.51615711333e-103 0.00293407472209 3.23484681634e-103
vows 0.00191623604546 2.94895516033e-78 1.51615711333e-103 2.93425680085e-103 3.23407870581e-103
vulgar 1.91623604546e-103 1.97803842431e-103 0.00151615711333 2.93419548699e-103 3.23407870581e-103
wanting 1.47527793718e-56 0.00197803842431 1.51615711333e-103 2.93407472209e-103 3.23407870581e-103
warmed 1.91623604546e-103 1.97803842431e-103 1.51615711333e-103 2.93407472209e-103 0.00323407870581
was 0.00190540980026 0.0019919019323 0.00283238464884 0.00331699210709 3.23407885499e-103
watch 1.82365798849e-46 0.00197803842431 1.5166155418e-103 4.27465489792e-46 8.71151171233e-95
water 0.00191623604546 4.63867476502e-82 1.51615711333e-103 4.30560336334e-62 3.23407870581e-103
we 1.91623604546e-103 1.97803842431e-103 0.00151615527541 3.55675925209e-09 3.23407870581e-103
wear 0.00191623604546 1.93250024538e-78 1.51615711333e-103 3.2665468285e-61 3.23408137331e-103
weed 1.91623604546e-103 1.97803842431e-103 1.51615711333e-103 2.93407472209e-103 0.00323407870581
weigh 0.00191623604546 8.17511940083e-77 1.51615711333e-103 2.93407472226e-103 3.23407870581e-103
weight 0.00191623604546 1.92402231126e-61 5.13964250068e-47 6.56923987876e-38 3.2496430376e-103
well 1.91636713414e-103 1.97803842431e-103 0.00454847133999 2.51440308194e-57 3.23407870581e-103
were 3.10079562476e-76 0.00197803842431 0.00303231422666 8.88610017088e-87 0.00323407870581
west 1.26657931951e-23 5.00723866239e-89 0.00150660651157 2.85238792282e-12 0.00648852957013
what 0.00245382326893 0.00936970577858 0.00148975968654 1.05385440383e-41 2.67890684637e-55
whateer 1.10159790546e-57 0.00197803842431 1.51615711333e-103 2.93407472209e-103 3.23407870581e-103
when 2.84209221932e-53 0.0217584226674 1.51615711333e-103 2.93407472209e-103 3.23407870581e-103
where 0.00171890698918 0.00567118213201 0.00487434396214 7.34328998015e-33 0.0033018984707
wherein 9.45546602467e-47 0.00197803842431 1.51615711333e-103 2.93407472209e-103 3.23407870581e-103
whereof 2.03516696181e-20 7.06475648442e-41 1.51615711333e-103 0.00293407472209 3.23795926246e-103
whereto 2.83123155308e-12 0.0039560768457 1.51615711333e-103 2.93407472209e-103 3.23407870581e-103
whereupon 1.91623604546e-103 1.97803842439e-103 0.00151615710931 7.78533979772e-12 2.84160398872e-71
wherewith 1.91623604546e-103 1.97803842431e-103 0.00151615711333 8.68181841245e-32 3.23407870581e-103
which 0.00606146372376 0.0194575416437 1.18051830807e-99 4.38547441807e-11 3.23682554379e-103
whilst 1.31310162585e-35 0.00395607684862 1.51615711333e-103 2.93407472209e-103 3.23407870581e-103
white 3.58923110825e-53 1.85849161674e-38 1.51615726828e-103 3.7418776794e-47 0.00323407870581
whom 0.00191623604546 4.89544472536e-75 1.51615711333e-103 2.93407472234e-103 3.23407870582e-103
whose 0.00192042258024 0.00197371686555 1.51615711333e-103 2.04379014072e-65 3.23407870581e-103
widowed 0.00191623604546 1.12327354657e-79 1.51615711333e-103 2.93407472223e-103 3.23407870581e-103
wilful 0.00191623604546 9.10476092663e-78 1.51615711333e-103 1.28988965626e-59 3.23416998323e-103
wilfully 1.91709199932e-103 1.97803842431e-103 0.00151615711333 2.93534180076e-103 3.23407870581e-103
will 0.00363186527296 0.00622142551975 0.00600312988145 1.27494117589e-15 4.60485685746e-59
willing 1.82010176522e-78 1.97803842431e-103 0.00151615711333 5.14156926592e-31 3.23407870581e-103
willingly 1.91720963507e-103 1.97803842431e-103 0.00151615711333 3.25308914058e-47 3.23407870581e-103
wills 5.38500958992e-12 5.94157196697e-27 0.00164656361067 9.25336977852e-71 0.00295591169647
wilt 1.91623604546e-103 1.97803842431e-103 1.51615711333e-103 0.00293407472209 3.23407870581e-103
win 0.00191623604546 2.99880452468e-90 1.51615711333e-103 1.17129845856e-43 3.23407870581e-103
wind 1.91623604546e-103 1.97803842431e-103 1.51615711333e-103 2.93407472209e-103 0.00323407870581
windows 1.91623604546e-103 1.97803842431e-103 0.00151615711139 3.75056462647e-12 3.23407870581e-103
winged 0.00191623604546 1.26600758031e-62 1.51615711333e-103 3.23802494651e-32 3.23448069002e-103
wink 1.91675009811e-103 1.97827783352e-103 0.00151615711333 1.99555174825e-15 3.23597211446e-103
winter 0.00191623604491 5.61466344958e-13 1.51615711333e-103 2.93407474656e-103 3.23407870595e-103
wish 1.91623604546e-103 1.97803842431e-103 0.00151602924937 2.47442966826e-07 3.23407870581e-103
with 0.00204761391022 0.00987204690044 0.0267101095787 0.00681771267444 2.77590096284e-53
without 2.40341743325e-76 0.00395607684862 1.51615711333e-103 2.93407472209e-103 3.23407870581e-103
woe 1.91623604546e-103 1.97803842431e-103 1.51615711333e-103 2.93407472209e-103 0.00646815741163
wombs 2.3132614265e-58 0.00197803842431 1.51615711333e-103 2.93407472209e-103 3.23407870581e-103
womens 0.00191623604546 1.63979597732e-91 1.51615711333e-103 2.60751227985e-63 3.23603570502e-103
wondrous 5.38946274032e-76 1.97803842431e-103 0.00151615711333 3.99941459646e-21 3.23407870581e-103
wont 1.18049598509e-40 1.09412375282e-68 4.91557160009e-49 0.00293407472209 3.23550495515e-103
woods 0.00191623604546 2.02160542409e-19 3.31767505579e-59 2.93407473854e-103 3.23407870603e-103
wooed 1.91623604546e-103 1.97857187733e-103 0.00151615711333 2.93407472209e-103 1.25266021746e-90
wooing 0.00188838786429 2.87463397406e-05 1.51615711333e-103 2.93407472209e-103 3.23407870581e-103
words 0.00191623604546 4.73112730481e-91 1.51615711333e-103 8.07412140343e-37 3.23407870581e-103
work 2.43956465759e-83 1.97860523859e-103 0.00151615711333 2.37844043084e-58 1.84743234279e-90
world 6.41949525947e-31 0.00198188752608 0.00454552102166 1.06517045756e-19 1.44857134132e-95
worse 0.00191623604546 6.88355396222e-79 1.51615711333e-103 2.35400728363e-72 3.23408137331e-103
worst 0.00191623604546 2.67988150608e-41 4.90202982402e-29 6.12365250449e-16 4.3650469626e-84
worth 0.00766494418182 1.0413947991e-30 3.79604743095e-70 4.20385241235e-49 3.23412171616e-103
worthier 1.91623604546e-103 1.97803842431e-103 0.00151615711333 9.46758558901e-87 3.23407870581e-103
worths 0.00192167130068 5.43477262121e-74 0.00151185665103 8.54711571523e-29 3.23407870582e-103
worthy 4.8383901872e-47 0.00395607684862 1.51615711333e-103 2.93407472209e-103 3.23407870581e-103
would 0.00191665819649 9.34165426725e-19 0.00454813732723 4.88313443122e-22 2.66508697471e-93
wound 0.00191623604546 1.50398478953e-47 5.00798771322e-35 2.93407472382e-103 3.2340788861e-103
wrackful 1.65210501315e-21 5.58555909347e-49 1.56645242836e-103 0.00293407472209 3.5678096463e-103
wrinkles 1.46856297784e-51 1.97803842431e-103 0.00151615711333 2.6325245638e-35 3.23407870581e-103
writ 0.00383247209091 6.32483049386e-41 1.84284920823e-73 4.6304463168e-60 3.24404212724e-103
wrong 1.91623604546e-103 1.97803842431e-103 1.51615711333e-103 2.93407472209e-103 0.00323407870581
year 8.50882509437e-77 6.29254902933e-36 1.51615711333e-103 0.00586814944417 3.23407870581e-103
yet 8.53252910198e-31 0.0021427799342 0.00375923078016 0.00421705167218 3.23457554929e-103
yhave 1.91623604546e-103 1.97803842431e-103 0.00151615711079 4.92679812934e-12 3.23407870581e-103
you 0.0134184846656 1.43968752634e-38 0.00709573639078 0.00386523416028 0.00646827975527
your 0.0100297373113 0.0027028233027 0.00992096265346 0.00837974434301 3.23576163453e-103
yours 2.51343963306e-73 2.38376941399e-99 1.51615711636e-103 0.00293407472209 3.23407870584e-103
youth 2.59883272577e-45 0.00197803842431 1.51615711333e-103 1.97691333402e-49 3.23424254377e-103
zealous 0.00191623604546 1.34561356559e-92 1.51615711333e-103 1.41882587139e-73 3.23407870581e-103
