1.988119307421653602e-25 2.112017982582334228e-34 6.389207293430728685e-01 2.109852361985772762e-25 8.401713265361476577e-26 1.073464265862419860e-27 1.921015003569761835e-53 3.610792706569271870e-01 9.364776203109893490e-31 2.034304550934720728e-30 4.171054084075980958e-103 2.384122395315948798e-88
8.991741758417269756e-08 2.733017343461986308e-24 3.312564334341738248e-01 7.808725681715240940e-07 8.323667706558674769e-37 1.360414341419503292e-01 7.184090221244878935e-03 7.011778504057607046e-03 3.516354045156497209e-13 2.984508436396041415e-20 3.517331561644621689e-103 5.185053929082360513e-01
1.055058885802020306e-32 2.468611692581846727e-21 7.383151033747341809e-18 7.741279490024020882e-02 3.341381227203593651e-02 3.700459490285949449e-01 6.427658286245463252e-03 5.126997855118233804e-01 5.099767363756871257e-21 1.060059145899550535e-12 3.729855533242389641e-103 7.673407526999721208e-36
2.059740400343758754e-35 7.294237968446925463e-28 6.572709931548249852e-33 2.016991696291482722e-22 9.599199254609585008e-01 1.678454598569585735e-16 1.351453536140201958e-40 9.142901793514335490e-28 3.482243201981793756e-35 4.008007453904133960e-02 7.187986128553589415e-103 4.416544966883127247e-56
2.569323662718549810e-16 2.504961141069507180e-01 1.153913064992714982e-01 8.675856326591022732e-06 1.427589909118200332e-22 2.064333507605599360e-01 2.642738746813910301e-76 2.449567554422778237e-01 1.827137973346129318e-01 1.446942926705026769e-16 7.017370625866097493e-103 2.050996317942320210e-37
2.768702987121700043e-01 4.107340072686800474e-15 3.303143497165492410e-31 1.328643373143228335e-19 3.166578962257182242e-35 5.454278787691828246e-32 2.839625687597154696e-03 3.582974400208751168e-22 3.173991806031206120e-01 1.803558995530004086e-47 2.572975720911011877e-103 4.028908949971081732e-01
4.616093999593500175e-42 2.261386900665486956e-52 2.318922608594960221e-14 7.349980043827310239e-02 1.308281299847425623e-22 3.141055704830347092e-19 7.050463743025541659e-08 1.193427986326885541e-10 1.188885873539443291e-26 9.265001289377234883e-01 4.621041542677919304e-103 4.629757670868181739e-103
1.171351657984148927e-02 9.527949999118129343e-01 6.400286463498804193e-30 1.840971474676290838e-35 3.893924101017242096e-13 3.549148350506785288e-02 3.737589760490026440e-25 1.743595988491645988e-15 4.687523392446666747e-22 2.734112497055109197e-21 3.832490819442372598e-103 2.886487332377449221e-12
4.776334062474593534e-32 1.134880214868281423e-20 1.036306746828129121e-25 1.689691639337246032e-01 8.239793417852300847e-32 8.310308360662753691e-01 2.915925485171899432e-64 1.316753078703040841e-17 1.522495208564992000e-30 2.376397704206111310e-30 5.454345670479525897e-103 7.059374971243385436e-68
3.068999066053457736e-01 3.353718655138293947e-29 2.012807094277629938e-02 2.102187238260636026e-01 5.032414143527105483e-16 2.792370289667503447e-01 1.957250287801378245e-16 6.325126963543209782e-25 1.469593640823629310e-01 3.655690557670038948e-02 4.675275640042293005e-103 1.100490926807838119e-91
2.086873217388309776e-01 6.409215324143385212e-59 7.101437328239604187e-55 8.722521400811981962e-02 3.838344933628365304e-68 1.020389584650935564e-86 6.958289398719014196e-01 2.684258506304261523e-55 8.258524381147798812e-03 9.640365679541969656e-83 3.289473684210526616e-103 3.289473684210526616e-103
0.000000000000000000e+00 0.000000000000000000e+00 0.000000000000000000e+00 0.000000000000000000e+00 0.000000000000000000e+00 0.000000000000000000e+00 0.000000000000000000e+00 0.000000000000000000e+00 0.000000000000000000e+00 0.000000000000000000e+00 0.000000000000000000e+00 0.000000000000000000e+00
