 0 1 2 3 4
abide 1.49399674001e-103 1.91971689803e-103 0.00328947368421 1.72576292334e-103 3.20214683898e-103
able 1.49399674001e-103 0.00127761768942 3.28947368421e-103 0.000577226261052 3.20214683898e-103
absence 1.49399674001e-103 0.00191971689803 3.28947368421e-103 1.72576292334e-103 3.20214683898e-103
abundance 1.49399674001e-103 0.00191971689803 3.28947368421e-103 1.72576292334e-103 3.20214683898e-103
abuse 1.49399674001e-103 0.00191971689803 0.00328947368421 1.72576292334e-103 3.20214683898e-103
accents 1.49399674001e-103 0.00170635601456 3.28947368421e-103 0.000191804480314 3.20214683898e-103
accident 1.49399674001e-103 1.91971689803e-103 0.00328947368421 1.72576292334e-103 3.20214683898e-103
accidents 1.49399674001e-103 1.91971689803e-103 0.00328947368421 1.72576292334e-103 3.20214683898e-103
accuse 1.49399674001e-103 0.00191971689803 3.28947368421e-103 1.72576292334e-103 3.20214683898e-103
acquainted 1.49399674001e-103 1.91971689803e-103 0.00328947368421 1.72576292334e-103 3.20214683898e-103
added 6.28245128254e-11 1.91971689803e-103 3.28947368421e-103 0.00172576285077 2.30401181722e-26
adjunct 1.49399674001e-103 0.00191971689803 3.28947368421e-103 1.72576292334e-103 3.20214683898e-103
admire 1.49399674001e-103 1.91971689803e-103 0.00328947368421 1.72576292334e-103 3.20214683898e-103
adonis 9.32039366368e-86 1.91971689803e-103 3.28947368421e-103 0.00172576292334 2.90268516302e-101
adore 1.49399674001e-103 2.32242851466e-10 3.28947368421e-103 0.00172576271456 3.20214683898e-103
adulterate 1.49399674001e-103 0.00191971689803 3.28947368421e-103 1.72576292334e-103 3.20214683898e-103
affords 1.49399674001e-103 1.91971689803e-103 0.00328947368421 1.72576292334e-103 3.20214683898e-103
afresh 0.00149399666743 1.91971689803e-103 3.28947368421e-103 8.38344823045e-11 1.32023152143e-53
after 1.49399674001e-103 0.000874266863944 3.28947368421e-103 0.000939825507024 3.20214683898e-103
again 5.82167252921e-11 1.417307093e-22 3.28947368421e-103 0.00345152577944 8.30719930025e-34
against 1.49399674001e-103 1.91971689803e-103 3.28947368421e-103 1.72576292334e-103 0.00320214683898
age 1.13547759464e-10 1.91971689803e-103 3.28947368421e-103 0.00172576279218 6.01366352277e-24
ages 1.49399674001e-103 0.00191971689803 3.28947368421e-103 5.0293896746e-25 3.20214683898e-103
ah 1.49399674001e-103 1.91971689803e-103 3.28947368421e-103 1.72576292334e-103 0.00320214683898
alive 1.49399674001e-103 1.91971689803e-103 0.00328947368421 1.72576292334e-103 3.20214683898e-103
all 0.0118997488338 0.00767883389239 3.28947368421e-103 2.14195006191e-07 0.00331374186456
almost 1.49399674001e-103 0.00191971689803 3.28947368421e-103 9.06336866923e-24 3.20214683898e-103
alone 1.49399674001e-103 1.91971689803e-103 0.00657894736842 1.72576292334e-103 3.20214683898e-103
alter 0.00149399674001 1.91971689803e-103 3.28947368421e-103 1.63396030164e-22 2.56109332053e-58
although 0.00298799348001 1.91971689803e-103 3.28947368421e-103 1.15050513042e-49 4.36740245311e-54
am 7.35483018828e-21 0.00383943379606 3.28947368421e-103 1.72576292334e-103 3.20214683898e-103
amiss 1.49399674001e-103 1.91971689803e-103 0.00328947368421 1.72576292334e-103 3.20214683898e-103
an 1.4044535516e-102 6.80876601425e-24 3.28947368421e-103 0.00517728846597 0.00320214740315
and 0.0222519856964 0.0326458519236 3.28947368421e-103 6.10067469421e-07 0.0963840581926
anew 1.49399674001e-103 1.91971689803e-103 0.00328947368421 1.72576292334e-103 3.20214683898e-103
anon 1.49399674001e-103 1.91971689803e-103 0.00328947368421 1.72576292334e-103 0.00320214683898
another 5.802431599e-33 0.00383943379606 3.28947368421e-103 1.72576292334e-103 0.00320214683898
answer 0.00149399674001 1.91971689803e-103 3.28947368421e-103 1.72576292334e-103 1.84536447773e-28
antique 1.49399674003e-103 0.00191971689803 3.28947368421e-103 0.00172576292334 3.20214683898e-103
any 0.00149399674001 1.91971689803e-103 3.28947368421e-103 1.72576292423e-103 4.30302668315e-60
appear 1.49399674001e-103 1.91971689803e-103 0.00328947368421 1.72576292334e-103 3.20214683898e-103
approve 1.49399674001e-103 1.91971689803e-103 0.00657894736842 1.72576292334e-103 3.20214683898e-103
april 0.00149399674001 1.91971689803e-103 3.28947368421e-103 5.64241002618e-23 3.73832863757e-24
aprils 0.00149399674001 1.91971689803e-103 3.28947368421e-103 1.72576292334e-103 1.2779115024e-27
are 0.0159988085306 0.00239045080977 0.00657894736842 7.36385542455e-26 0.00334963574398
argument 1.49399674001e-103 1.91971689803e-103 0.00328947368421 1.72576292334e-103 3.20214683898e-103
art 0.00652983583746 1.91972501633e-103 3.28947368421e-103 0.00281175747757 5.62781472296e-36
as 0.000640433318322 0.0151151129644 3.28947368421e-103 0.0115297314009 0.0192665674708
asked 1.49399674001e-103 4.6527048772e-23 3.28947368421e-103 0.00172576292334 3.20214683898e-103
assured 1.49399674001e-103 1.91971689803e-103 0.00328947368421 1.72576292334e-103 3.20214683898e-103
at 7.3051581142e-33 3.49642804316e-11 3.28947368421e-103 0.0051772887386 2.27055735467e-47
attainted 1.49399674001e-103 1.91971689803e-103 0.00328947368421 1.72576292334e-103 3.20214683898e-103
aught 0.00149399646841 1.91971689803e-103 3.28947368421e-103 3.13729894044e-10 1.40442639943e-58
autumn 1.49399674001e-103 0.00191971689803 3.28947368421e-103 1.72576292334e-103 3.20214683898e-103
away 1.49399674001e-103 1.91971689803e-103 0.00328947368421 1.72576292334e-103 3.20214683898e-103
backward 3.15951961379e-93 0.00191971689803 3.28947368421e-103 1.72576292334e-103 3.20214683898e-103
bad 1.49399674001e-103 0.000909667463922 3.28947368421e-103 0.00090800152143 3.20214683898e-103
bait 1.49399674001e-103 1.91971689803e-103 0.00328947368421 1.72576292334e-103 3.20214683898e-103
bark 1.49399689001e-103 1.91971689803e-103 0.00328947368421 0.00172576292334 3.20214684034e-103
barren 1.49399674001e-103 0.00191971689803 3.28947368421e-103 3.44806759337e-21 3.20214683898e-103
basest 1.49399674048e-103 2.02222094557e-13 3.28947368421e-103 0.00172576292316 3.20214683899e-103
bath 0.00149399674001 1.91971689803e-103 3.28947368421e-103 1.72576292334e-103 6.79227134083e-53
be 0.00664460676757 0.020255651569 3.28947368421e-103 1.87767118948e-06 3.53890756962e-51
bear 1.49399674001e-103 1.84869875602e-05 3.28947368421e-103 0.00170914372406 3.20214683898e-103
bearing 1.49399674001e-103 1.91971689803e-103 3.28947368421e-103 1.72576292334e-103 0.00320214683898
bears 0.00149399674001 1.91971689803e-103 3.28947368421e-103 1.18220141712e-25 1.10613481129e-57
beast 0.00298799348001 1.91971689803e-103 3.28947368421e-103 1.72576292334e-103 1.81381271924e-35
beauteous 0.00427683819965 1.91971689803e-103 3.28947368421e-103 0.000236977592334 7.16193866891e-26
beauty 0.00907667936064 0.00942044362165 3.28947368421e-103 8.66852713288e-16 0.00325773889137
beautys 1.49399674001e-103 0.00383943379606 3.28947368421e-103 2.41408705633e-18 3.20214683898e-103
beck 1.49399674001e-103 1.91971689803e-103 0.00328947368421 1.72576292334e-103 3.20214683898e-103
becoming 4.14729303431e-26 4.45441907874e-50 3.28947368421e-103 0.00172576292334 1.35049004246e-77
been 1.49399674001e-103 0.00383943369024 3.28947368421e-103 9.51266566171e-11 3.20214683898e-103
before 1.49399674001e-103 0.00019969472854 3.28947368421e-103 0.0015462438709 0.00320214683898
behold 1.49399674001e-103 1.91971689803e-103 0.00328947368421 1.72576292334e-103 3.20214683898e-103
being 2.2048425507e-33 4.16394114074e-31 3.28947368421e-103 0.00862881461671 5.39095279279e-52
belongs 1.49399674001e-103 1.91971689803e-103 0.00328947368421 1.72576292334e-103 3.20214683898e-103
best 5.72650900696e-36 0.00243389477823 0.00657894736842 0.00298929669063 5.99820470267e-51
betray 1.49399674001e-103 1.91971689803e-103 0.00328947368421 1.72576292334e-103 3.20214683898e-103
betraying 0.00149399674001 1.91971689803e-103 3.28947368421e-103 3.89079969187e-17 1.58401505276e-55
better 0.00298799339051 1.91971689955e-103 3.28947368421e-103 1.03383859971e-10 9.94372827895e-30
bettring 1.50276562883e-103 0.00085407420354 3.28947368421e-103 0.000957978050602 3.2022831501e-103
bide 1.49399674001e-103 0.00191971689803 3.28947368421e-103 1.72576292334e-103 3.20214683898e-103
birds 1.49399674001e-103 1.91971689803e-103 3.28947368421e-103 0.00172576292334 3.20214683898e-103
birth 0.00149399674001 1.91971689803e-103 3.28947368421e-103 1.72576292334e-103 1.72066057416e-53
bitterness 2.16726585779e-97 1.33193031916e-07 3.28947368421e-103 0.00172564318715 3.20233804912e-103
black 0.00149284331031 1.91971689803e-103 3.28947368421e-103 1.33236315352e-06 6.47095807416e-60
blame 1.49399674001e-103 1.91971689803e-103 3.28947368421e-103 1.72576292334e-103 0.00320214683898
blamed 0.00149399674001 1.91971689803e-103 3.28947368421e-103 1.72576292334e-103 2.39435542294e-57
blazon 4.43546001488e-103 2.53937128674e-06 3.28947368421e-103 0.00172348011132 3.20230233471e-103
blenches 0.00149399674001 1.91971689803e-103 3.28947368421e-103 1.72576292334e-103 2.16524102181e-27
blooms 0.00149399674001 1.91971689803e-103 3.28947368421e-103 6.02173044587e-48 1.91300585701e-56
blow 4.13123135882e-85 8.5575402637e-11 3.28947368421e-103 0.00172576284641 3.69904455385e-103
blunt 0.00298799343254 1.91971689803e-103 3.28947368421e-103 5.48438526105e-11 4.24051808893e-56
body 0.00149399674001 1.91971689803e-103 3.28947368421e-103 1.72576292334e-103 7.8783775905e-58
bold 1.49399674001e-103 1.91971689803e-103 0.00328947368421 1.72576292334e-103 3.20214683898e-103
bonds 1.49399674001e-103 1.91971690274e-103 3.28947368421e-103 0.00172576292334 3.20214683898e-103
book 1.49399674001e-103 1.91971689803e-103 0.00328947368421 1.72576292334e-103 3.20214683898e-103
born 0.00298788918423 1.91971689804e-103 3.28947368421e-103 1.20475365674e-07 1.13736461333e-54
borrowed 8.54587721291e-17 1.91971689803e-103 3.28947368421e-103 0.00172576292334 6.42682769855e-33
bosoms 6.67235481907e-10 1.91971689803e-103 3.28947368421e-103 0.0017257621526 1.81143230439e-56
both 1.49399674001e-103 0.000210247007824 3.28947368421e-103 0.00153675771574 3.20214683898e-103
bower 1.49399674001e-103 1.91971689803e-103 0.00328947368421 1.72576292334e-103 3.20214683898e-103
boy 0.00149399674001 1.91971689803e-103 3.28947368421e-103 1.72576292334e-103 8.98919743e-48
brain 1.49399674001e-103 0.00191971689803 3.28947368421e-103 3.39096445248e-19 3.20214683898e-103
brand 1.49399674001e-103 1.91971689803e-103 0.00328947368421 1.72576292334e-103 3.20214683898e-103
breach 1.49399674001e-103 0.00175654563606 3.28947368421e-103 0.000146685646387 3.20214683898e-103
break 1.49399674001e-103 1.91971689803e-103 0.00328947368421 1.72576292334e-103 3.20214683898e-103
breast 9.31731463513e-18 1.91971689803e-103 3.28947368421e-103 0.00172576292334 3.34724042539e-67
breath 0.00149399674001 1.91971689803e-103 3.28947368421e-103 1.72576292334e-103 1.69233904653e-61
breed 1.49399674001e-103 0.00191971607406 3.28947368421e-103 7.40724483642e-10 3.20214683898e-103
brief 0.00149399674001 0.00191971689803 3.28947368421e-103 2.27143460136e-17 3.01010627677e-50
bright 1.49399674001e-103 0.00383943379606 0.00328947368421 2.35162820533e-56 3.20214683898e-103
buds 1.49399674001e-103 0.00191971689803 3.28947368421e-103 5.18909763457e-80 3.20214683898e-103
builded 4.33522700421e-05 1.91971689803e-103 3.28947368421e-103 0.001675685344 2.44239078818e-50
burden 1.49399674001e-103 3.22339229085e-08 3.28947368421e-103 0.0017257339461 3.20214683898e-103
buried 1.49399674001e-103 1.91971689803e-103 0.00328947368421 1.72576292334e-103 3.20214683898e-103
burn 1.49399674001e-103 1.91971689803e-103 0.00328947368421 1.72576292334e-103 3.20214683898e-103
burned 1.49399674001e-103 1.91971689803e-103 0.00328947368421 1.72576292334e-103 3.20214683898e-103
but 0.0132834934313 0.00343715029549 3.28947368421e-103 0.00393319966242 0.0353491368301
by 0.014741727019 0.00217218125864 3.28947368421e-103 2.03650723005e-06 5.63987910936e-36
call 0.00149399674001 6.39613006471e-38 3.28947368421e-103 2.93077806905e-25 2.25565408954e-61
can 0.00691957178293 0.004541089507 3.28947368421e-103 0.00345655845857 5.86765740196e-38
cancelled 1.49399674001e-103 0.00191971689803 3.28947368421e-103 1.72576292334e-103 3.20214683898e-103
canker 0.0029879870764 1.91971689803e-103 3.28947368421e-103 7.39701581462e-09 1.42457648341e-22
cannot 1.49399674001e-103 1.92007664227e-103 3.28947368421e-103 0.00172576292334 0.00320214683898
canst 0.00149399674001 1.91971689803e-103 3.28947368421e-103 1.06199492335e-30 6.65391605532e-26
care 1.49399674001e-103 1.91971689803e-103 0.00328947368421 1.72576292334e-103 3.20214683898e-103
cars 9.9006576923e-25 2.05023085628e-52 3.28947368421e-103 0.00172576292334 7.15712440651e-73
case 1.49399674001e-103 0.00191971689803 3.28947368421e-103 4.67384505364e-25 3.20214683898e-103
cause 3.03167382815e-30 1.91971689803e-103 3.28947368421e-103 0.00172576292334 3.69808654346e-47
cease 1.49399674001e-103 1.91971689803e-103 0.00328947368421 1.72576292334e-103 3.20214683898e-103
chase 1.49399674001e-103 1.91971689803e-103 0.00328947368421 1.72576292334e-103 3.20214683898e-103
check 1.49399674001e-103 1.91971689803e-103 0.00328947368421 1.72576292334e-103 3.20214683898e-103
checked 0.00149399483704 1.91971689803e-103 3.28947368421e-103 1.72576292334e-103 4.07871243238e-09
cheek 0.00149399674001 1.91971689803e-103 0.00328947368421 1.72577915224e-103 2.33739935336e-61
chide 1.49399706557e-103 4.92531339541e-22 3.28947368421e-103 0.00345152584669 3.20214684148e-103
child 1.49399674001e-103 1.91971689805e-103 3.28947368421e-103 0.00172576292334 3.20214683898e-103
clear 1.49401344936e-103 0.000406637597521 3.28947368421e-103 0.00136020897643 3.20214874617e-103
clearer 1.49399674001e-103 0.00191971689803 3.28947368421e-103 1.72576292334e-103 3.20214683898e-103
climbed 1.49399674001e-103 1.91971689803e-103 3.28947368421e-103 0.00172576292334 3.20214683898e-103
cloud 1.49399674001e-103 0.00191971675486 3.28947368421e-103 1.28702331738e-10 3.20214683898e-103
clouds 1.49399674001e-103 0.000952265949269 3.28947368421e-103 0.000869706871486 3.20214683898e-103
cloying 1.49399674001e-103 0.00191971689803 3.28947368421e-103 1.72576292334e-103 3.20214683898e-103
come 1.49399674618e-103 0.000182817041431 0.00328947368421 0.00328717928487 3.20214683907e-103
comes 0.00149399674001 1.91971689803e-103 3.28947368421e-103 1.72576292334e-103 3.38919730004e-27
committed 1.49399674001e-103 1.91971689803e-103 0.00328947368421 1.72576292334e-103 3.20214683898e-103
common 0.00149399674 1.19368881191e-14 3.28947368421e-103 1.72576292334e-103 3.20214683898e-103
compare 1.49399674001e-103 1.91971689803e-103 0.00328947368421 1.72576292334e-103 0.00320214683898
compeers 1.49527459397e-103 0.00191971689803 3.28947368421e-103 2.00552345983e-25 3.20215452542e-103
complain 1.49399674001e-103 1.91971689803e-103 0.00328947368421 1.72576292334e-103 3.20214683898e-103
compound 0.00149399674001 1.91971689803e-103 3.28947368421e-103 1.72576292334e-103 5.18751685329e-28
concealed 7.97528362001e-32 1.91971721616e-103 3.28947368421e-103 0.00172576292334 3.42259242501e-79
conceit 1.49399674001e-103 0.00191971200577 3.28947368421e-103 4.39798339646e-09 3.20214683898e-103
concord 7.35577749799e-81 7.47480478354e-11 3.28947368421e-103 0.00172576285615 3.2023089417e-103
confined 1.49399674001e-103 1.91971689803e-103 0.00328947368421 1.72576292334e-103 3.20214683898e-103
confound 1.49399674001e-103 1.91971689803e-103 0.00328947368421 1.72576292334e-103 3.20214683898e-103
confounds 1.49399674001e-103 1.91971689803e-103 0.00328947368421 1.72576292334e-103 3.20214683898e-103
constancy 1.49399674001e-103 0.00191971689803 3.28947368421e-103 1.72576292334e-103 3.20214683898e-103
contracted 0.00148241930855 1.91971689803e-103 3.28947368421e-103 1.33734575302e-05 3.92378726781e-46
controlling 1.49399674001e-103 1.91971689803e-103 0.00328947368421 1.72576292334e-103 3.20214683898e-103
converted 2.00778570673e-16 2.68940236259e-53 3.28947368421e-103 0.00172576292334 2.52279217133e-67
corrupt 0.00298799348001 1.91971689803e-103 3.28947368421e-103 1.72576292336e-103 4.24983042328e-61
corrupting 1.12845492329e-53 3.61570359429e-34 3.28947368421e-103 0.00172576292334 3.27425429787e-103
cost 1.49399674001e-103 1.91971689803e-103 3.28947368421e-103 0.00172576292334 3.20214683898e-103
could 2.69326107543e-16 1.91971689803e-103 3.28947368421e-103 0.00337408432378 0.00334583930358
counterfeit 1.49399674001e-103 1.91971689803e-103 0.00328947368421 1.72576292334e-103 3.20214683898e-103
counting 4.63319012544e-14 1.91971689803e-103 3.28947368421e-103 0.00161079635932 0.00341546688105
couplement 2.77667503588e-37 1.91971689803e-103 3.28947368421e-103 0.00172576292334 2.37757405849e-53
cover 6.62274509448e-51 0.00191971689803 3.28947368421e-103 1.72576292334e-103 3.20214683898e-103
creating 1.49399674001e-103 1.91971689803e-103 3.28947368421e-103 1.72576292334e-103 0.00320214683898
credit 1.094243926e-20 1.91971689803e-103 3.28947368421e-103 0.00172576292334 6.88887886272e-36
crooked 1.49399674001e-103 1.91971689803e-103 3.28947368421e-103 1.72576292334e-103 0.00320214683898
crown 1.49399674001e-103 1.91971692807e-103 3.28947368421e-103 0.00172576292334 3.20214683898e-103
crowned 1.49399674001e-103 0.00191971689803 0.00328947368421 1.72576292334e-103 3.20214683898e-103
cruel 4.25882070551e-25 1.91971689803e-103 3.28947368421e-103 0.00172576292334 3.04553766272e-75
cunning 1.49399674001e-103 0.00191971689803 3.28947368421e-103 1.78668187654e-23 3.20214683898e-103
damasked 1.49399674001e-103 0.00191894126727 3.28947368421e-103 6.97266773499e-07 3.20214683898e-103
dare 9.00923864852e-26 1.52210486339e-41 3.28947368421e-103 0.00345152584669 1.21749198813e-42
dates 0.00149399674001 1.91971689803e-103 3.28947368421e-103 1.72576292334e-103 1.22582863014e-27
day 1.49399674001e-103 0.00191925392282 0.00328947368421 4.16199622052e-07 3.20214683898e-103
days 1.49399674001e-103 1.91971689803e-103 0.00328947368421 1.72576292334e-103 3.20214683898e-103
dead 1.49399707059e-103 1.91971689935e-103 0.00328947368421 0.00172576292334 3.20214684394e-103
dearest 1.49399674001e-103 0.00191971689803 3.28947368421e-103 1.67926584971e-27 3.20214683898e-103
deaths 1.49399674002e-103 0.00139558724656 3.28947368421e-103 0.000471175474078 3.20214683898e-103
decay 1.49399674001e-103 1.91971689803e-103 0.00328947368421 1.72576292334e-103 3.20214683898e-103
decease 1.49399674001e-103 1.91971689803e-103 0.00328947368421 1.72576292334e-103 3.20214683898e-103
deceased 1.49399674001e-103 1.91971689803e-103 0.00328947368421 1.72576292334e-103 3.20214683898e-103
deceivest 1.49399674001e-103 1.91971689803e-103 0.00328947368421 1.72576292334e-103 3.20214683898e-103
declines 1.49399674001e-103 1.91971689803e-103 0.00328947368421 1.72576292334e-103 3.20214683898e-103
decrease 1.49399674001e-103 1.91971689803e-103 0.00328947368421 1.72576292334e-103 3.20214683898e-103
deep 1.49399674001e-103 0.00383943379606 3.28947368421e-103 4.11761397772e-18 3.20214683898e-103
defendant 1.70775388935e-54 1.91971689803e-103 3.28947368421e-103 0.00172576292334 3.67109564782e-76
define 1.49399674001e-103 1.91971689803e-103 0.00328947368421 1.72576292334e-103 3.20214683898e-103
delight 1.49399674001e-103 1.91971689803e-103 0.00328947368421 1.72576292334e-103 3.20214683898e-103
delighted 1.49399674001e-103 1.91971689803e-103 0.00328947368421 1.72576292334e-103 3.20214683898e-103
delivers 1.49399674001e-103 1.90471601356e-14 3.28947368421e-103 0.00172576292333 3.20214683898e-103
denote 1.49399674001e-103 1.91971689803e-103 0.00328947368421 1.72576292334e-103 3.20214683898e-103
deny 1.49399674001e-103 1.91971689803e-103 0.00328947368421 1.72576292334e-103 3.20214683898e-103
describe 1.49399674001e-103 1.91971689803e-103 3.28947368421e-103 1.72576292334e-103 0.00320214683898
desire 1.49399674001e-103 4.44108211768e-23 0.00657894736842 0.00172576292334 3.20214683898e-103
desiring 1.49399674001e-103 1.91971689803e-103 3.28947368421e-103 1.72576292334e-103 0.00320214683898
desperate 6.67449977242e-52 5.704421391e-32 3.28947368421e-103 0.00172576292334 1.68150102368e-100
despised 0.00149399674001 1.32143785254e-25 3.28947368421e-103 1.72576292334e-103 3.20214683898e-103
devil 1.49399674001e-103 1.91971689803e-103 0.00328947368421 1.72576292334e-103 3.20214683898e-103
devise 1.46517936304e-34 1.91971689803e-103 3.28947368421e-103 0.00172576292334 2.43086627145e-86
dials 1.13905319153e-19 6.06319436877e-79 3.28947368421e-103 0.00172576292334 5.88890009496e-68
did 1.49399674001e-103 0.00575915069409 3.28947368421e-103 1.24668052588e-27 3.20214683898e-103
discontent 1.49399674001e-103 1.91971689803e-103 0.00328947368421 1.72576292334e-103 3.20214683898e-103
disgrace 7.44219984976e-41 1.30219169934e-29 3.28947368421e-103 0.00345152584669 5.28142760738e-91
disgraced 1.49399674001e-103 1.91971689803e-103 0.00328947368421 1.72576292334e-103 3.20214683898e-103
dispraise 0.00149399674001 1.91971689803e-103 3.28947368421e-103 1.35221096344e-22 5.72339710528e-20
divided 1.49399674001e-103 0.00191971689803 3.28947368421e-103 1.72576292334e-103 3.20214683898e-103
divine 1.49399674001e-103 1.91971689803e-103 0.00328947368421 1.72576292334e-103 3.20214683898e-103
do 0.0096996425312 0.0124088670777 3.28947368421e-103 9.46673288335e-22 0.00334202682257
doom 1.49399674001e-103 1.91971689803e-103 0.00328947368421 1.72576292334e-103 3.20214683898e-103
dost 0.00597598696003 1.94366411175e-103 3.28947368421e-103 9.47983362116e-60 2.68650524593e-68
dote 1.49399674001e-103 1.91971689803e-103 0.00328947368421 1.72576292334e-103 3.20214683898e-103
doth 0.00306497506248 0.0154252799074 3.28947368421e-103 0.0136564590195 1.75109920405e-58
drooping 0.00141618418498 1.91971689803e-103 3.28947368421e-103 8.98837452861e-05 4.80436038398e-51
drown 2.96175573063e-14 1.91971689803e-103 3.28947368421e-103 0.00172576292331 6.77648363484e-62
due 1.49399674001e-103 1.91971689803e-103 0.00328947368421 1.72576292334e-103 3.20214683898e-103
dumb 6.06017238593e-18 3.32090741308e-21 3.28947368421e-103 0.00345152584669 1.4810752138e-63
duty 1.49399674001e-103 1.91971689803e-103 3.28947368421e-103 1.72576292334e-103 0.00320214683898
dwell 1.49399674001e-103 1.91971689803e-103 0.00328947368421 1.72576292334e-103 3.20214683898e-103
dwellers 1.49399674038e-103 2.33907784216e-61 3.28947368421e-103 0.00172576292334 3.20214683899e-103
dye 1.49399674001e-103 1.91971689803e-103 0.00328947368421 1.72576292334e-103 3.20214683898e-103
dyers 1.49401209679e-103 0.00191971689803 3.28947368421e-103 1.72576292334e-103 3.20214683898e-103
each 0.00250297920432 0.00191971689803 3.28947368421e-103 0.00228601826518 1.19007501659e-27
ear 3.46816752677e-73 1.91971689803e-103 3.28947368421e-103 0.00172576292334 1.32947490297e-97
earth 0.00448199022002 1.91971689803e-103 3.28947368421e-103 4.23988468676e-41 3.31841846405e-30
eclipse 1.49399674001e-103 0.00191971689803 3.28947368421e-103 1.72576292334e-103 3.20214683898e-103
eclipses 9.2852465207e-17 1.91971689803e-103 3.28947368421e-103 0.00172576292334 4.96317501098e-30
effect 1.49399674001e-103 1.91971689803e-103 0.00328947368421 1.72576292334e-103 3.20214683898e-103
eithers 1.49399674001e-103 0.00191971689803 3.28947368421e-103 1.72576292334e-103 3.20214683898e-103
elements 1.49399674001e-103 0.00191104390828 3.28947368421e-103 7.79673511147e-06 3.20214683898e-103
else 0.00149353633025 1.91971689803e-103 3.28947368421e-103 5.31833862062e-07 4.288738016e-14
elsewhere 0.00149399674001 1.91971689803e-103 3.28947368421e-103 4.20799304053e-56 1.53462353029e-55
end 1.49399674001e-103 0.00191971689803 3.28947368421e-103 1.72576292334e-103 3.20214683898e-103
endured 1.49399674001e-103 1.91971689803e-103 0.00328947368421 1.72576292334e-103 3.20214683898e-103
enemies 1.01472000049e-19 1.91974772251e-103 3.28947368421e-103 0.00172576292334 2.07168790668e-68
enforced 1.96951216794e-31 4.90807421341e-29 3.28947368421e-103 0.00172576292334 3.08073451228e-78
enjoyed 1.49399674001e-103 1.91971689803e-103 3.28947368421e-103 1.72576292334e-103 0.00320214683898
enjoyer 1.49399686206e-103 0.000462501422142 3.28947368421e-103 0.00130998921882 3.20214686059e-103
enough 0.00149399674001 1.91971689803e-103 3.28947368421e-103 2.41574667441e-16 5.37742320749e-56
entitled 1.49399674001e-103 1.91971689803e-103 3.28947368421e-103 1.72576292334e-103 0.00320214683898
envy 0.00149399674001 1.91971689803e-103 3.28947368421e-103 1.72576292334e-103 8.96476581275e-28
err 6.39165882806e-85 1.91971689803e-103 3.28947368421e-103 0.00172576292334 3.35020272137e-101
errors 0.00298799348001 1.91971689803e-103 3.28947368421e-103 4.19539226456e-63 1.52116755145e-51
esteem 1.49399674001e-103 1.91971689803e-103 0.00328947368421 1.72576292334e-103 3.20214683898e-103
even 0.00297707662705 1.91973794642e-103 0.00328947368421 5.66412996942e-10 0.00642769118288
ever 1.49399674001e-103 0.00383943379593 3.28947368421e-103 1.19634705719e-13 3.20214683898e-103
every 1.57783964995e-19 5.45131037019e-27 3.28947368421e-103 0.0120803404634 4.08854610992e-33
evil 1.49399674001e-103 1.91971689803e-103 0.00328947368421 1.72576292334e-103 3.20214683898e-103
excess 1.49399674001e-103 1.91971689803e-103 0.00328947368421 1.72576292334e-103 3.20214683898e-103
exchanged 1.49399674001e-103 1.91971689803e-103 0.00328947368421 1.72576292334e-103 3.20214683898e-103
excuse 0.00149399674007 0.00191971689796 3.28947368421e-103 1.72576292334e-103 4.03606863293e-25
expressed 1.49399674001e-103 1.91971689803e-103 0.00328947368421 1.72576292334e-103 3.20214683898e-103
eye 5.11663363818e-41 1.24996584069e-17 0.00328947368421 0.0103545775401 4.16251143995e-86
eyelids 1.49399674001e-103 6.63402401571e-40 3.28947368421e-103 0.00172576292334 3.20214683898e-103
eyes 0.00597598696003 0.00191971689803 0.0131578947368 3.5364214069e-28 3.34717581629e-34
face 6.84598040861e-07 1.91971689803e-103 0.00328947368421 0.00172497212248 2.37062029854e-43
faces 1.49399674001e-103 1.91971689803e-103 0.00328947368421 1.72576292334e-103 3.20214683898e-103
fading 1.49399674001e-103 0.00191971689803 3.28947368421e-103 1.72576292334e-103 3.20214683898e-103
fair 2.29309237731e-84 0.00638725178719 3.28947368421e-103 0.00633840928193 3.20226829583e-103
fairest 0.00149399674001 1.91971689803e-103 3.28947368421e-103 1.72576292334e-103 6.89229931132e-27
faith 1.49399674001e-103 1.91971689803e-103 3.28947368421e-103 0.00172576292334 3.20214683898e-103
false 7.47575134698e-27 0.00769074372254 3.28947368421e-103 0.00516661251585 7.69006947314e-75
falsehood 0.00149399674001 1.91971689803e-103 3.28947368421e-103 1.72576292334e-103 1.11139679524e-62
famine 1.49140928507e-21 1.91971689803e-103 3.28947368421e-103 0.00172576292334 1.72596052564e-37
far 5.32943649989e-38 8.62678191336e-06 3.28947368421e-103 0.0068952964976 3.82213528234e-54
faults 0.00298799318715 1.91971689803e-103 3.28947368421e-103 3.38299169307e-10 3.05391635997e-27
favour 1.49399674001e-103 1.91971689803e-103 0.00328947368421 1.72576292334e-103 3.20214683898e-103
favourites 1.94154886177e-10 1.91971711458e-103 3.28947368421e-103 0.00172576269907 1.26942170234e-56
fear 9.21476702752e-47 2.19117997124e-31 3.28947368421e-103 0.00345152584669 8.74841745721e-67
feast 1.49399674001e-103 1.91971689803e-103 0.00328947368421 1.72576292334e-103 3.20214683898e-103
feasts 0.00149399674001 1.91971689803e-103 3.28947368421e-103 3.94939683796e-21 3.77618319833e-49
feathers 1.49399679075e-103 5.73220404842e-30 3.28947368421e-103 0.00172576292334 3.20214683945e-103
female 1.49399674001e-103 0.00191971689803 3.28947368421e-103 1.72576292334e-103 3.20214683898e-103
fight 1.49399674001e-103 1.91971689803e-103 0.00328947368421 1.72576292334e-103 3.20214683898e-103
fill 1.49399674001e-103 1.91971689803e-103 0.00328947368421 1.72576292334e-103 3.20214683898e-103
find 0.00149399674001 1.91971689803e-103 0.00328947368421 1.72576292334e-103 7.42905815973e-29
finger 1.50094176586e-103 0.00115773230209 3.28947368421e-103 0.000684999316925 3.20227656381e-103
fire 1.49399674001e-103 0.00383943379606 0.00328947368421 2.04802214361e-88 3.20214683898e-103
firm 7.7924046013e-58 1.91971689803e-103 3.28947368421e-103 0.00172576292334 5.52972453945e-78
first 0.00149399674001 1.91971689803e-103 3.28947368421e-103 1.72576292334e-103 4.73117620924e-60
fitted 1.49399674001e-103 1.91971689803e-103 0.00328947368421 1.72576292334e-103 3.20214683898e-103
fixed 1.49399674001e-103 0.00191971689803 3.28947368421e-103 1.72576292334e-103 3.20214683898e-103
fleetst 1.49399674001e-103 1.91971689803e-103 0.00328947368421 1.72576292334e-103 3.20214683898e-103
flies 6.48985081322e-15 3.39474796679e-71 3.28947368421e-103 0.00172576292334 3.96633171445e-54
flow 1.49399674001e-103 1.91971689803e-103 0.00328947368421 1.72576292334e-103 3.20214683898e-103
flowers 0.00149399674001 1.9197728522e-103 0.00328947368421 1.04695633148e-22 1.86511949955e-53
follow 0.00149399674001 1.91971689803e-103 3.28947368421e-103 1.74607287253e-45 1.85120965741e-23
fond 2.91383953449e-50 1.91971689804e-103 3.28947368421e-103 0.00172576292334 6.08716955551e-94
foot 1.49399674001e-103 1.91971689804e-103 3.28947368421e-103 0.00172576292334 3.20214683898e-103
for 0.00828150416623 0.00324324764651 3.28947368421e-103 0.000649847865791 0.0716986774017
forbidden 1.4939972017e-103 0.00191971689803 3.28947368421e-103 1.72576292334e-103 3.20214683898e-103
forged 0.00149399674001 1.91971689803e-103 3.28947368421e-103 1.72576292334e-103 3.20214683898e-103
forget 1.49399674001e-103 0.00191971689803 3.28947368421e-103 1.72576292334e-103 3.20214683898e-103
forgetful 0.00149399674001 1.91971689803e-103 3.28947368421e-103 1.72576292334e-103 1.73413592102e-27
forgoing 0.00149399674001 1.91971689803e-103 3.28947368421e-103 1.72576292334e-103 1.19927856994e-60
forgot 1.49399674001e-103 1.91971689803e-103 0.00328947368421 1.72576292334e-103 3.20214683898e-103
forlorn 1.50171834424e-103 1.91977740993e-103 3.28947368421e-103 0.00172576292334 3.20226163161e-103
form 1.11403247873e-24 0.000288398436711 3.28947368421e-103 0.00319226505165 1.00494756885e-68
forsaken 1.49399674001e-103 1.91971689803e-103 0.00328947368421 1.72576292334e-103 3.20214683898e-103
fortune 5.85418488723e-28 1.911421132e-34 3.28947368421e-103 0.00172576292334 4.22291723439e-77
found 1.49399674001e-103 0.00191971689803 3.28947368421e-103 1.72576292334e-103 3.20214683898e-103
four 1.49399674001e-103 0.00191971689803 3.28947368421e-103 6.53939692056e-21 3.20214683898e-103
frailer 0.00149399674001 1.91971689803e-103 3.28947368421e-103 1.72576292334e-103 3.20214683898e-103
frailties 0.00149399674001 1.91971689803e-103 3.28947368421e-103 1.72576292334e-103 7.15509224561e-54
free 1.49399674001e-103 1.91971689803e-103 0.00328947368421 1.72576292334e-103 3.20214683898e-103
frequent 1.49399681678e-103 1.11898251319e-45 3.28947368421e-103 0.00172576292334 3.20214684022e-103
friend 1.49399674001e-103 1.91971689803e-103 0.00328947368421 1.72576292334e-103 3.20214683898e-103
from 0.00214448769092 0.00557719672452 3.28947368421e-103 0.00976674554124 1.31900740178e-27
front 1.67699499185e-39 1.91971689881e-103 3.28947368421e-103 0.00172576292334 2.43349067454e-97
frost 0.00149399674001 1.91971689803e-103 3.28947368421e-103 1.72576292334e-103 1.94363650445e-30
fulfil 4.08281969962e-55 1.40958435672e-26 3.28947368421e-103 0.00172576292334 1.22383503107e-94
full 1.33872250739e-27 3.01481973287e-29 3.28947368421e-103 0.00517728877003 4.67979624263e-70
gain 1.49399674001e-103 1.91971689803e-103 0.00328947368421 1.72576292334e-103 3.20214683898e-103
gainst 1.49399674001e-103 5.83303644228e-09 3.28947368421e-103 0.00172575767963 3.20214683898e-103
gave 0.00149399674001 1.91971689803e-103 3.28947368421e-103 1.72576292345e-103 4.75401041869e-58
general 1.49670364195e-103 0.000709466833883 3.28947368421e-103 0.00108797536284 3.20224101025e-103
gentle 1.49399674001e-103 0.00191971689803 3.28947368421e-103 1.72576292334e-103 0.00320214683898
gift 1.49399674001e-103 0.00191971689803 3.28947368421e-103 6.45620311207e-45 3.20214683898e-103
gilded 0.00149399674001 1.91971689803e-103 3.28947368421e-103 1.72576292334e-103 4.7409159148e-27
girded 0.00149399674001 1.91971689803e-103 3.28947368421e-103 2.91556745832e-22 5.23596157721e-58
give 1.49399674001e-103 1.91971689803e-103 0.00328947368421 1.72576292334e-103 0.00640429367797
giving 1.49399674001e-103 7.44516406184e-24 3.28947368421e-103 0.00172576292334 3.20214683898e-103
glad 0.00149399674001 1.91971689803e-103 3.28947368421e-103 1.72576292334e-103 3.5284566653e-19
glass 1.74567691002e-19 1.91971689803e-103 3.28947368421e-103 0.00172576292334 2.08566981204e-66
glory 1.49399674001e-103 0.00191971689803 3.28947368421e-103 1.72576292334e-103 3.20214683898e-103
go 0.00149399674001 1.91971689803e-103 3.28947368421e-103 1.72576292334e-103 3.20214683898e-103
goes 0.00149399674001 1.91971689803e-103 3.28947368421e-103 1.72576292334e-103 1.52250820769e-60
golden 1.46673033243e-56 1.91971780381e-103 3.28947368421e-103 0.00172576292334 4.26112438075e-77
gone 1.49399674001e-103 1.91971689803e-103 0.00657894736842 1.72576292334e-103 3.20214683898e-103
good 1.47287763465e-15 0.00240822624677 3.28947368421e-103 0.00646389771049 4.27376946539e-44
graces 1.49399674001e-103 1.91971689803e-103 0.00328947368421 1.72576292334e-103 3.20214683898e-103
gracious 9.44579424406e-76 4.22046055607e-33 0.00328947368421 0.00172576292334 3.20214803197e-103
grant 1.49399674001e-103 1.91971689803e-103 3.28947368421e-103 1.72576292334e-103 0.00320214683898
granting 1.49399674001e-103 1.91971689803e-103 0.00328947368421 1.72576292334e-103 3.20214683898e-103
grave 1.49399674001e-103 1.91971689803e-103 0.00328947368421 1.72576292334e-103 3.20214683898e-103
great 0.00197042714546 1.91971689803e-103 3.28947368421e-103 0.00115490560094 0.00324021695009
green 0.00149399674001 1.91971689803e-103 3.28947368421e-103 1.72576292334e-103 1.22299302486e-61
grew 0.00149399674001 1.91971689803e-103 3.28947368421e-103 1.72576292334e-103 2.35641374111e-29
guest 1.49399674001e-103 1.91971689803e-103 0.00328947368421 1.72576292334e-103 3.20214683898e-103
half 1.49399674001e-103 0.00191971689803 3.28947368421e-103 4.93886408544e-21 3.20214683898e-103
hand 1.12575018336e-60 1.36147345912e-14 0.00328947368421 0.00172576292333 3.20221184805e-103
hang 3.05811000245e-54 1.91971689803e-103 3.28947368421e-103 0.00172249090972 0.00320821804838
hanging 1.49399674001e-103 0.00191971689803 3.28947368421e-103 1.72576292334e-103 3.20214683898e-103
haply 0.00149327373191 9.29032060952e-07 3.28947368421e-103 1.72576292334e-103 3.20214683898e-103
happy 1.49399674001e-103 0.00191971689803 3.28947368421e-103 1.72576292334e-103 3.20214683898e-103
harvest 0.00149399667686 8.1135680153e-11 3.28947368421e-103 1.72576292334e-103 3.20214683898e-103
hast 0.00298799348001 1.91971689803e-103 3.28947368421e-103 1.72576292334e-103 2.01412001715e-36
hate 1.49399674001e-103 1.91971689803e-103 0.00328947368421 1.72576292334e-103 3.20214683898e-103
hated 1.49399674541e-103 9.63080612672e-15 3.28947368421e-103 0.00172576292333 3.20214683903e-103
hateth 0.00149399674001 1.91971689803e-103 3.28947368421e-103 1.72576292334e-103 3.4036140333e-29
hath 0.00297755092739 0.0113892525384 3.28947368421e-103 0.000116010767575 0.0064266755388
hatred 1.49399674001e-103 7.34906698996e-13 3.28947368421e-103 0.00172576292268 3.20214683898e-103
have 0.0136809397634 0.00191971689803 0.00328947368421 0.00119804191749 0.0100820056414
having 4.55466113941e-26 5.2909928844e-40 3.28947368421e-103 0.00345152584669 1.64350984338e-41
he 0.00529585657178 1.27838439252e-35 3.28947368421e-103 0.00419224352129 0.00328550030931
head 1.49399674001e-103 1.91971689803e-103 0.00328947368421 1.72576292334e-103 3.20214683898e-103
heart 0.00300033354918 1.04354698364e-12 0.00657894736842 0.0051630343646 4.21309226912e-42
hearts 1.49399674001e-103 0.00383943379606 3.28947368421e-103 1.72576292334e-103 3.20214683898e-103
heaven 1.49399674001e-103 0.00191971689803 0.00328947368421 1.72576292334e-103 3.20214683898e-103
heavenly 1.49399674001e-103 0.00191971689803 3.28947368421e-103 1.72576292334e-103 3.20214683898e-103
heavens 1.49399674001e-103 0.00191971689803 3.28947368421e-103 1.72576292334e-103 3.20214683898e-103
height 1.49399674001e-103 0.00191971689803 3.28947368421e-103 1.72576292334e-103 3.20214683898e-103
helens 0.00149399674001 1.91971689803e-103 3.28947368421e-103 1.72576292334e-103 2.48207497466e-29
hell 1.49399674001e-103 0.00191971689803 3.28947368421e-103 8.46081052711e-17 3.20214683898e-103
hence 1.5015978699e-103 6.45128991637e-06 3.28947368421e-103 0.00171996342397 3.20221513434e-103
her 5.40015784292e-23 0.00769672705494 3.28947368421e-103 0.00516123369503 7.62375261217e-47
herein 1.49399674001e-103 1.91971689803e-103 3.28947368421e-103 1.72576292334e-103 0.00320214683898
hide 1.49399674001e-103 1.91971689803e-103 0.00328947368421 1.72576292334e-103 3.20214683898e-103
high 1.49399674001e-103 0.00191971689803 3.28947368421e-103 5.14252757895e-16 3.20214683898e-103
hill 1.49399674001e-103 1.91971689803e-103 0.00328947368421 1.72576292334e-103 3.20214683898e-103
him 0.00298799348001 1.91971689803e-103 3.28947368421e-103 1.72576292334e-103 8.89200918665e-36
his 0.00152269174621 0.0172670758909 0.00328947368421 0.00515347011797 8.9257697586e-59
history 1.49399674001e-103 1.91971689803e-103 0.00328947368421 1.72576292334e-103 3.20214683898e-103
hoisted 7.96991697567e-08 1.91971689803e-103 3.28947368421e-103 0.00172567086031 1.29460461969e-47
hold 0.00448199022002 2.11588722863e-57 3.28947368421e-103 5.70105403629e-28 5.35431702709e-67
holds 1.49399674001e-103 1.54085378288e-14 3.28947368421e-103 0.00172576292333 3.20214683898e-103
holy 0.00219565892722 0.00293783025073 3.28947368421e-103 3.0719345307e-59 1.09158232406e-62
home 0.00149399674001 1.91971689803e-103 3.28947368421e-103 1.72576292334e-103 1.45972837552e-56
honey 0.00149399674001 1.91971689803e-103 3.28947368421e-103 1.72576292334e-103 1.2226232837e-61
honour 0.00149399674001 1.91971689803e-103 3.28947368421e-103 1.72576292334e-103 2.79585941782e-60
hooks 1.49399674001e-103 1.91971689803e-103 0.00328947368421 1.72576292334e-103 3.20214683898e-103
hope 5.74081040965e-11 1.91971689803e-103 0.00328947368421 0.00172576285703 9.61395965058e-52
hot 1.49399674871e-103 0.00289095318044 3.28947368421e-103 0.00257841608362 3.20214683906e-103
hour 1.49399674001e-103 1.91971689803e-103 0.00328947368421 1.72576292334e-103 3.20214683898e-103
hours 0.00149399673872 1.91971689803e-103 0.00328947368421 1.49101251746e-12 4.32945788695e-63
how 3.59393704061e-10 1.91971689803e-103 3.28947368421e-103 1.72576292334e-103 0.0160107334246
hue 0.00149399674001 1.91971689803e-103 0.00328947368421 1.1660806923e-86 1.7298993153e-53
hues 2.24645702475e-14 1.91973445533e-103 3.28947368421e-103 0.00172576292332 3.05106581362e-64
humour 1.49399674001e-103 7.47121660777e-05 3.28947368421e-103 0.00165859912108 3.20214683898e-103
hungry 1.49399674001e-103 0.00191971650395 3.28947368421e-103 3.54269890931e-10 3.20214683898e-103
hymn 1.49399674001e-103 1.91971689803e-103 3.28947368421e-103 0.00172576292334 3.20214683898e-103
idle 0.00149399674001 1.91971689803e-103 3.28947368421e-103 1.72576292477e-103 8.69992790625e-55
if 0.0174385155146 1.65136934536e-56 3.28947368421e-103 3.41086600219e-26 0.0234640769692
ill 0.00149399674001 1.91971689803e-103 0.00657894736842 1.72576292334e-103 2.2310020065e-26
image 0.00149399674001 1.91971689803e-103 3.28947368421e-103 1.3544793685e-20 1.74793903171e-52
imitate 1.49399674001e-103 0.00125851430266 3.28947368421e-103 0.000594399583125 3.20214683898e-103
immortal 1.49399674001e-103 0.0018756396386 3.28947368421e-103 3.96240196447e-05 3.20214683898e-103
impregnable 0.00149399674001 1.91971689803e-103 3.28947368421e-103 6.37711611171e-81 3.64238743645e-62
in 0.0286213087044 0.0175775595784 3.28947368421e-103 0.0197795050194 0.0167306280466
incertainties 1.49399674001e-103 1.91971689803e-103 3.28947368421e-103 1.72576292334e-103 0.00320214683898
increase 1.49399674001e-103 1.91971689803e-103 0.00657894736842 1.72576292334e-103 3.20214683898e-103
indigest 1.49399674001e-103 1.91971689803e-103 0.00328947368421 1.72576292334e-103 3.20214683898e-103
indirectly 0.00149399674001 2.5964153495e-26 3.28947368421e-103 1.72576292334e-103 3.20214683898e-103
inferior 1.49399674001e-103 8.6093622333e-77 3.28947368421e-103 0.00172576292334 3.20214683898e-103
inherit 1.49399674001e-103 0.00191971689803 3.28947368421e-103 1.72576292334e-103 3.20214683898e-103
inheritors 1.49399674127e-103 4.56586507139e-09 3.28947368421e-103 0.00172575881878 3.20214683899e-103
instinct 1.49399674001e-103 3.40887810417e-22 3.28947368421e-103 0.00172576292334 3.20214683898e-103
intents 1.49399674001e-103 1.91971689803e-103 0.00328947368421 1.72576292334e-103 3.20214683898e-103
interest 3.82231706275e-08 1.91971689803e-103 3.28947368421e-103 0.00172571877055 1.48753127694e-24
invent 1.49399674001e-103 1.91971689803e-103 0.00328947368421 1.72576292334e-103 3.20214683898e-103
invention 0.00149399674001 1.91971697025e-103 3.28947368421e-103 1.72576292334e-103 3.20214683898e-103
invited 1.49399674001e-103 1.91971689803e-103 0.00328947368421 1.72576292334e-103 3.20214683898e-103
is 0.0057594541009 0.00538823561337 0.00328947368421 0.0194723106815 0.0033777621545
it 0.0193518330077 0.00191971690745 3.28947368421e-103 5.82912468985e-31 0.00335244789136
jacks 0.00149399674001 1.91971689803e-103 3.28947368421e-103 1.72576292334e-103 5.87183343759e-58
jewels 0.00149399674001 1.91971689803e-103 3.28947368421e-103 1.72576292334e-103 4.92243642493e-61
jump 1.82059477652e-17 2.88149619219e-66 3.28947368421e-103 0.00172576292334 4.78605505585e-69
junes 1.49399674001e-103 0.00191971689803 3.28947368421e-103 1.72576292334e-103 3.20214683898e-103
just 1.49399674001e-103 1.91971689803e-103 3.28947368421e-103 1.72576292334e-103 0.00320214683898
keep 0.00149399674001 1.91971689803e-103 0.00328947368421 1.72576292334e-103 2.05560182178e-26
kill 1.49399674001e-103 1.91971689803e-103 0.00328947368421 1.72576292334e-103 3.20214683898e-103
kind 1.27523635128e-61 0.00369270041807 0.00328947368421 0.000131679747914 0.00320257133299
know 1.49399674001e-103 1.91971689803e-103 0.00657894736842 1.72576292334e-103 3.20214683898e-103
knowing 1.49399674001e-103 0.00187543483002 3.28947368421e-103 3.98081358848e-05 3.20214683898e-103
knowledge 1.49399674001e-103 0.0019197168732 3.28947368421e-103 2.232028447e-11 3.20214683898e-103
land 1.49399674001e-103 1.91971689803e-103 0.00328947368421 1.72576292334e-103 3.20214683898e-103
large 5.94876260235e-46 9.0555394701e-12 3.28947368421e-103 0.00345152583854 1.22805614238e-76
lay 1.49399674001e-103 1.91971689803e-103 0.00328947368421 1.72576292334e-103 3.20214683898e-103
lays 1.53860500732e-76 0.00191971689803 3.28947368421e-103 0.00172576292334 1.1328383739e-99
leads 1.49399674001e-103 9.15479450481e-34 3.28947368421e-103 0.00172576292334 3.20214683898e-103
lean 1.49399674001e-103 1.91971689803e-103 3.28947368421e-103 1.72576292334e-103 0.00320214683898
leap 1.49399674001e-103 1.91971689803e-103 0.00328947368421 1.72576292334e-103 3.20214683898e-103
learned 0.00149399674001 1.91971689803e-103 3.28947368421e-103 1.16169141543e-37 1.62296974812e-21
learneds 1.49399674001e-103 0.00191971689803 3.28947368421e-103 1.72576292334e-103 3.20214683898e-103
lease 1.49399674001e-103 1.91971689803e-103 0.00657894736842 1.72576292334e-103 3.20214683898e-103
least 1.49399674001e-103 1.91971689803e-103 3.28947368421e-103 0.00172576292334 3.20214683898e-103
leaves 0.00149399674001 0.00191971689803 0.00328947368421 1.72576292334e-103 7.55736973702e-69
left 0.00149399674001 1.91971689803e-103 3.28947368421e-103 1.72577769132e-103 6.22064074663e-27
leisure 0.00149232480524 2.14835904964e-06 3.28947368421e-103 1.72576292334e-103 3.20214683898e-103
less 1.49399674001e-103 0.00191971689803 3.28947368421e-103 1.72576292334e-103 3.20214683898e-103
let 7.99818219577e-05 1.91971689803e-103 3.28947368421e-103 0.0016261639031 0.00321552401419
lie 1.49399674001e-103 1.91971689803e-103 0.00657894736842 1.72576292334e-103 3.20214683898e-103
lies 1.49399674001e-103 0.00191971689803 0.00986842105263 1.72576292334e-103 3.20214683898e-103
life 3.5897121813e-14 0.00380119279149 3.28947368421e-103 0.00176014034004 2.49015852273e-30
light 1.49399674001e-103 1.91971689803e-103 0.00657894736842 1.72576292334e-103 3.20214683898e-103
like 2.34191015256e-25 2.73034863046e-52 3.28947368421e-103 0.00690139412774 0.003205222446
line 1.49399674001e-103 0.00191971689803 3.28947368421e-103 5.65662069061e-47 3.20214683898e-103
lips 0.00153083310532 0.00187238325079 3.28947368421e-103 5.54616933748e-10 1.6691715597e-52
live 1.06436059324e-35 1.76546206163e-26 0.00328947368421 0.00517728877003 3.22502104387e-76
lives 0.00142641601832 1.91971689803e-103 3.28947368421e-103 7.80646307243e-05 1.81909454263e-18
living 1.49399674001e-103 0.00191971689803 3.28947368421e-103 1.72576292334e-103 3.20214683898e-103
lofty 8.2512197572e-12 1.91971689803e-103 3.28947368421e-103 0.00172576291381 1.40249445185e-27
long 1.97277246564e-42 7.35513760177e-20 3.28947368421e-103 0.00345152584669 3.32829004266e-92
look 1.49399674001e-103 1.91971689803e-103 0.00328947368421 1.72576292334e-103 3.20214683898e-103
looked 7.93637596859e-23 1.86756855149e-22 3.28947368421e-103 0.00172576292334 1.53548607095e-78
looks 1.49399677331e-103 2.81667759625e-44 0.00328947368421 0.00345152584669 3.20214683928e-103
lords 1.49399795532e-103 0.000200551139288 3.28947368421e-103 0.00154547398555 3.20214685874e-103
lourst 0.00149399674001 1.91971689803e-103 3.28947368421e-103 2.38089056254e-33 4.18410890479e-57
love 0.0124473348255 2.81196880881e-12 0.0131578947368 0.00633084462951 6.03716629414e-38
lovely 7.45914343513e-28 0.00191971689803 3.28947368421e-103 1.72576292334e-103 3.20214683898e-103
loves 0.00188404586497 3.57673853104e-25 3.28947368421e-103 0.00645249360304 2.14105230825e-56
loving 1.49399674001e-103 1.91971689803e-103 3.28947368421e-103 1.72576292334e-103 0.00320214683898
lovst 0.00149399674001 1.91971689803e-103 3.28947368421e-103 1.72576292334e-103 8.82893123302e-61
lusty 0.00149399674001 1.91971689803e-103 3.28947368421e-103 1.72576292334e-103 3.38939950649e-56
made 1.49399674001e-103 2.53965277854e-09 3.28947368421e-103 0.00172576064028 3.20214683898e-103
main 1.49610832707e-103 0.00190889670944 0.00328947368421 9.72699688607e-06 3.20216806142e-103
make 0.00581823958401 0.00191971689803 3.28947368421e-103 3.46191775118e-62 0.00674240034711
making 1.49399674001e-103 1.91971689803e-103 3.28947368421e-103 1.72576292334e-103 0.00640429367797
man 1.49399674001e-103 5.53412846036e-24 3.28947368421e-103 0.00172576292334 0.00320214683898
mans 0.00298799348001 2.54969014493e-23 3.28947368421e-103 1.72576292334e-103 7.37699247698e-74
many 0.00149399674001 1.91971689803e-103 3.28947368421e-103 1.72576292334e-103 1.50734694853e-28
manys 7.6957241753e-12 1.91971689803e-103 3.28947368421e-103 0.00172576291445 5.90810856526e-27
mark 1.49399674001e-103 1.91971689803e-103 0.00328947368421 1.72576292334e-103 3.20214683898e-103
mars 1.45065408069e-12 1.91971689803e-103 3.28947368421e-103 0.00172576292167 1.91368225276e-28
matter 0.00149399674001 1.91971689803e-103 3.28947368421e-103 1.72576292334e-103 2.44945607077e-21
may 1.49399674001e-103 0.00383943379606 0.00328947368421 1.72576292334e-103 3.20214683898e-103
mayst 1.49399674001e-103 0.00191971689803 3.28947368421e-103 1.72576292334e-103 3.20214683898e-103
me 0.0173325288271 0.0070186666488 0.0164473684211 0.00464741136203 0.00336063596641
measure 1.49399674001e-103 1.91971689803e-103 0.00328947368421 1.72576292334e-103 3.20214683898e-103
meetness 1.49399674001e-103 1.91971689803e-103 0.00328947368421 1.72576292334e-103 3.20214683898e-103
men 0.00597598690183 1.31101163058e-42 3.28947368421e-103 6.72291536288e-11 1.80542538417e-42
mercy 1.49399674001e-103 0.00191971689803 3.28947368421e-103 1.72576292334e-103 3.20214683898e-103
methinks 1.49399674001e-103 1.91971689803e-103 3.28947368421e-103 1.72576292334e-103 0.00320214683898
might 0.00149399674001 1.91971689803e-103 0.00328947368421 1.72576292334e-103 1.00414028098e-29
millioned 1.49399674001e-103 0.00191971689803 3.28947368421e-103 1.72576292334e-103 3.20214683898e-103
mind 1.49399674001e-103 0.00191971689803 3.28947368421e-103 1.72576292334e-103 3.20214683898e-103
minded 0.00149399158605 1.91971689803e-103 3.28947368421e-103 5.95350031989e-09 1.53679410655e-51
minds 1.49399674001e-103 1.91971689803e-103 0.00328947368421 1.72576292334e-103 3.20214683898e-103
mine 0.0102805865724 0.00191971689803 0.00986842105263 0.000204909505762 1.45647164347e-43
minutes 1.49399674001e-103 0.00191971689803 3.28947368421e-103 1.72576292334e-103 3.20214683898e-103
misplaced 1.49399674001e-103 1.91971689803e-103 0.00328947368421 1.72576292334e-103 3.20214683898e-103
misuse 2.1452251399e-84 0.00191971689803 3.28947368421e-103 1.72576292334e-103 3.20214683898e-103
modern 1.49399674001e-103 1.91971689803e-103 3.28947368421e-103 0.00172576292334 3.20214683898e-103
monsters 1.14320121855e-24 7.38964217514e-10 3.28947368421e-103 0.00172576225904 1.25109495266e-69
moon 1.49399675619e-103 2.67793335201e-11 3.28947368421e-103 0.00172576289927 3.2021468391e-103
more 3.06285021208e-21 0.00940599753057 3.28947368421e-103 0.00017312939981 2.5223616567e-74
morning 1.49399674001e-103 0.00191960970613 3.28947368421e-103 9.63620293294e-08 3.20214683898e-103
morrow 1.49399674001e-103 1.91971689803e-103 0.00328947368421 1.72576292334e-103 3.20214683898e-103
mortal 1.14843440973e-10 1.91971689803e-103 3.28947368421e-103 0.00345152571403 7.30791557407e-26
most 1.49399674001e-103 1.91971689803e-103 3.28947368421e-103 1.72576292334e-103 0.00320214683898
mounted 4.12683180308e-17 1.91973188256e-103 3.28947368421e-103 0.00172576292334 1.12637557207e-66
much 1.49399674001e-103 0.00191971689803 3.28947368421e-103 1.7257692577e-103 3.20214683898e-103
murdrous 1.49399674001e-103 0.00191971689803 3.28947368421e-103 1.72576292334e-103 3.20214683898e-103
muse 0.00298799348001 1.91971689803e-103 3.28947368421e-103 1.72576292334e-103 1.14487976931e-54
must 1.49399674001e-103 0.00383943379606 3.28947368421e-103 1.72576302555e-103 3.20214683898e-103
my 0.0501179338433 0.0122357943176 3.28947368421e-103 6.47655272511e-14 0.01946917126
name 0.00448198233116 1.09289136981e-70 0.00328947368421 9.11266857937e-09 1.06240558479e-33
nativity 1.49399674001e-103 1.91971689803e-103 3.28947368421e-103 1.72576292334e-103 0.00320214683898
natures 1.49399674001e-103 0.00191971689803 3.28947368421e-103 1.72576292334e-103 3.20214683898e-103
nay 1.49399674001e-103 1.91971689803e-103 3.28947368421e-103 1.72576292334e-103 0.00640429367797
near 1.49399674001e-103 1.91971689803e-103 0.00328947368421 1.72576292334e-103 3.20214683898e-103
need 0.00149399674001 1.91971689803e-103 3.28947368421e-103 6.07917840872e-17 1.2538951523e-24
needst 0.00149399674001 1.91971689803e-103 3.28947368421e-103 1.72576292334e-103 1.99951955789e-26
neer 1.49399674001e-103 0.00191971689803 3.28947368421e-103 1.72577676941e-103 3.20214683898e-103
neglected 1.49399674001e-103 1.91971689803e-103 3.28947368421e-103 0.00172576292334 3.20214683898e-103
neither 0.00149399674001 1.91971689803e-103 3.28947368421e-103 1.63572350828e-21 3.83754805668e-24
never 0.00149399674001 1.91971689803e-103 3.28947368421e-103 1.72576292334e-103 1.30512518205e-26
new 0.00149399674001 1.91971689803e-103 3.28947368421e-103 1.72576292334e-103 3.16927256987e-48
niggard 0.00149399674001 1.91971689803e-103 3.28947368421e-103 1.72576292334e-103 1.98231202694e-53
night 4.8407793132e-29 1.7208311516e-74 0.00657894736842 0.00345152584669 1.6015963807e-79
nimble 0.00298799348001 1.02153958966e-24 3.28947368421e-103 1.72576292334e-103 4.5775290682e-41
no 0.00969414092202 0.00191975310662 3.28947368421e-103 0.00738830858653 0.0135452973373
none 1.49403877304e-103 0.00191971689803 3.28947368421e-103 1.72576292334e-103 0.00320214683898
nor 4.36566042782e-14 1.45436431029e-24 3.28947368421e-103 0.0119122600857 0.0227269004034
not 0.0182751095277 0.00441575028434 0.00328947368421 0.0128870112563 3.08407892182e-42
nothing 1.49399674001e-103 1.91971689803e-103 3.28947368421e-103 1.72576292334e-103 0.00320214683898
now 0.000130745792579 0.00383943379606 3.28947368421e-103 2.64958796565e-11 0.0125283542814
oaths 0.000223194871275 3.72380571424e-10 3.28947368421e-103 0.00319370605141 4.48450205449e-54
objects 1.49399674001e-103 0.00191971689803 3.28947368421e-103 2.24760157646e-68 3.20214683898e-103
oblivion 1.49399674001e-103 0.00191971689803 3.28947368421e-103 1.3434052574e-25 3.20214683898e-103
obsequious 0.00149399674001 1.91980674995e-103 3.28947368421e-103 1.72576292334e-103 3.20214683898e-103
ocean 1.49399674001e-103 0.00383943379606 3.28947368421e-103 1.72576292334e-103 3.20214683898e-103
of 0.00641989010265 0.0618480839736 3.28947368421e-103 0.0248830405406 0.00982100745407
offenders 3.47925430821e-10 1.91971689803e-103 3.28947368421e-103 0.00172576252144 1.73448100428e-23
oft 1.49399674001e-103 0.00191971689803 3.28947368421e-103 9.24797837866e-19 3.20214683898e-103
old 0.00298799348001 1.91971689804e-103 3.28947368421e-103 1.33482044709e-99 2.99882987795e-52
on 0.00547326668368 0.00883632329799 0.00328947368421 0.00633660431454 0.00340001794976
once 0.00149399543526 1.91971689803e-103 3.28947368421e-103 1.50715012633e-09 1.72095609482e-22
one 0.00149399720751 0.00575915009337 3.28947368421e-103 1.9810573144e-17 4.70385429645e-27
only 1.49399674001e-103 0.00191971689803 3.28947368421e-103 1.72576292334e-103 3.20214683898e-103
open 1.49399674001e-103 0.00191971689803 3.28947368421e-103 1.72576292334e-103 3.20214683898e-103
or 0.00446797736505 1.91971689803e-103 3.28947368421e-103 1.72576316151e-103 0.0160407685438
other 2.07321630484e-69 3.02277875362e-16 3.28947368421e-103 0.00517728877003 1.03784569593e-85
others 6.30572183302e-31 7.16047882806e-21 3.28947368421e-103 0.00345152584669 3.21191663851e-79
our 1.95110184081e-06 0.00191956389649 3.28947368421e-103 0.00136029081024 0.00707849918861
out 0.00213221406446 7.12182736208e-88 0.00328947368421 0.00271430081393 1.29754390858e-58
outward 2.14131535294e-17 0.00147982505652 3.28947368421e-103 0.00212121135177 1.04550949536e-31
over 0.00298799348001 1.91971689803e-103 3.28947368421e-103 1.72576292334e-103 2.71756151136e-38
overturn 1.49399674001e-103 1.91971689803e-103 0.00328947368421 1.72576292334e-103 3.20214683898e-103
own 8.28907969969e-19 1.95485732782e-09 3.28947368421e-103 0.00862881285936 2.48596695983e-68
owners 1.49399674001e-103 0.00191971689803 3.28947368421e-103 1.72581617662e-103 3.20214683898e-103
painter 1.49399674001e-103 0.00191971666633 3.28947368421e-103 2.08287319482e-10 3.20214683898e-103
painting 1.49399674001e-103 1.49175028129e-14 3.28947368421e-103 0.00172576292333 3.20214683898e-103
part 1.49399674001e-103 1.91971689803e-103 0.00657894736842 1.72576292334e-103 3.20214683898e-103
partial 0.00149399674001 1.91971689803e-103 3.28947368421e-103 1.72576292334e-103 3.20214683898e-103
particulars 0.00149399674001 1.91971689804e-103 3.28947368421e-103 8.43776789585e-100 2.20434457482e-45
parts 1.49399674001e-103 0.00191970029544 3.28947368421e-103 1.49251888679e-08 3.20214683898e-103
pass 1.49399674001e-103 1.91971689803e-103 0.00328947368421 1.72576292334e-103 3.20214683898e-103
past 1.49399674001e-103 1.91971689803e-103 3.28947368421e-103 1.72576292334e-103 0.00320214683898
patience 4.44414513056e-11 1.91971689803e-103 3.28947368421e-103 0.00172576287201 1.32480384921e-29
pen 1.49399674001e-103 4.05138671402e-14 3.28947368421e-103 0.00345152584665 3.20214683898e-103
pencil 1.49399674001e-103 2.55495183639e-24 3.28947368421e-103 0.00172576292334 3.20214683898e-103
penury 1.31656678145e-09 1.91971689803e-103 3.28947368421e-103 0.00172576140253 2.94764965274e-25
perceive 0.00149399674001 1.91971689803e-103 3.28947368421e-103 1.72576294974e-103 5.50119466635e-25
perfect 1.49399674001e-103 0.00191971689803 3.28947368421e-103 1.72576292334e-103 3.20214683898e-103
perfection 0.00149399674001 1.91971689803e-103 3.28947368421e-103 1.72576292334e-103 2.10679397924e-61
perfumes 0.000710488673247 1.91971689803e-103 3.28947368421e-103 0.00263081789137 1.83142079943e-56
permit 2.83133011473e-11 1.91971689803e-103 3.28947368421e-103 0.00172576289064 2.85269463448e-25
philomel 0.00149399674001 1.91971689803e-103 3.28947368421e-103 1.7257629237e-103 7.82348831006e-27
physician 1.49399674023e-103 7.6894371204e-08 3.28947368421e-103 0.00172569379781 3.20214683899e-103
picture 0.00149399674001 1.91971689803e-103 3.28947368421e-103 1.72576292334e-103 1.7629612639e-55
placed 1.49399674001e-103 0.00191971689803 3.28947368421e-103 1.72576292334e-103 3.20214683898e-103
plants 1.44942269019e-42 0.00191971689803 3.28947368421e-103 1.72576292334e-103 3.20214683898e-103
play 1.39651592049e-63 1.91976968849e-103 3.28947368421e-103 0.00172576292334 3.20248776765e-103
plea 1.49399674001e-103 0.00191971689803 3.28947368421e-103 1.72576292334e-103 3.20214683898e-103
plead 0.00149399674001 1.91971689803e-103 3.28947368421e-103 1.72576292334e-103 9.87947746246e-62
pleasure 1.49399674001e-103 1.91971689803e-103 0.00328947368421 1.72576292334e-103 3.20214683898e-103
poet 2.4075192742e-89 0.00383943379606 3.28947368421e-103 2.27954278606e-39 3.2022473951e-103
poor 0.0045115686993 7.06842211552e-10 3.28947368421e-103 0.00169159525027 1.88838812618e-57
possessed 5.34836882311e-57 1.61133577285e-15 3.28947368421e-103 0.00172576292334 1.18264605437e-98
power 1.49399674001e-103 1.91971689803e-103 0.00328947368421 1.72576292334e-103 3.20214683898e-103
praise 1.49399674001e-103 0.00575915069409 0.00328947368421 1.0336117318e-31 3.20214683898e-103
prayers 4.3148197062e-81 0.00191971689803 3.28947368421e-103 1.72576292334e-103 3.20214683898e-103
pride 1.49399674001e-103 0.00191971689803 3.28947368421e-103 1.42676371433e-26 3.20214683898e-103
prime 1.49399674001e-103 1.91971689803e-103 0.00328947368421 1.72576292334e-103 3.20214683898e-103
princes 0.0029879928654 1.91971689803e-103 3.28947368421e-103 7.0996381322e-10 3.56276290023e-23
private 1.49399674001e-103 0.000526716522685 3.28947368421e-103 0.00125226193635 3.20214683898e-103
profitless 1.49399674001e-103 1.91971689803e-103 3.28947368421e-103 1.72576292334e-103 0.00320214683898
proud 1.74596268796e-06 0.00191971689803 3.28947368421e-103 0.00172374610658 4.14819240946e-20
prove 1.49399674001e-103 1.91971689803e-103 0.00657894736842 1.72576292334e-103 3.20214683898e-103
put 1.49399674001e-103 0.00191971689803 3.28947368421e-103 4.14695227616e-43 3.20214683898e-103
queen 1.49399674001e-103 1.91971689803e-103 0.00328947368421 1.72576292334e-103 3.20214683898e-103
quick 1.49399674001e-103 0.00382172455186 3.28947368421e-103 1.59200333491e-05 3.20214683898e-103
quicker 2.48379020154e-100 1.91971689903e-103 3.28947368421e-103 0.00172576292334 3.20222305214e-103
quill 1.49399674001e-103 3.26068160196e-40 3.28947368421e-103 0.00172576292334 3.20214683898e-103
quite 0.00149399674001 1.91971689803e-103 0.00328947368421 1.72576292334e-103 3.20214683898e-103
rainy 1.49399674001e-103 0.00191971689803 3.28947368421e-103 1.72576292334e-103 3.20214683898e-103
ranged 1.49399674001e-103 1.91971689803e-103 0.00328947368421 1.72576292334e-103 3.20214683898e-103
rare 1.49399674001e-103 1.91971689803e-103 0.00657894736842 1.72576292334e-103 3.20214683898e-103
rather 0.00149399674001 1.91971689803e-103 3.28947368421e-103 1.72576292334e-103 2.22862195889e-25
razed 1.49399674001e-103 0.00191424182644 3.28947368421e-103 4.92191091793e-06 3.20214683898e-103
read 1.4099842428e-49 3.94671367081e-95 3.28947368421e-103 0.00172576292334 7.05012549543e-97
reap 1.49399674001e-103 1.91971689803e-103 0.00328947368421 1.72576292334e-103 3.20214683898e-103
reason 2.31039995002e-11 1.91971689803e-103 3.28947368421e-103 0.00345152582 2.04070325222e-25
receipt 2.02937007846e-45 1.13273895912e-26 3.28947368421e-103 0.00172576292334 1.64863770752e-85
receives 0.00149399674001 1.91972461719e-103 3.28947368421e-103 1.72576292334e-103 3.20214683898e-103
receivest 1.49399674001e-103 1.91971689803e-103 0.00328947368421 1.72576292334e-103 3.20214683898e-103
reckoning 0.00149399674001 1.91971689803e-103 3.28947368421e-103 2.3372898725e-27 4.03286055077e-26
record 0.00149399674001 1.91971689803e-103 3.28947368421e-103 4.96298081871e-16 1.04920362782e-16
red 1.49399674001e-103 0.00191971689803 3.28947368421e-103 2.17355146053e-91 3.20214683898e-103
redeem 1.49399674001e-103 1.91971689803e-103 0.00328947368421 1.72576292334e-103 3.20214683898e-103
reign 1.49399674001e-103 1.91971689803e-103 0.00328947368421 1.72576292334e-103 3.20214683898e-103
remember 1.49399674001e-103 0.00191971689803 3.28947368421e-103 1.72576292334e-103 3.20214683898e-103
removed 0.00149399674001 1.91971689803e-103 3.28947368421e-103 1.72576292334e-103 5.79025358327e-59
report 1.49399674001e-103 1.91971689803e-103 0.00328947368421 1.72576292334e-103 3.20214683898e-103
reserve 1.49399674001e-103 1.91971689803e-103 3.28947368421e-103 1.72576292334e-103 0.00320214683898
respect 1.49399674001e-103 1.91971689803e-103 0.00328947368421 1.72576292334e-103 3.20214683898e-103
resting 0.00149399674001 1.91971689803e-103 3.28947368421e-103 2.88681790818e-36 9.29294169765e-57
return 1.49399674001e-103 1.91971689803e-103 3.28947368421e-103 1.72576292334e-103 0.00320214683898
review 1.49399674001e-103 1.91971689803e-103 0.00328947368421 1.72576292334e-103 3.20214683898e-103
reviewest 0.00149399674001 1.91971689803e-103 3.28947368421e-103 1.72576292334e-103 3.67158648231e-57
rhyme 1.49399674001e-103 1.91971689803e-103 0.00328947368421 1.72576292334e-103 3.20214683898e-103
rich 1.49399674001e-103 0.00191971689803 3.28947368421e-103 1.72576345324e-103 3.20214683898e-103
ride 1.49399674001e-103 1.91971689803e-103 0.00328947368421 1.72576292334e-103 3.20214683898e-103
right 0.00149399674001 0.00191971689803 3.28947368421e-103 1.72576292334e-103 8.55928703468e-28
rightly 1.49399674001e-103 1.91971689803e-103 3.28947368421e-103 0.00172576292334 3.20214683898e-103
rocks 0.00149399674001 1.91971689803e-103 3.28947368421e-103 1.72576292334e-103 9.72091704872e-29
rolling 1.49399674001e-103 1.91971689803e-103 0.00328947368421 1.72576292334e-103 3.20214683898e-103
roof 6.2224136954e-94 4.95461020496e-44 3.28947368421e-103 0.00172576292334 3.20249227091e-103
roses 1.49399674001e-103 0.000248649674575 3.28947368421e-103 0.00150223496996 3.20214683898e-103
ruinate 1.49399674001e-103 1.91971689803e-103 0.00328947368421 1.72576292334e-103 3.20214683898e-103
sacred 0.00149399674001 1.91971689803e-103 3.28947368421e-103 1.72576292334e-103 5.82238906894e-27
sail 1.49403528127e-103 2.04167913244e-17 3.28947368421e-103 0.00172576292334 3.2021471866e-103
saint 3.94633122769e-17 1.91971689803e-103 3.28947368421e-103 0.00172576292334 8.36924772166e-65
sake 0.00149399674001 1.91971689803e-103 3.28947368421e-103 1.72576318196e-103 6.50207319513e-50
salve 1.49399674001e-103 0.00191971689803 3.28947368421e-103 1.72576292334e-103 3.20214683898e-103
salving 1.49399674001e-103 0.00179368332984 3.28947368421e-103 0.000113300070082 3.20214683898e-103
same 1.49399674001e-103 1.91971689803e-103 0.00328947368421 1.72576292334e-103 3.20214683898e-103
sap 1.49399674001e-103 1.91971691585e-103 3.28947368421e-103 0.00172576292334 0.00320214683898
saucy 1.43217228579e-10 1.91971689803e-103 3.28947368421e-103 0.00172576275791 2.01557965283e-27
savour 1.49399674001e-103 1.91971689803e-103 0.00328947368421 1.72576292334e-103 3.20214683898e-103
say 0.00215491912761 7.50095575743e-29 0.00657894736842 0.00613959931065 2.38616886488e-11
scaped 3.98737663258e-50 0.00191971689803 3.28947368421e-103 1.39126935831e-23 1.20160827002e-102
scope 1.49399674001e-103 1.91971689803e-103 0.00328947368421 1.72576292334e-103 3.20214683898e-103
sea 1.49399674001e-103 0.0019167108903 3.28947368421e-103 2.70230297508e-06 3.20214683898e-103
sealed 2.33216642055e-12 1.91971689803e-103 3.28947368421e-103 0.00172576292065 1.00689914674e-27
seasons 0.00149399412025 1.91971689803e-103 3.28947368421e-103 3.02616340498e-09 2.14154492586e-46
second 1.49399674001e-103 0.00378997687054 3.28947368421e-103 4.44601641305e-05 3.20214683898e-103
see 1.30899986174e-23 0.00296694570243 3.28947368421e-103 0.00229776626844 0.00679828052684
seek 1.49399674001e-103 0.00191971689803 0.00328947368421 1.72576292334e-103 3.20214683898e-103
seeking 1.49399674001e-103 1.91971689803e-103 3.28947368421e-103 1.72576292334e-103 0.00320214683898
seem 1.49399674001e-103 0.00383943379009 3.28947368421e-103 5.36583398706e-12 3.20214683898e-103
seen 6.46432140867e-13 6.83836695502e-82 0.00328947368421 0.00517728876928 3.65208307246e-43
seest 6.65685206166e-10 4.04227446135e-93 3.28947368421e-103 0.00172576215439 3.95061556426e-58
seeting 0.00149399674001 1.91971689803e-103 3.28947368421e-103 1.72576292334e-103 1.25286275533e-61
self 0.0133728013849 4.27157628753e-33 3.28947368421e-103 8.45201456976e-05 1.56809639726e-37
selfs 1.49399674001e-103 0.00191971689803 3.28947368421e-103 1.72576292334e-103 3.20214683898e-103
sendst 1.19478980957e-32 3.54069471972e-59 3.28947368421e-103 0.00172576292334 1.10716864256e-89
separation 1.49399674001e-103 3.48216811299e-20 3.28947368421e-103 0.00172576292334 3.20214683898e-103
set 1.49399674001e-103 1.91971689803e-103 0.00328947368421 1.72576292334e-103 3.20214683898e-103
shadow 1.49399674001e-103 1.91971689814e-103 3.28947368421e-103 0.00172576292334 3.20214683898e-103
shadows 1.49399674001e-103 1.0425628044e-13 3.28947368421e-103 0.00172576292325 3.20214683898e-103
shady 1.49399674001e-103 1.52025679506e-05 3.28947368421e-103 0.00171209631024 3.20214683898e-103
shaken 1.49399674001e-103 1.91971689803e-103 0.00328947368421 1.72576292334e-103 3.20214683898e-103
shall 0.00439406728324 0.00383943379606 3.28947368421e-103 1.72576292334e-103 0.00659274265281
shalt 1.49399674001e-103 3.51747683447e-88 3.28947368421e-103 0.00172576292334 3.20214683898e-103
shamefully 0.00149399674001 1.91971689803e-103 3.28947368421e-103 1.72576292334e-103 3.20214683898e-103
shames 0.00149399674001 1.91971689803e-103 3.28947368421e-103 1.72576292334e-103 4.43089937577e-53
sharpst 1.01812262516e-74 0.00191971689803 3.28947368421e-103 1.72576292334e-103 3.20214683898e-103
she 1.49414658433e-103 1.14182362971e-09 3.28947368421e-103 0.00517728774357 3.20214823626e-103
sheaves 1.49399674001e-103 1.91971689803e-103 0.00328947368421 1.72576292334e-103 3.20214683898e-103
shines 1.49399674001e-103 1.91971689803e-103 0.00328947368421 1.72576292334e-103 3.20214683898e-103
shop 1.49399729757e-103 2.80067227362e-29 3.28947368421e-103 0.00172576292334 3.20214684401e-103
short 1.49399674001e-103 0.00191971689803 0.00328947368421 1.72576292334e-103 3.20214683898e-103
should 0.00896398044004 0.00191971689803 3.28947368421e-103 2.2539432481e-17 1.36266417105e-26
show 1.49399674001e-103 1.91971689803e-103 0.00328947368421 1.72576292334e-103 0.00320214683898
sick 0.00189486227781 1.91971689803e-103 3.28947368421e-103 0.00126271045217 1.34689243465e-41
sight 1.49399674001e-103 1.91971689803e-103 0.00657894736842 1.72576292334e-103 3.20214683898e-103
simple 0.00149399674001 1.91971689803e-103 3.28947368421e-103 1.72576292334e-103 3.20214683898e-103
simply 1.49399674001e-103 1.91971689803e-103 3.28947368421e-103 1.72576292334e-103 0.00320214683898
since 0.00250029889969 5.0035400149e-08 3.28947368421e-103 0.00228906938971 2.22875859162e-24
sing 1.49399674001e-103 1.91971689803e-103 0.00657894736842 1.72576292334e-103 0.00320214683898
sit 1.49399674001e-103 1.91971689803e-103 0.00328947368421 1.72576292334e-103 3.20214683898e-103
skill 1.49399674001e-103 1.91971689803e-103 0.00657894736842 1.72576292334e-103 3.20214683898e-103
slander 1.49399674001e-103 1.83027350479e-13 3.28947368421e-103 0.00172576292318 3.20214683898e-103
slept 2.43312604724e-11 2.14845027159e-40 3.28947368421e-103 0.00172576289524 5.61441028939e-57
smell 1.69846082158e-52 1.91971689803e-103 0.00328947368421 0.00172576292334 1.41913702304e-71
so 0.00434851177508 0.00732755100332 3.28947368421e-103 0.0207649990236 0.0167792128731
soil 1.49399674001e-103 1.91971689803e-103 3.28947368421e-103 0.00172576292334 3.20214683898e-103
sole 1.36522195533e-42 0.00191971689803 3.28947368421e-103 1.72576292334e-103 3.20214683898e-103
solemn 1.49069309411e-42 1.29654286589e-11 3.28947368421e-103 0.00172576291169 7.34992289874e-85
some 4.71771885988e-27 5.89543517548e-26 3.28947368421e-103 0.0103545775401 6.52537254093e-73
sometime 1.49399674001e-103 0.00191971689803 3.28947368421e-103 1.72576292334e-103 0.00320214683898
son 1.49399674001e-103 1.91971689803e-103 0.00328947368421 1.72576292334e-103 3.20214683898e-103
soon 9.76467495029e-32 9.08462385157e-13 3.28947368421e-103 0.00172576292253 1.33303283028e-81
sooner 0.00149399674001 1.91971689803e-103 3.28947368421e-103 1.72576292334e-103 4.57389118961e-43
sorrow 1.49399674001e-103 1.91971689803e-103 0.00328947368421 1.72576292334e-103 3.20214683898e-103
sorry 0.00149399674001 1.91971689803e-103 3.28947368421e-103 1.72576582091e-103 2.73754059023e-51
soul 0.00149399674001 1.91971689803e-103 3.28947368421e-103 1.72576292334e-103 1.1510136279e-27
sounds 1.49399674001e-103 1.91971689803e-103 0.00328947368421 1.72576292334e-103 3.20214683898e-103
sour 1.49399674001e-103 1.91971689803e-103 0.00328947368421 1.72576292334e-103 3.20214683898e-103
spacious 1.49399674001e-103 1.91971689803e-103 0.00328947368421 1.72576292334e-103 3.20214683898e-103
speak 1.49399674001e-103 1.91971689803e-103 0.00328947368421 1.72576292334e-103 3.20214683898e-103
speaking 1.49399674001e-103 0.00191971689803 3.28947368421e-103 1.72576292334e-103 3.20214683898e-103
spend 1.49399674001e-103 1.91971689803e-103 0.00328947368421 1.72576292334e-103 3.20214683898e-103
spheres 1.49399674001e-103 0.00191971689803 3.28947368421e-103 6.55476897117e-23 3.20214683898e-103
spies 1.49399674001e-103 1.91971689803e-103 0.00328947368421 1.72576292334e-103 3.20214683898e-103
spirit 0.00298799348001 0.00191971689803 3.28947368421e-103 5.97082458149e-35 2.63428570453e-59
spirits 4.20002526383e-43 1.91971689803e-103 3.28947368421e-103 0.00172576292334 8.39168059189e-94
spread 1.49399674001e-103 1.91971689803e-103 0.00328947368421 1.72576292334e-103 3.20214683898e-103
spring 1.49399674001e-103 1.91971689803e-103 0.00328947368421 1.72576292334e-103 3.20214683898e-103
springs 1.12886754764e-19 8.01786099318e-58 3.28947368421e-103 0.00172576292334 3.66163090312e-65
spur 0.00149399674001 1.91971689803e-103 3.28947368421e-103 1.72578550792e-103 6.23563248202e-60
stand 0.00149399674001 1.91971689803e-103 0.00328947368421 1.65578207412e-37 8.75104153785e-27
star 1.5837910797e-103 1.91971689803e-103 3.28947368421e-103 0.00345152584669 3.20225035243e-103
state 1.98902323931e-13 1.91971695629e-103 3.28947368421e-103 0.00172576292311 2.19956579082e-59
statues 0.00149399674001 1.91971689803e-103 3.28947368421e-103 1.72576292334e-103 3.20214683898e-103
stealth 1.49399674001e-103 0.00183486413963 3.28947368421e-103 7.62798642539e-05 3.20214683898e-103
steep 1.49399674001e-103 1.91971703364e-103 3.28947368421e-103 0.00172576292334 3.20214683898e-103
steepy 1.49399674001e-103 0.00191971689803 3.28947368421e-103 1.72576292334e-103 3.20214683898e-103
still 1.49399674001e-103 0.00383943379485 0.00657894736842 1.09098490824e-12 3.20214683898e-103
stones 1.21422331781e-08 1.91971689803e-103 3.28947368421e-103 0.00172574889746 3.63700947758e-24
story 0.00149399673935 0.00191953882445 3.28947368421e-103 1.60083101436e-07 3.20214683898e-103
stout 1.49399674001e-103 1.91971689803e-103 0.00328947368421 1.72576292334e-103 3.20214683898e-103
straight 0.00149399674001 1.91980674995e-103 0.00328947368421 1.72576292334e-103 0.00320214683898
strangely 1.49399674001e-103 0.00191971689803 3.28947368421e-103 1.72576292334e-103 3.20214683898e-103
strength 1.4939983064e-103 0.00383943375551 3.28947368421e-103 3.64572238343e-11 3.20214685311e-103
strive 1.49399674001e-103 1.91971689803e-103 0.00328947368421 1.72576292334e-103 3.20214683898e-103
such 0.00149399674244 0.00575915069097 3.28947368421e-103 6.75484520923e-16 1.7993610829e-54
suffer 3.02219173796e-08 1.91971689803e-103 3.28947368421e-103 0.00172572801305 1.61602315892e-54
sufferance 1.49399674001e-103 0.00191971689803 3.28947368421e-103 1.42732100301e-17 3.20214683898e-103
summer 1.49399674001e-103 0.00191971689803 3.28947368421e-103 1.72576292334e-103 3.20214683898e-103
summers 0.00746998369878 1.91971689803e-103 3.28947368421e-103 1.45080028013e-12 1.01259163277e-46
sun 1.49399674001e-103 0.00191971689803 3.28947368421e-103 1.72585748239e-103 3.20214683898e-103
sunken 1.49399674001e-103 0.00191971689803 3.28947368421e-103 1.72576292334e-103 3.20214683898e-103
surety 1.2343684012e-05 1.91971689803e-103 3.28947368421e-103 0.00171150434323 7.17658843868e-48
swallowed 1.49399674001e-103 0.00191971689803 3.28947368421e-103 1.72576292334e-103 3.20214683898e-103
sweet 0.00589493151595 0.00383943379323 3.28947368421e-103 1.17611786844e-11 0.00337587640716
sweetest 1.49399674001e-103 0.00191969808196 3.28947368421e-103 1.69150378432e-08 3.20214683898e-103
sweetly 6.16451171705e-10 1.91971689803e-103 3.28947368421e-103 0.00172576221126 1.9742194825e-53
sweetness 1.49399674001e-103 1.91971689803e-103 0.00328947368421 1.72576292334e-103 3.20214683898e-103
sweets 1.49399674001e-103 1.91971689803e-103 0.00328947368421 1.72576292334e-103 3.20214683898e-103
sword 1.49399674041e-103 1.91971689803e-103 3.28947368421e-103 0.00172576292334 3.20214683899e-103
take 1.49399674001e-103 0.00191971689803 3.28947368421e-103 1.72576292334e-103 3.20214683898e-103
taken 1.49399674001e-103 1.91971689803e-103 0.00657894736842 1.72576292334e-103 3.20214683898e-103
tame 1.49399676135e-103 6.24688663864e-18 3.28947368421e-103 0.00172576292334 3.20214683918e-103
tan 1.49399674001e-103 1.91971689803e-103 3.28947368421e-103 1.72576292334e-103 0.00320214683898
taste 0.00149399671589 1.91971689803e-103 3.28947368421e-103 2.78559188449e-11 1.58507702935e-15
taught 1.36588745741e-23 3.63621407475e-15 3.28947368421e-103 0.00345152584668 1.73901984233e-68
teach 0.00149399674001 1.91971689803e-103 3.28947368421e-103 1.72576292334e-103 7.91626100314e-63
tear 1.49399674001e-103 1.91971689803e-103 0.00328947368421 1.72576292334e-103 3.20214683898e-103
tell 0.00148972030231 0.00191971689803 0.00986842105263 1.72576292334e-103 0.00321131271003
tells 4.02245054692e-20 2.88849667988e-47 3.28947368421e-103 0.00172576292334 5.93474008417e-65
testy 0.00149399674001 1.91971689803e-103 3.28947368421e-103 1.7257629252e-103 1.76193405818e-27
than 1.49399674001e-103 0.00191971689803 3.28947368421e-103 1.72576292334e-103 3.20214683898e-103
thanks 0.00149399674001 1.91971689803e-103 3.28947368421e-103 1.72576292334e-103 9.94538967142e-41
that 0.0353614129595 2.12019808872e-15 3.28947368421e-103 0.0175271456132 0.0325812834983
thats 1.49399674001e-103 1.91971689803e-103 3.28947368421e-103 1.72576292334e-103 0.00320214683898
the 0.00200716056462 0.0378675644251 3.28947368421e-103 0.0754347942454 0.0359278778648
thee 0.00553278565557 0.00359746065735 0.0197368421053 0.0041810076672 1.29167827311e-58
their 1.15257386062e-13 0.00659735988279 3.28947368421e-103 0.0078752918751 2.90464670499e-52
theirs 1.49399674001e-103 0.00191971689803 3.28947368421e-103 1.72576292334e-103 3.20214683898e-103
them 0.00448199022 1.91971689803e-103 3.28947368421e-103 2.27616844902e-14 3.93867395916e-16
themselves 1.31623926779e-25 0.0024007280642 3.28947368421e-103 0.00129334956221 3.33704782416e-70
then 0.00878016470299 1.91971779987e-103 3.28947368421e-103 9.33349925392e-37 0.0260111548094
thence 1.49399674001e-103 1.91971689803e-103 3.28947368421e-103 1.72576292334e-103 0.00320214683898
there 5.93000695558e-13 4.00411606795e-16 3.28947368421e-103 0.00504255174031 0.00345215090721
therefore 0.00252357109659 1.38735715957e-48 3.28947368421e-103 0.00369031247097 0.00695664223665
these 0.00290783321615 1.91971689803e-103 3.28947368421e-103 8.85379804358e-13 0.00337395774473
they 4.76980001708e-57 5.76085763502e-46 3.28947368421e-103 0.00344984654912 0.0064074096085
thine 5.15367972994e-69 0.00307033980331 0.00986842105263 0.00414253048424 0.00320286268093
thing 0.00149399674001 0.00191971689716 3.28947368421e-103 7.78375764848e-13 2.27114916652e-60
things 0.00298790762712 0.00383954411307 3.28947368421e-103 3.80979709965e-33 3.95874337008e-38
think 2.17358848756e-12 1.91971689803e-103 3.28947368421e-103 0.00155060287752 0.00352715566345
thinking 0.00149399674001 1.91971689803e-103 3.28947368421e-103 2.8613150084e-23 8.85594042578e-51
thinks 1.49399674001e-103 0.00191893919093 3.28947368421e-103 6.99133337261e-07 3.20214683898e-103
thinly 1.49399674001e-103 0.000414265615337 3.28947368421e-103 0.00135335163702 3.20214683898e-103
this 0.00873532461472 0.0131634475787 0.00328947368421 0.000510957698559 3.47537372975e-36
thorns 0.00149399674001 1.91971689803e-103 3.28947368421e-103 1.72580738403e-103 2.78067989741e-51
those 0.00302483007501 0.00125059728611 3.28947368421e-103 0.000558965606121 6.79736394237e-58
thou 0.0420356792499 0.00329067842837 3.28947368421e-103 2.49874993505e-22 0.0132871781352
though 0.00448192626655 1.91971689803e-103 3.28947368421e-103 7.38746839357e-08 3.50897576301e-38
thought 0.00149399674001 1.91971689803e-103 3.28947368421e-103 3.15499489929e-28 8.50651450341e-59
thoughts 6.61744291738e-09 1.91971689803e-103 3.28947368421e-103 0.00517728112601 7.23792611899e-58
thralled 1.49399674001e-103 0.00191971689803 3.28947368421e-103 1.72576292334e-103 3.20214683898e-103
three 1.17713562403e-32 1.47953881793e-18 3.28947368421e-103 0.00172344364562 0.00640859708937
throned 1.49399674001e-103 0.00191971689803 3.28947368421e-103 1.72576292334e-103 3.20214683898e-103
through 2.07226269436e-19 7.8360213567e-60 3.28947368421e-103 0.00345152584669 4.33026499366e-43
thus 1.49399694145e-103 2.50647502585e-37 3.28947368421e-103 0.00345152584573 0.00320214684075
thy 0.0124132995662 0.02424956882 3.28947368421e-103 0.00180106277751 0.00325253149438
tibey 1.49399674001e-103 1.91971689803e-103 3.28947368421e-103 1.72576292334e-103 0.00320214683898
till 1.49399674001e-103 1.91971689803e-103 3.28947368421e-103 1.72576292334e-103 0.00320214683898
time 0.00688847664941 0.00224736571673 0.00657894736842 0.00210293451458 9.42983886963e-40
times 5.84955697462e-71 0.00191966165822 3.28947368421e-103 4.96587907983e-08 3.20242390771e-103
tired 2.00327269019e-19 4.32823517155e-35 3.28947368421e-103 0.00172576292334 6.22629224031e-63
tis 1.49399674001e-103 1.91971689803e-103 3.28947368421e-103 1.72576292334e-103 0.00320214683898
to 0.00227768529886 0.0425726952729 3.28947368421e-103 0.0330641143559 0.0356711599438
today 0.00132719935577 6.79052056172e-23 3.28947368421e-103 0.00191843586145 3.64870002463e-63
toil 2.24058232144e-15 1.91971689803e-103 3.28947368421e-103 0.00172576292334 1.69728311371e-63
tomb 1.49399674001e-103 1.91971689803e-103 0.00328947368421 1.72576292334e-103 3.20214683898e-103
tomorrow 4.68812577526e-39 0.00191971689803 3.28947368421e-103 1.72576292334e-103 0.00320214683898
tongue 0.00149399674001 1.91971689803e-103 0.00328947368421 6.27660389123e-19 3.44823034149e-22
tongues 1.49399674001e-103 0.00191971689803 3.28947368421e-103 4.61452814333e-51 3.20214683898e-103
too 1.20211107507e-11 0.00191971689803 3.28947368421e-103 0.00172576290946 3.71462311475e-28
took 0.00149399674001 1.91971689803e-103 3.28947368421e-103 1.72576292334e-103 4.17033905085e-60
top 1.50217877783e-103 0.000520779971552 3.28947368421e-103 0.00125759870233 3.20226955533e-103
travelled 4.76768611629e-13 1.91971689803e-103 3.28947368421e-103 0.00172576292279 1.82481495952e-29
treasure 1.49399674001e-103 0.00190998773942 3.28947368421e-103 8.74619649188e-06 3.20214683898e-103
trees 1.49399674393e-103 1.57247555992e-14 3.28947368421e-103 0.00172576292333 3.20214683902e-103
tresses 1.49399674001e-103 9.27553854083e-10 3.28947368421e-103 0.0017257620895 3.20214683898e-103
trifles 0.00149399674001 1.91971689803e-103 3.28947368421e-103 1.72576292334e-103 3.20214683898e-103
true 0.00155050348877 1.91971697398e-103 3.28947368421e-103 0.00166049018926 6.23183565913e-27
truly 0.00149397533911 0.00191971689803 3.28947368421e-103 2.47208552014e-08 4.98012118133e-24
trust 1.49399674001e-103 0.00191971689803 3.28947368421e-103 8.73262233296e-28 3.20214683898e-103
truth 1.49399674001e-103 0.00191971689803 0.00328947368421 1.72576292334e-103 3.20214683898e-103
tune 1.49399674001e-103 0.00191971689803 3.28947368421e-103 1.72576292334e-103 3.20214683898e-103
tuned 1.49399674001e-103 0.00191971689803 3.28947368421e-103 1.72576292334e-103 3.20214683898e-103
turned 1.49399674001e-103 1.91971689803e-103 0.00328947368421 1.72576292334e-103 3.20214683898e-103
twilight 1.49399675032e-103 0.0018988646353 3.28947368421e-103 1.87455045747e-05 3.20214683913e-103
two 1.0434226004e-14 0.00191971700267 3.28947368421e-103 0.00345152575261 6.97905784073e-38
tyrant 0.00149399674001 1.91971689803e-103 3.28947368421e-103 1.7260624998e-103 9.36943745199e-25
under 1.49399674001e-103 1.91971689803e-103 3.28947368421e-103 1.72576292334e-103 0.00320214683898
uneared 1.49399674001e-103 0.00191971689803 3.28947368421e-103 1.72576292334e-103 3.20214683898e-103
unkindness 0.00149399674001 1.49523613664e-71 3.28947368421e-103 1.72576292334e-103 3.20214683898e-103
unknown 1.49399674001e-103 0.00191971689803 3.28947368421e-103 1.72576292334e-103 3.20214683898e-103
unless 1.49399674001e-103 1.91971689803e-103 3.28947368421e-103 1.72576292334e-103 0.00320214683898
unused 1.49399674001e-103 0.000714983335127 3.28947368421e-103 0.00108301620801 3.20214683898e-103
up 0.00237168424744 9.1072531385e-11 3.28947368421e-103 0.00243768114384 2.75365428705e-61
upon 1.49399674001e-103 0.00191971689803 3.28947368421e-103 1.72576292334e-103 3.20214683898e-103
us 1.49399674001e-103 1.79467264373e-15 3.28947368421e-103 0.00172576292334 3.20214683898e-103
use 2.17628798146e-09 1.91971689803e-103 0.00328947368421 0.00172576040944 8.46698290085e-26
used 0.00149399674001 1.91971689803e-103 3.28947368421e-103 2.42767318419e-16 2.87236970336e-23
ushers 1.49399674001e-103 5.55968703137e-17 3.28947368421e-103 0.00172576292334 3.20214683898e-103
usurer 0.00149399674001 1.91971689803e-103 3.28947368421e-103 1.72576292334e-103 3.95320027215e-23
usury 1.49399674001e-103 1.91971689803e-103 0.00328947368421 1.72576292334e-103 3.20214683898e-103
vainly 0.00149399674001 1.91971689803e-103 3.28947368421e-103 1.72576292334e-103 6.90205093115e-25
vanished 0.00149399609013 1.91971689803e-103 3.28947368421e-103 7.50689220704e-10 6.43341268055e-50
vanishing 0.00149399674001 1.91971689803e-103 3.28947368421e-103 1.72576292334e-103 1.80205209324e-22
vaunt 1.49399674001e-103 1.91971689803e-103 3.28947368421e-103 1.72576292334e-103 0.00320214683898
verse 3.47930951786e-18 1.91971689803e-103 3.28947368421e-103 0.00172576292334 3.22775934963e-62
vice 1.85363396321e-11 1.91971954432e-103 3.28947368421e-103 0.00172576290193 1.97988003396e-58
virtuous 7.94580975695e-11 0.00191971689803 3.28947368421e-103 0.00172576283156 4.27123458277e-27
visage 1.49399674001e-103 0.00191971689803 3.28947368421e-103 1.72576292334e-103 3.20214683898e-103
votary 0.00149399674001 1.91971689803e-103 3.28947368421e-103 1.72576292334e-103 6.23102539201e-59
vows 0.00149399674001 1.91971689803e-103 3.28947368421e-103 1.72576293066e-103 3.65953366556e-60
wandring 1.49399674001e-103 0.00191971689803 3.28947368421e-103 1.72576292334e-103 3.20214683898e-103
wanting 1.49399674001e-103 1.91971689803e-103 0.00328947368421 1.72576292334e-103 3.20214683898e-103
wanton 1.76462076611e-60 1.13309613899e-91 3.28947368421e-103 0.00172576292334 2.7886662029e-82
wantonly 1.49399674001e-103 1.91971689803e-103 0.00328947368421 1.72576292334e-103 3.20214683898e-103
war 0.00149399674001 1.91971689803e-103 3.28947368421e-103 1.72576292334e-103 3.44968922532e-55
warrantise 1.49399674001e-103 0.00191971689803 3.28947368421e-103 1.72576292334e-103 3.20214683898e-103
wars 1.49399674001e-103 0.000507516028788 3.28947368421e-103 0.00126952255458 3.20214683898e-103
was 0.0044714090656 1.91971689803e-103 0.00328947368421 1.75438560673e-26 0.00642697271687
wasteful 0.00149399674001 1.91971689803e-103 3.28947368421e-103 1.72576292334e-103 6.45705826116e-26
watery 1.49399674001e-103 0.00191971689803 3.28947368421e-103 1.72576292334e-103 3.20214683898e-103
we 2.91363153389e-32 0.00383943379606 3.28947368421e-103 1.72576292334e-103 3.20214683898e-103
weakness 1.49399674001e-103 1.91971689803e-103 3.28947368421e-103 0.00172576292334 3.20214683898e-103
wealth 0.00149399674001 1.91971689803e-103 3.28947368421e-103 1.72576292334e-103 2.97965567659e-55
weep 0.00149399674001 1.91971689803e-103 0.00328947368421 1.72576304319e-103 1.37677130501e-27
welfare 1.49399674001e-103 0.00191971689803 3.28947368421e-103 2.05245228264e-15 3.20214683898e-103
well 4.41665021921e-69 0.00767886759212 0.00328947368421 1.94934260149e-17 3.20231425866e-103
were 0.00298799348001 1.91971689803e-103 0.00328947368421 1.72576578067e-103 4.55989194025e-59
what 0.00416412866731 1.91971689803e-103 3.28947368421e-103 1.61362727315e-08 0.0102876967791
when 0.00705215206523 0.00191971690211 3.28947368421e-103 1.31036654384e-20 0.0265127310425
whence 1.49399674001e-103 1.91971689803e-103 3.28947368421e-103 1.72576292334e-103 0.00320214683898
where 1.12709610925e-19 0.00387563599041 3.28947368421e-103 0.00341898125388 2.29504893357e-37
wherein 1.49399674001e-103 0.00159242191757 3.28947368421e-103 0.000294227520136 3.20214683898e-103
whereon 1.49399674001e-103 0.00191971689803 3.28947368421e-103 1.31791294876e-16 3.20214683898e-103
whether 0.00149399674001 1.91971689803e-103 3.28947368421e-103 1.72576292334e-103 4.77841121659e-26
which 0.009742309457 5.13829346881e-13 3.28947368421e-103 0.00252333204991 0.0160647686848
whilst 1.49399674001e-103 1.91971689803e-103 3.28947368421e-103 0.00172576292334 0.00640429367797
white 1.49399674001e-103 1.91971689803e-103 0.00328947368421 1.72576292334e-103 3.20214683898e-103
who 0.0013159858463 0.00191971689803 3.28947368421e-103 6.5728082142e-15 0.00358368516855
whom 0.00149399674001 1.91971689803e-103 3.28947368421e-103 1.72576292334e-103 1.14513462043e-41
whos 0.00149371355597 1.91971689803e-103 3.28947368421e-103 3.27114839458e-07 1.85819728707e-18
whose 2.73617879369e-15 7.23729329554e-13 3.28947368421e-103 0.00690305169272 6.23482701279e-61
why 0.0071649474333 1.91971689803e-103 3.28947368421e-103 4.72438701868e-36 0.0166645314163
wide 3.11673867344e-72 1.62934661189e-34 0.00328947368421 0.00345152584669 1.4867219962e-92
widow 1.49399674001e-103 0.00383943379606 3.28947368421e-103 1.2287765759e-19 3.20214683898e-103
will 0.00203025972184 3.07416763102e-14 0.00328947368421 0.0131323069423 0.00330297840813
wilt 0.00298251215259 1.91971689803e-103 3.28947368421e-103 3.33942333328e-43 0.00321389520149
win 0.00096886354516 3.08571394331e-23 3.28947368421e-103 0.00233236089857 1.52403137869e-26
wind 1.49399674001e-103 1.91971689803e-103 0.00328947368421 1.72576292334e-103 3.20214683898e-103
winds 1.49399674001e-103 1.91971689803e-103 0.00328947368421 1.72576292334e-103 3.20214683898e-103
windy 1.33611452759e-06 1.91971689803e-103 3.28947368421e-103 0.00172421953516 1.43260142225e-64
wing 1.49399674001e-103 1.91971689803e-103 0.00328947368421 1.72576292334e-103 3.20214683898e-103
wisdom 1.28937376736e-13 2.0111773575e-103 3.28947368421e-103 0.00172576292319 1.68372310665e-66
wish 1.49399684498e-103 1.91971689803e-103 3.28947368421e-103 0.00172576292334 3.20214683986e-103
wishing 1.49399674001e-103 1.91971689803e-103 3.28947368421e-103 1.72576292334e-103 0.00320214683898
wit 0.00298799346368 1.91971699347e-103 0.00328947368421 1.88729738017e-11 1.22162057957e-49
with 0.00370117423756 0.0195577141104 3.28947368421e-103 0.00400782418273 0.0128485335937
within 2.27918842662e-42 1.91971705724e-103 3.28947368421e-103 0.00345152584669 6.18817084942e-78
without 1.49399674001e-103 0.00169632148011 3.28947368421e-103 0.00020082519974 3.20214683898e-103
woe 1.49399674001e-103 1.91971689803e-103 0.00657894736842 1.72576292334e-103 3.20214683898e-103
woman 0.00149399674001 1.91971689803e-103 3.28947368421e-103 1.72576292334e-103 8.98596541987e-41
womans 0.00149399674001 1.91973129836e-103 3.28947368421e-103 1.72576292334e-103 3.20214683898e-103
womb 1.49399674001e-103 1.91971689803e-103 0.00328947368421 1.72576292334e-103 3.20214683898e-103
won 1.49399674001e-103 1.91971689803e-103 0.00328947368421 1.72576292334e-103 3.20214683898e-103
woos 0.00149399674001 1.91971689803e-103 3.28947368421e-103 1.72576292334e-103 9.45383879234e-56
word 1.49399674001e-103 1.00297171267e-14 3.28947368421e-103 0.00172576292333 3.20214683898e-103
words 1.49399674001e-103 1.91971689803e-103 0.00328947368421 1.72576292334e-103 3.20214683898e-103
works 0.00149399674001 1.91971689803e-103 3.28947368421e-103 2.77480374312e-26 6.7849256602e-56
world 4.67497221563e-40 2.25414277818e-07 3.28947368421e-103 0.00862861197662 1.36551280126e-57
worms 3.44836305264e-12 1.91971689803e-103 3.28947368421e-103 0.00172576291936 2.20982020807e-28
worst 1.49399674001e-103 0.00191971688859 3.28947368421e-103 8.48382312312e-12 3.20214683898e-103
worth 1.17609518165e-27 6.63020044167e-21 3.28947368421e-103 0.00517728877003 1.52965365967e-73
would 0.00180424141574 1.62424779907e-17 3.28947368421e-103 0.0082704411717 1.02294273072e-29
wound 3.29342617279e-23 1.91971689803e-103 3.28947368421e-103 0.00172576292334 3.81251971598e-70
wretch 1.49399674001e-103 0.0019197168737 3.28947368421e-103 2.18704026935e-11 3.20214683898e-103
wretched 0.00149399674001 1.91971689803e-103 3.28947368421e-103 1.72576292334e-103 6.13756964218e-24
wrinkles 0.00149399674001 1.91971689803e-103 3.28947368421e-103 4.04502703801e-41 4.97731133207e-18
write 5.61179703451e-70 1.58165247033e-06 0.00657894736842 0.00862739276269 9.90201883742e-86
writes 0.00149399674001 1.91971689803e-103 3.28947368421e-103 1.72576292334e-103 2.1166198031e-54
wrongfully 0.00149399674001 1.91971689803e-103 3.28947368421e-103 1.72576292334e-103 3.20214683898e-103
wrongs 1.49399674001e-103 1.91971689803e-103 0.00328947368421 1.72576292334e-103 3.20214683898e-103
ye 1.49399674001e-103 1.91971689803e-103 0.00328947368421 1.72576292334e-103 3.20214683898e-103
yellow 1.49399674001e-103 0.00191971689803 3.28947368421e-103 6.02656413872e-17 3.20214683898e-103
yet 0.00571459604722 1.91971689803e-103 3.28947368421e-103 2.61279946128e-28 0.0133688376314
yield 0.00149399674001 0.00191971689803 3.28947368421e-103 1.72576292335e-103 4.5042307551e-63
you 0.00892793394385 0.00575892103592 3.28947368421e-103 4.87501694901e-07 0.00327888534868
young 1.49399674001e-103 1.91971689803e-103 0.00328947368421 1.72576292334e-103 3.20214683898e-103
your 0.00446949728505 0.00959854064225 3.28947368421e-103 1.99981803239e-07 0.00643077239169
youth 1.49399674001e-103 1.91971689803e-103 0.00328947368421 1.72576292334e-103 3.20214683898e-103
youthful 1.49399674003e-103 1.91971689803e-103 3.28947368421e-103 0.00172576292334 3.20214683898e-103
