6.509868844265151044e-16 4.486091868712153291e-02 1.976636776211147528e-01 6.923747606470152428e-09 2.286811627317240081e-01 1.152813812868590188e-13 2.260477803903135630e-01 7.295176562245284571e-23 3.027464536458626121e-01 7.568291279755337173e-43 3.715166999164103202e-103 2.813218709653126528e-24
1.047578489141063683e-18 2.350347122918854170e-49 5.373635732136083400e-03 2.190917151680662865e-15 1.042971412184740126e-18 3.746302395860504251e-28 5.563435785967586918e-22 9.946263642678616623e-01 1.159721133985800724e-32 4.325019955415785270e-85 4.061733647851729885e-103 2.118712119641615107e-48
1.843438620433160236e-11 1.861268824204707904e-20 8.899660912498202903e-02 8.857630898900065164e-01 2.260803428379644633e-13 3.212209886515234119e-10 1.188967233769582139e-02 2.544844831686802016e-14 3.628845054947499085e-10 7.346689561552012975e-39 3.763875199781656651e-103 1.335062794452404437e-02
1.630101960128912397e-01 6.755244006474446505e-02 4.610566944144794995e-10 6.373875926129364442e-13 1.519279615487155729e-08 1.876095318818542523e-01 1.213071054899283324e-01 1.213438779767872528e-22 2.246599991385312967e-01 1.363460921142041656e-02 4.122697732694802790e-103 2.222261025461396977e-01
4.989896915022418167e-01 7.423095395105622631e-26 1.314961756081355308e-13 9.656477277172238402e-03 2.757168527336172090e-16 9.550055718321336946e-11 1.105093988777145582e-04 2.187159494643265046e-11 4.912422103722026145e-01 6.216109617989228463e-36 3.919192335691799584e-103 1.111332001785511878e-06
9.492539725362350114e-16 5.148652738536624307e-03 2.909338627717943246e-14 9.760449610754005564e-03 1.518382465753170284e-20 2.578471746051284041e-01 8.933637796149562424e-03 4.032323260921550842e-03 1.324127255410363899e-08 4.597970668833486909e-75 2.897095619411085942e-103 7.142777487472071751e-01
1.945670093005824223e-15 1.802739589748615008e-21 7.436916598830497493e-01 2.717624957089737109e-10 9.871452276569657911e-17 1.445573161045736868e-19 6.517884459428394117e-02 1.911294941226431288e-01 1.128258623234989684e-09 5.212587184704164079e-50 4.013408991762445557e-103 6.213386615755288552e-37
1.177882102902507583e-01 1.272630838169031275e-01 7.511312184475029026e-03 4.739027415527942606e-03 6.581971957625616376e-01 4.709250890127301552e-26 2.958777025259080526e-02 3.770440100658412981e-22 5.491340027769065629e-02 5.650375834354807980e-36 3.399757694976079714e-103 7.966921509084811488e-44
2.428862186071001628e-01 3.934731229711133592e-07 2.371098648708003410e-07 6.541157328773846892e-10 2.670192134566008104e-17 7.562274596825107054e-01 2.039350750754068783e-17 8.856904699964847230e-04 3.289030660562038761e-12 4.584655959665460093e-39 3.589718629215505680e-103 4.779644346629571881e-29
4.098832959022161790e-15 8.787903572931742013e-02 8.206065796726267703e-38 2.670983793516584898e-28 1.677730591652127549e-29 2.145949404477680413e-64 9.043600534873652563e-01 1.666002034432477747e-27 7.760910783313143720e-03 1.184847327593693349e-35 7.082907601525072582e-103 7.132631389095307168e-103
4.577520839259227594e-34 5.464547676720959979e-01 3.440116492917270746e-46 2.633129500652570682e-67 6.267137423110766273e-76 4.999451045644749872e-98 3.836488371837513148e-37 8.981048141843909945e-50 8.572026644097954158e-65 4.535452323279040021e-01 3.289473684210526616e-103 3.289473684210526616e-103
0.000000000000000000e+00 0.000000000000000000e+00 0.000000000000000000e+00 0.000000000000000000e+00 0.000000000000000000e+00 0.000000000000000000e+00 0.000000000000000000e+00 0.000000000000000000e+00 0.000000000000000000e+00 0.000000000000000000e+00 0.000000000000000000e+00 0.000000000000000000e+00
