8.735096796260259011e-29 1.214493654049935745e-35 3.825924588061117534e-103 3.501956976157442828e-39 4.822470491850518459e-01 1.363427116534146146e-42 7.312632031280762557e-23 9.713305734451578166e-34 4.123602357212935013e-28 1.104660202810121665e-02 3.771896730026248472e-103 5.067063487868469496e-01
4.895044379836144133e-30 4.387995001258070960e-01 1.083792574906945280e-79 1.914082748565509895e-31 7.039191923109814770e-43 7.631924710159765635e-46 1.630642418240191571e-01 3.981362580501737747e-01 6.191999664630426078e-30 2.569944035113090673e-27 2.727822897463874873e-103 4.349489241856349764e-60
2.721861998599091337e-02 1.920995882824007611e-37 4.291316090083679979e-03 1.231937499717026293e-28 1.680122393303245577e-50 9.684900639239253373e-01 2.452412277604914077e-47 8.410115189684729954e-33 8.181010565327237059e-43 6.565125945854362376e-76 3.815662363715979529e-103 3.815662363715979529e-103
2.471003200691413439e-28 5.468775230257724163e-01 2.649763950161832646e-89 1.991546385288014975e-01 8.251489518022467709e-30 2.950810928492163032e-18 1.479819481849506124e-01 6.003862576294023701e-02 4.594726449753529229e-02 3.397598659045572878e-44 3.519915149900922864e-103 3.520196897729332085e-103
3.707607891985632148e-02 2.612425940376806865e-01 7.768383738581093183e-103 9.987522420547584631e-20 9.170915366905405885e-64 1.601876239853884222e-50 1.712794333821190233e-37 7.097444128542643171e-02 5.681866301482232234e-02 5.738882227422141824e-01 7.740189698580518856e-103 1.474164252723118549e-89
5.316745351222144712e-33 2.338368071610557526e-13 1.826143776513770963e-55 8.927314517868230048e-01 6.088940181544897632e-19 2.316563486252504911e-16 8.406395779113901085e-06 1.072601418171637983e-01 8.195138772273244072e-23 2.483503765975215915e-58 3.923777439585623602e-103 3.926270980718305545e-103
3.232265206710940972e-42 1.130754924326112792e-30 5.370657648552835801e-89 7.329283294330245412e-41 8.950623427180649794e-03 4.964929231331859954e-60 3.447429817079267416e-49 1.769228087966258911e-01 8.141265677761934105e-01 8.405323402543692360e-58 6.663979353964347176e-103 6.704959330741652850e-103
9.999102952460175997e-01 8.297071162094887052e-29 7.338771111466382447e-86 2.978312959500906947e-35 7.318389556186356686e-36 1.696053779733391390e-49 3.567338106695451216e-21 2.254403308760601426e-23 1.591176676141928662e-18 8.970475398246307349e-05 4.423499614200638056e-103 2.565348579932173210e-78
7.905036707693443783e-25 8.344280483475736976e-02 9.760196732582853764e-58 6.393582392501495137e-40 3.489007360528899139e-20 3.852288980352123492e-27 1.431349064585053000e-37 6.649975270596707224e-28 5.401231425035414591e-02 8.625448809148884566e-01 5.022472222525301815e-103 1.620950107773119580e-50
1.091108983419617207e-01 1.130213091067620123e-38 4.020713632723079609e-103 4.829879397425527871e-28 5.379658478558569772e-59 4.166734492383332954e-03 2.086517456671242374e-02 4.339721366279704352e-15 1.840152946454002847e-01 2.395550144568564904e-21 4.018808019196805253e-103 6.818418979535380009e-01
3.290316677549283222e-103 2.490546919147720125e-88 8.583981496915721321e-01 2.775698318457136390e-43 1.109982850239496210e-91 1.078315592804613009e-75 1.416018503084279234e-01 6.501847441022120262e-50 1.045062493167874775e-100 3.348011272558515153e-103 3.289473684210526616e-103 3.289473684210526616e-103
0.000000000000000000e+00 0.000000000000000000e+00 0.000000000000000000e+00 0.000000000000000000e+00 0.000000000000000000e+00 0.000000000000000000e+00 0.000000000000000000e+00 0.000000000000000000e+00 0.000000000000000000e+00 0.000000000000000000e+00 0.000000000000000000e+00 0.000000000000000000e+00
