 0 1 2 3 4
abide 1.43862918226e-103 2.43258812381e-103 2.53261688767e-103 1.9840313168e-103 0.00284142381574
about 1.43862918226e-103 2.43258812381e-103 2.53261688767e-103 1.9840313168e-103 0.00284142381574
absence 0.00143862918226 2.43258812381e-103 7.35557026065e-100 2.00702895741e-103 2.84142381574e-103
absent 1.57384819282e-53 1.14924550503e-66 0.00506523377534 9.53645130772e-47 2.84327816191e-103
abundance 0.00143862918226 2.43258812381e-103 7.75041653937e-100 2.00702821532e-103 2.84142381574e-103
action 0.0043158873668 3.04319015404e-10 8.86963068621e-75 3.53589997801e-24 2.84533267587e-103
active 1.4386292343e-103 2.62703558621e-103 0.00253261688767 1.98871084605e-103 2.84142381574e-103
added 1.43901853982e-103 2.43318095208e-103 0.00253261688767 1.98874002323e-103 2.84142381574e-103
addition 0.00143862918226 2.43258812381e-103 2.53738536377e-103 1.9840313168e-103 2.84142381574e-103
admit 1.43862918226e-103 1.40886863025e-83 2.53261688767e-103 0.0019840313168 2.84142381574e-103
advantage 0.00143862918226 2.43258812381e-103 2.5336082158e-103 1.9840313168e-103 2.84142381574e-103
advised 0.00143862918226 2.43419255036e-103 2.53360799753e-103 1.9840313168e-103 2.84142381574e-103
affections 0.00143862918226 2.43265965611e-103 2.53360815351e-103 1.9840313168e-103 2.84142381574e-103
after 0.00287725836451 2.4328040868e-103 2.54002877175e-103 9.75297813395e-77 2.84142381574e-103
afterwards 1.43875709666e-103 2.43338577547e-103 0.00253261688767 1.18415398552e-98 2.84698760395e-103
against 1.43862918226e-103 1.78833844009e-06 2.5355443066e-103 0.00396660405561 2.84142381574e-103
age 1.43862918226e-103 2.43258812381e-103 2.53261688767e-103 1.9840313168e-103 0.00284142381574
air 1.43862918226e-103 2.43258812381e-103 2.53261688767e-103 1.9840313168e-103 0.00284142381574
alchemy 1.43862918226e-103 2.43258812381e-103 2.53261688767e-103 1.9840313168e-103 0.00568284763148
all 0.0067447972462 9.68412056808e-05 2.49076088211e-32 0.032283840081 2.84425298431e-103
allow 1.43862918226e-103 2.43258812381e-103 2.53261688767e-103 1.9840313168e-103 0.00284142381574
alone 0.00142795812078 6.44529503931e-97 0.00254660592448 5.380149272e-87 0.00568822920351
although 1.43862918226e-103 0.00486517624762 2.53261688767e-103 2.01878194302e-103 2.84142381574e-103
am 0.00373225383938 0.00220534501682 1.37234240938e-68 0.00297426842902 2.84142381574e-103
among 1.43965749911e-103 0.00243258812381 2.53261688767e-103 1.9840313168e-103 2.85944908741e-103
an 1.43862918226e-103 2.44107259712e-103 2.38328783228e-45 0.00595209395039 2.84142381574e-103
and 0.00291310400134 0.160460535379 0.00987141683649 0.00816326178818 2.90868003226e-103
annoy 1.43862918226e-103 2.43258812381e-103 2.53261688767e-103 1.9840313168e-103 0.00284142381574
another 1.43862918226e-103 2.43258812381e-103 2.53261688767e-103 1.9840313168e-103 0.00284142381574
appear 1.43862918226e-103 2.43258812381e-103 2.53261688767e-103 1.9840313168e-103 0.00284142381574
appetite 1.43862918226e-103 2.43324868873e-103 0.00253137784718 1.9840313168e-103 0.00284281393485
april 1.43862918226e-103 2.4331855662e-103 0.00253261688767 1.9840313168e-103 2.84142381574e-103
are 0.00991023245282 0.00749958924826 0.0026044654082 6.4211156818e-29 2.84153914284e-103
aright 1.43862918226e-103 2.43258812381e-103 2.53261688767e-103 1.9840313168e-103 0.00284142381574
array 1.43862918226e-103 2.43258812381e-103 2.53261688767e-103 1.9840313168e-103 0.00284142381574
art 0.00145217560674 3.38357831437e-59 2.25884169219e-19 0.0118611169985 0.00855919987229
as 1.44322660513e-103 0.0133052756151 0.00153863268534 0.0137352040307 2.84469528113e-103
assistance 0.00143862918226 9.51125327648e-22 3.21230629128e-33 5.20130512921e-38 2.84146477386e-103
assured 0.00143862918226 2.43259742868e-103 2.5374033082e-103 1.9840313168e-103 2.84142381574e-103
astronomy 1.43862918226e-103 2.43258812381e-103 2.53261688767e-103 1.9840313168e-103 0.00284142381574
attaint 0.00143862918226 2.43258812381e-103 2.5336082158e-103 1.9840313168e-103 2.84142381574e-103
audit 0.00143862918212 4.18457007855e-55 2.40064032743e-13 1.29731125646e-68 2.84705061568e-103
away 1.43862918226e-103 2.43258812381e-103 2.53261688767e-103 1.9840313168e-103 0.00568284763148
bad 1.43862918425e-103 1.63293069359e-55 0.00253261688767 1.9893701783e-103 2.84142390044e-103
bail 1.43862918226e-103 2.43291781517e-103 0.00253261688767 1.19822677705e-25 2.84142381574e-103
bare 1.4396445796e-103 0.00486517624762 2.53261688767e-103 4.70236935607e-65 2.84142381574e-103
bareness 0.00143862918226 2.43258812381e-103 2.5336082158e-103 1.9840313168e-103 2.84142381574e-103
barren 0.00287725836451 2.43258967597e-103 2.5444734781e-103 1.90251191406e-30 2.84142381574e-103
bars 1.43935080392e-103 2.43258812381e-103 3.53137233002e-33 0.0019840313168 2.84144136943e-103
base 1.43862918226e-103 2.44098171316e-103 9.37087968266e-33 0.0019840313168 2.84142381574e-103
bastard 0.00143869637925 2.43928916527e-103 2.53360760965e-103 0.00198393864459 2.84142381574e-103
be 0.00749753963128 3.34993284607e-103 0.0146587197671 4.83693059808e-13 0.00568409904793
bear 1.44028526709e-103 2.45639222399e-103 6.75174576144e-33 0.0019840313168 2.84142381574e-103
bearer 1.43862918226e-103 3.10312655149e-74 2.41424877672e-87 1.9840313168e-103 0.00284142381574
bearing 1.43862918226e-103 2.43258812381e-103 2.53261688767e-103 1.9840313168e-103 0.00284142381574
beauties 1.51825841647e-79 2.72645563171e-70 2.53261688767e-103 1.9840313168e-103 0.00284142381574
beauty 0.00288456702157 0.00232487516933 2.43091084929e-18 0.002061803094 2.8593583205e-103
beautys 0.00863177509354 2.43661761908e-103 7.20476194375e-94 1.14486998033e-55 2.84142381574e-103
been 0.00143862918226 2.43258812381e-103 2.53738536377e-103 1.9840313168e-103 2.84142381574e-103
before 1.43862918226e-103 9.22379716605e-89 2.56581568118e-103 1.9840313168e-103 0.00852427144721
beggar 0.00143862918226 2.43258812381e-103 2.5336082158e-103 1.9840313168e-103 2.84142381574e-103
beguile 0.00143862916715 7.02164456247e-91 2.65961468715e-11 6.5068715875e-78 2.84162569916e-103
beguiled 1.43862918226e-103 2.43258812381e-103 2.53261688767e-103 1.9840313168e-103 0.00284142381574
behold 0.00287725836451 1.14059041164e-96 1.6668446139e-83 4.42021197485e-102 7.91407336916e-21
being 1.43862918226e-103 0.00222662151757 2.53820243112e-103 0.00215201873439 0.00284142381574
believe 1.43862918226e-103 3.69706899278e-101 2.58005836828e-103 0.0019840313168 2.84142381574e-103
bell 1.43862918226e-103 2.43258812381e-103 2.53261688767e-103 1.9840313168e-103 0.00284142381574
beloved 0.00143862918226 2.43689683586e-103 1.73102973855e-60 2.00146580047e-103 4.81738375491e-77
bends 1.44047752453e-103 0.00243258812381 2.53261688767e-103 3.84393682082e-33 2.84225296383e-103
benefit 1.45853614424e-103 2.43320453815e-103 0.00253261688767 4.41107736086e-72 2.84378481854e-103
bent 1.43862918226e-103 2.44376495708e-103 4.16024839169e-34 0.0019840313168 2.84142381574e-103
beside 1.43862918226e-103 2.43318554492e-103 0.00253261688767 1.9840313168e-103 0.00284142381574
besmeared 1.43862918226e-103 2.89873145216e-49 0.00253261688767 1.9840313168e-103 2.84509990347e-103
best 1.15812051114e-60 2.45356786469e-103 0.00506523377534 4.65717906419e-37 2.84731835475e-103
better 0.00122793701865 2.43258846916e-103 1.20727886944e-55 0.00227459948819 2.84142381574e-103
beweep 1.43862918309e-103 3.4617291395e-51 0.00253261688767 2.00716513167e-103 2.84142391021e-103
beyond 1.43862918226e-103 0.00243258812381 2.53261688767e-103 2.00180824271e-103 2.84142381574e-103
birds 0.00143862918226 2.4327295868e-103 2.54106663511e-103 1.9840313168e-103 2.84142381574e-103
black 1.43868689471e-103 0.00243258812381 2.53261688767e-103 1.9840313168e-103 2.84243013353e-103
blessed 0.00143862918226 1.50756361212e-65 3.88957090869e-101 9.48741463379e-83 0.00284142381574
blessing 1.43862918226e-103 2.4331855662e-103 0.00253261688767 1.9840313168e-103 2.84142381574e-103
blind 0.00143862918226 2.43486588836e-103 1.66516527696e-92 1.9840313168e-103 2.84142381574e-103
blood 1.43862918226e-103 2.43258812381e-103 2.53261688767e-103 1.9840313168e-103 0.00284142381574
bloody 1.43862918226e-103 2.43315660385e-103 0.00253261688767 1.62739743061e-102 2.84142381574e-103
blunter 5.61035225663e-29 2.43267224495e-103 0.00253261688767 2.00446544392e-103 2.84142381574e-103
blunting 1.44145853696e-103 0.00243258812381 2.53261688767e-103 3.95562907656e-33 2.84142690037e-103
boast 1.43862918226e-103 2.43258812381e-103 2.53261688767e-103 1.9840313168e-103 0.00284142381574
bodys 0.00143862918226 2.44006910871e-103 6.80180067364e-74 0.0019840313168 2.84142381574e-103
bonds 0.000399236680033 2.43311765449e-103 0.00436240251729 6.22043659403e-23 2.8414238273e-103
bones 1.44575871077e-103 8.3599153745e-98 0.00253261688767 2.02844985798e-103 2.84142381574e-103
book 1.43980943832e-103 2.44138668208e-103 0.00253261688767 1.97606693461e-102 0.00284142381574
boot 1.4504931259e-103 2.28029788574e-78 1.16844923562e-94 1.98626840737e-103 0.00284142381574
bore 0.00143862918226 6.22386336299e-98 1.96320604456e-24 4.40545576067e-103 2.84193184557e-103
born 1.45369779244e-103 2.43323024361e-103 0.00253042471207 2.36913982722e-73 0.0028438832876
borne 0.00143862918226 2.43441287305e-103 2.5341058884e-103 1.9840313168e-103 2.84142381574e-103
both 1.43902315955e-103 7.87481562609e-32 2.53261688767e-103 0.0019840313168 2.84223987281e-103
bound 1.43862918226e-103 0.00486517624762 2.53261688767e-103 1.98874580917e-103 2.84142381574e-103
brains 0.00143862918226 2.43258812381e-103 2.53738536377e-103 1.9840313168e-103 2.84142381574e-103
brand 1.43862918226e-103 2.43258812381e-103 2.53261688767e-103 1.9840313168e-103 0.00284142381574
brass 0.0011885340594 2.43774054413e-103 2.66637894446e-99 0.00232894059713 2.84155956032e-103
brave 0.00143862918226 2.43635774625e-103 1.19025229071e-42 2.00820669986e-103 2.84142381574e-103
bravry 0.00143862918226 2.35398069885e-82 1.46995292697e-44 6.94364490571e-52 2.84650850501e-103
breast 1.43862918226e-103 2.43328672132e-103 0.00253261688767 4.23971041033e-89 2.84142381574e-103
breathe 1.43885372056e-103 3.2512169477e-54 0.00253261688767 1.99116033635e-103 2.84679515914e-103
breathed 1.43862918226e-103 0.00243258812381 2.53261688767e-103 2.00381931479e-103 2.84142381574e-103
breeds 1.43862918226e-103 2.43258812381e-103 2.53261688767e-103 1.9840313168e-103 0.00284142381574
bright 9.42318373239e-81 2.62431505299e-75 0.00506523377534 1.57738839398e-39 2.84225990366e-103
brightness 1.43862918226e-103 2.43779169716e-103 1.86660519263e-27 0.0019840313168 2.84142381574e-103
bring 0.00143862918226 2.43258812381e-103 2.55156967864e-103 2.00653522715e-103 2.84142381574e-103
broke 0.00143862918226 4.11724948833e-77 2.53261688767e-103 1.9840313168e-103 2.84142381574e-103
brood 1.43862918226e-103 2.43258812381e-103 2.53261688767e-103 1.9840313168e-103 0.00284142381574
brow 1.43862918226e-103 2.43258812381e-103 2.53261688767e-103 1.9840313168e-103 0.00568284763148
bud 1.43862918226e-103 2.43258812381e-103 2.53261688767e-103 1.9840313168e-103 0.00284142381574
built 1.43862918226e-103 5.94662461596e-65 1.84967091985e-45 1.9840313168e-103 0.00284142381574
buried 0.00143862918226 2.43258812381e-103 2.5336082158e-103 1.9840313168e-103 0.00284142381574
burn 0.00144729703321 0.00241793159415 2.53967473929e-103 1.34947471425e-27 2.84191146461e-103
burning 1.43897128285e-103 2.43316966957e-103 0.00253261688767 2.02814319255e-103 2.84142381574e-103
burthen 1.43862918226e-103 1.98765303709e-75 0.00253261688767 1.9840313168e-103 2.84587115135e-103
but 5.22469075884e-24 0.0221747813394 0.00983740444411 1.96484118088e-29 2.85380178978e-103
by 0.00430288647201 0.00687901329947 0.00801325385457 0.00832645109473 0.00233117312794
call 0.00143862918226 2.43258812381e-103 4.15421558734e-86 1.70115374754e-100 2.84142381574e-103
called 1.43862918226e-103 0.00243258812381 2.53261688767e-103 1.99700317686e-103 2.84142381574e-103
came 1.43862918226e-103 2.48822342964e-82 2.53261688767e-103 0.0019840313168 2.84142381574e-103
can 0.00143328292109 1.64095561419e-37 0.00504815307885 0.00200478528943 2.84409065303e-103
canker 0.00287725836451 2.62071583318e-103 6.2203202998e-71 2.02984503751e-83 2.84165212557e-103
carry 1.43989608212e-103 2.43316747442e-103 0.00253261688767 2.00316382733e-103 2.84142381574e-103
censures 0.00143862918226 2.45381521295e-103 2.53729708697e-103 1.9840313168e-103 2.84142381574e-103
change 1.43862918226e-103 4.08817159776e-51 0.00223557835361 1.9840313168e-103 0.00317468083892
charactered 1.4402640808e-103 0.00243258812381 2.53261688767e-103 4.93497622781e-37 2.84144047907e-103
child 1.45343370184e-103 2.43258812381e-103 5.88030107023e-30 0.00198403130504 0.00284142383258
choirs 0.00143862918226 2.43258812381e-103 5.61010892679e-101 2.00702820543e-103 2.84142381574e-103
churl 0.00143862918226 2.43258812381e-103 8.43943671319e-99 1.1689955298e-74 2.84142381574e-103
clearer 1.43862918226e-103 2.43258812381e-103 2.53261688767e-103 1.9840313168e-103 0.00284142381574
cloak 1.43862918226e-103 2.43258812381e-103 2.53261688767e-103 1.9840313168e-103 0.00284142381574
cold 0.00144044183046 0.00242952310431 2.33650848361e-100 2.58082589226e-45 2.85931542527e-103
coloured 0.00143862918226 2.43258812381e-103 2.53738536377e-103 1.9840313168e-103 2.84142381574e-103
come 1.43862918226e-103 2.43258812381e-103 2.53261688767e-103 1.9840313168e-103 0.00284142381574
comfort 0.00157516994942 2.67494337424e-74 0.00229224538886 1.98667614845e-103 2.02307545494e-68
commend 1.43862918226e-103 2.43258812381e-103 2.53261688767e-103 1.9840313168e-103 0.00284142381574
comment 0.00143862914929 2.43353798285e-103 1.19347699847e-92 2.01050973975e-103 0.00284142388085
comments 2.16256073796e-100 4.33316342756e-13 2.53261688767e-103 0.00198403131644 2.84173100056e-103
compiled 1.43862918226e-103 2.43258812381e-103 2.53261688767e-103 1.9840313168e-103 0.00284142381574
compounds 0.00287725836451 2.43308875076e-103 2.54581295828e-103 1.99453385112e-103 2.84142381574e-103
concord 1.43862918226e-103 5.14722737596e-61 2.24466687695e-45 1.9840313168e-103 0.00284142381574
confined 0.00143862918226 2.43352300391e-103 2.53753693652e-103 1.9840313168e-103 2.84142381574e-103
confounds 1.43862918226e-103 2.43258812381e-103 2.53261688767e-103 1.9840313168e-103 0.00284142381574
conquest 0.00143862918226 2.44358442462e-103 3.93378197461e-72 2.18184667696e-64 2.84144666228e-103
conscience 1.44071773735e-103 2.453105397e-103 0.00253261688767 1.10902649e-72 2.84142504965e-103
consumst 1.43864305189e-103 1.23976408272e-46 1.31632324585e-35 0.0019840313168 2.8414582434e-103
contend 1.43862918226e-103 2.43258812381e-103 2.53261688767e-103 1.9840313168e-103 0.00284142381574
control 1.43862918226e-103 2.44017915517e-103 0.00253261688767 1.9840313168e-103 2.84142381574e-103
convertest 1.43862918226e-103 2.43258812381e-103 2.53261688767e-103 1.9840313168e-103 0.00284142381574
coral 1.43862918226e-103 0.00243258812381 2.53261688767e-103 1.42875346664e-99 2.84142381574e-103
correspondence 2.41629174788e-97 4.80928445579e-43 0.00253261688767 2.00669312326e-103 2.84497580804e-103
cost 4.15211645418e-74 2.45422586802e-103 0.00253261688767 2.18162453428e-103 2.84142381574e-103
costly 0.00143862918226 2.43592731944e-103 2.70111255015e-103 1.9840313168e-103 2.84142381574e-103
could 1.43862918226e-103 2.44582187947e-103 0.00253261688767 1.9840313168e-103 2.8415032652e-103
cover 1.43862918226e-103 2.43258812381e-103 2.53261688767e-103 1.9840313168e-103 0.00284142381574
creatures 1.43862918226e-103 0.00243258812381 2.53261688767e-103 1.9840313168e-103 2.84142381574e-103
cross 1.43862918226e-103 2.43258812381e-103 2.53261688767e-103 1.9840313168e-103 0.00284142381574
crow 1.43862918226e-103 0.00243258812381 2.53261688767e-103 2.00128613994e-103 2.84142381574e-103
cruel 1.43862918226e-103 3.47871055647e-66 0.00253053922615 1.9840313168e-103 0.00284375481058
crushed 1.43862918226e-103 0.00243258812381 2.53261688767e-103 1.9840313168e-103 2.84142381574e-103
curls 1.43863290547e-103 2.43258812381e-103 0.00253261688767 1.12553925383e-61 2.84142381574e-103
curse 1.43862918391e-103 2.43788006466e-103 9.15179987458e-24 0.0019840313168 2.84142383458e-103
dark 0.00143862918226 2.43262512645e-103 2.53927738499e-103 1.9840313168e-103 2.84142381574e-103
darkening 1.43862918226e-103 0.00243258812381 2.53261688767e-103 1.98837390784e-103 2.84142381574e-103
darkly 1.23896994661e-82 2.43258812381e-103 2.53350815548e-103 0.0019840313168 2.84142381574e-103
date 0.00143861874647 2.43259214758e-103 4.82026868717e-94 2.0076886861e-103 0.0056828682431
day 0.00143383416002 5.94174950064e-83 0.00498964395593 0.00204155203982 0.00853617057609
days 1.43865488547e-103 2.43318220445e-103 0.00253261688767 1.96793182833e-101 2.84251814204e-103
dead 1.43862918226e-103 5.00600492475e-56 0.00239056943154 1.9840313168e-103 0.00300079139588
dear 0.00431588754677 2.4336396259e-103 2.54394528904e-103 1.99163880386e-103 2.84142381574e-103
dearer 1.43862918226e-103 2.43258812381e-103 2.53261688767e-103 1.9840313168e-103 0.00284142381574
dearly 1.43862918226e-103 2.43258812381e-103 2.53261688767e-103 1.9840313168e-103 0.00284142381574
dearths 0.00143862918226 2.43419688653e-103 3.05639032206e-28 2.33098204629e-72 2.877392274e-103
death 1.43862918226e-103 2.44090214824e-103 0.00506523377534 1.54995725554e-40 2.84142381574e-103
debarred 5.20607542495e-71 4.25325461416e-81 0.00253261688767 4.77546526023e-18 2.84142381574e-103
debt 1.43862918226e-103 2.43258812381e-103 2.53261688767e-103 1.9840313168e-103 0.00284142381574
deceased 0.00143862918226 2.43351699438e-103 2.54168984317e-103 1.9840313168e-103 2.84142381574e-103
deceived 1.43862918226e-103 2.43837421897e-103 2.0879390556e-64 0.0019840313168 2.84142381574e-103
decembers 1.43862918226e-103 2.43258812381e-103 0.00253261688767 9.06662618428e-19 2.84142381574e-103
deeds 1.43934182357e-103 2.43328868397e-103 0.0050633910324 2.02153473903e-103 0.00284349124793
deep 0.00287725836451 2.43258812381e-103 2.34389697821e-99 1.12829556141e-88 2.84142381574e-103
defects 1.43862918226e-103 2.43258812381e-103 2.53261688767e-103 1.9840313168e-103 0.00284142381574
defence 1.43862918226e-103 2.43258812381e-103 2.53261688767e-103 1.9840313168e-103 0.00284142381574
delights 1.43863100046e-103 2.43419491563e-103 0.00253261688767 1.99561412489e-103 2.85870022416e-103
departest 1.43862918226e-103 2.43258812381e-103 2.53261688767e-103 1.9840313168e-103 0.00284142381574
depends 0.00143862918226 2.43266388289e-103 4.2211644216e-97 2.00860067777e-103 2.84206267446e-103
descriptions 0.00143862918226 2.4325881776e-103 9.87765888847e-73 2.65999847757e-88 2.84142381602e-103
desert 1.43862918226e-103 2.4331855662e-103 0.00253261688767 1.9840313168e-103 2.84142381574e-103
deserts 0.00143862918226 2.43258812381e-103 2.5336082158e-103 1.9840313168e-103 0.00284142381574
desire 1.43862918226e-103 2.43258812381e-103 2.53261688767e-103 1.9840313168e-103 0.00284142381574
despite 0.00143862918226 2.48432477455e-103 3.71095114927e-24 1.38426294116e-28 2.84175718846e-103
determinate 1.43862918226e-103 2.43258812381e-103 2.53261688767e-103 1.9840313168e-103 0.00284142381574
devour 1.43862918226e-103 1.30423442046e-91 1.43613786252e-30 0.0019840313168 2.84142381574e-103
dial 2.9364887753e-28 0.00243258812381 2.53261688767e-103 1.9840313168e-103 2.85944908741e-103
dians 0.00143862918226 3.62454865641e-47 6.53199722042e-44 1.13648904475e-54 2.84142381574e-103
did 0.00143862918226 2.43276082645e-103 2.5373846393e-103 1.9840313168e-103 2.84142381574e-103
die 1.43862918226e-103 2.43258812381e-103 2.53261688767e-103 1.9840313168e-103 0.00284142381574
died 1.49603737923e-103 0.00243258812381 2.54080003949e-103 7.55337949052e-84 2.85831814025e-103
dig 1.43862918226e-103 2.43862848327e-103 2.53690351443e-103 0.0019840313168 2.84142381574e-103
dignified 1.43862918226e-103 2.43258812381e-103 2.53261688767e-103 1.9840313168e-103 0.00284142381574
directed 1.43862918226e-103 2.43258812381e-103 2.53261688767e-103 1.9840313168e-103 0.00284142381574
disdain 1.43862918226e-103 2.43258812381e-103 2.53261688767e-103 1.9840313168e-103 0.00568284763148
disease 1.43862918226e-103 2.43258812381e-103 2.53261688767e-103 1.9840313168e-103 0.00284142381574
disperse 1.43862918226e-103 2.43258812381e-103 2.53261688767e-103 1.9840313168e-103 0.00284142381574
distance 1.43864192954e-103 5.86483634785e-36 2.53261688767e-103 0.0019840313168 2.84164602992e-103
distilled 1.43862918226e-103 0.00243258812381 2.53261688767e-103 2.00906166321e-103 0.00284142381574
divide 0.00143862918226 1.58744195267e-34 4.33586579232e-24 7.70784636405e-49 2.84143727019e-103
do 0.0103691561644 0.00781922593935 0.00372096981216 0.00418382885657 2.84448089407e-103
doom 1.43862918226e-103 2.43258812381e-103 2.53261688767e-103 1.9840313168e-103 0.00284142381574
dost 0.0040933905034 9.95046574406e-32 1.74284987815e-91 0.00427491106082 2.85164699836e-103
dote 1.43862918226e-103 2.43258812381e-103 2.53261688767e-103 1.9840313168e-103 0.00284142381574
doth 0.0172635501871 2.43293969606e-103 6.25953232383e-64 3.12036909256e-70 2.84143099529e-103
dreaming 1.43862918226e-103 2.43318078789e-103 0.00253261688767 1.9840313168e-103 2.84142381574e-103
dressed 0.00143862918226 2.43258812381e-103 4.96962826596e-70 6.14248092365e-57 2.85337209456e-103
dressings 0.00143862918226 2.0719651273e-86 1.08873518307e-75 4.72045945138e-46 2.84144422695e-103
drink 1.43862918226e-103 0.00243258812381 2.53261688767e-103 1.98848541886e-103 2.84142381574e-103
drop 4.76456422359e-48 3.02874187832e-56 1.92046241566e-23 1.53952688766e-69 0.00284142381574
dull 0.00143862918226 2.43279818062e-103 2.54850629679e-103 1.9840313168e-103 2.84142381574e-103
durst 1.43862918226e-103 2.43863173321e-103 2.53261688767e-103 0.0019840313168 2.84142381574e-103
dust 1.43862918226e-103 2.43303480687e-103 0.00253261688767 1.2279767829e-58 2.84142381574e-103
duty 1.43862918226e-103 3.01911037146e-90 0.00506523377534 1.98638041161e-103 2.87466843354e-103
dwell 1.43862918226e-103 2.43258812381e-103 2.53261688767e-103 1.9840313168e-103 0.00568284763148
dyed 1.43862918226e-103 2.43258812381e-103 2.53261688767e-103 1.9840313168e-103 0.00284142381574
each 1.03692247795e-36 0.00241266074735 0.00453956840718 0.00241208612892 2.84142381574e-103
eager 1.43862918226e-103 2.43849563119e-103 2.77090947843e-81 0.0019840313168 2.84142381574e-103
ear 0.00143862918226 2.43259773391e-103 2.5374702599e-103 1.9840313168e-103 2.84142381574e-103
earth 1.43883135174e-103 3.05366636434e-70 0.00506501538787 4.54726916371e-37 0.00284166883161
edge 1.43862918226e-103 9.49856130102e-89 1.65453995887e-57 0.0019840313168 2.84142381574e-103
effectually 1.43864548945e-103 2.43929151888e-103 2.53261688767e-103 0.0019840313168 2.84142867079e-103
else 1.43862918226e-103 0.00243258812381 2.53261688767e-103 1.1995182986e-46 2.84142381574e-103
enclose 1.43862918226e-103 2.43258812381e-103 2.53261688767e-103 1.9840313168e-103 0.00284142381574
end 1.43862918226e-103 2.43258812381e-103 2.53261688767e-103 1.9840313168e-103 0.00568284763148
enough 0.00143862918226 2.75975153429e-41 4.26310017654e-84 1.99528682924e-103 2.85353762211e-103
equal 0.00143862918226 2.43547926935e-103 2.45069002263e-65 1.9840313168e-103 2.84142381574e-103
ere 1.43862918226e-103 0.00486517624762 2.53261688767e-103 1.9840313168e-103 2.84142381574e-103
errors 0.00143862918226 2.43258812381e-103 2.5336082158e-103 1.9840313168e-103 2.84142381574e-103
estimate 1.43862918226e-103 2.43258812381e-103 2.53261688767e-103 1.9840313168e-103 0.00284142381574
eternal 0.00143862918226 2.43270510569e-103 4.43189688281e-86 2.00770509861e-103 2.84142381574e-103
eternity 1.43862918226e-103 2.43258812381e-103 2.53261688767e-103 1.9840313168e-103 0.00284142381574
even 0.00142091269307 0.00243488068276 0.00256141883148 2.15552425995e-70 2.84313047474e-103
ever 0.00287725836451 2.45461563368e-103 2.53691669076e-103 2.31193377512e-87 2.84158193765e-103
every 0.00572963139509 4.80543887194e-98 7.14016400609e-50 0.00598641362253 2.84142381574e-103
everywhere 1.43862918226e-103 2.43258812381e-103 2.53261688767e-103 1.9840313168e-103 0.00284142381574
evident 1.43862918226e-103 2.43258812381e-103 2.53261688767e-103 1.9840313168e-103 0.00284142381574
example 0.00143862918226 2.43258812381e-103 2.66287962247e-96 7.93921633788e-89 2.84142381574e-103
excel 1.43862918226e-103 2.43258812381e-103 2.53261688767e-103 1.9840313168e-103 0.00284142381574
expiate 1.43862918226e-103 2.43258812381e-103 2.53261688767e-103 1.9840313168e-103 0.00284142381574
expired 1.43862918226e-103 2.43258812381e-103 2.53261688767e-103 1.9840313168e-103 0.00284142381574
express 1.43862918226e-103 2.46084491028e-103 0.00253261688767 1.9840313168e-103 2.84142502991e-103
extern 3.36787315228e-21 1.99982781245e-60 0.00253261688767 8.17013371938e-96 2.84193141707e-103
extreme 1.43862918226e-103 2.43863173321e-103 2.53261688767e-103 0.0019840313168 2.84142381574e-103
eye 0.00129129415596 1.37393845932e-93 0.00785540796002 8.76110895411e-92 0.00568488598135
eyed 1.43862918226e-103 2.43258812381e-103 2.53261688767e-103 1.9840313168e-103 0.00284142381574
eyelids 1.43862918226e-103 1.17175564095e-76 0.00253261688767 1.9840313168e-103 4.3447077244e-24
face 1.43862995331e-103 0.00243257661728 2.53261688767e-103 2.38462757226e-39 0.00284143725612
fair 7.67235452151e-35 2.47243540233e-103 0.0126597488418 1.67170866393e-82 0.00284516612807
fairest 0.00147195930886 1.93233414152e-77 1.82333455835e-60 1.99936595959e-103 0.00277559377651
fairly 1.43862918226e-103 2.43334389545e-103 1.43626028218e-52 0.0019840313168 2.84142381574e-103
faith 1.43862918226e-103 2.43258812381e-103 0.00253261688767 1.88137439398e-19 2.84142381574e-103
false 0.00143806606363 2.43370226049e-103 0.00253360822287 1.23271310616e-35 2.84142381574e-103
falsehood 8.30169013408e-45 4.56956011451e-56 0.00253261688767 6.89887927735e-84 2.84306357684e-103
falsely 1.43862918226e-103 3.02094352732e-79 2.55637458951e-103 1.9840313168e-103 0.00284142381574
fame 1.43862918226e-103 2.43258812381e-103 2.53261688767e-103 1.9840313168e-103 0.00284142381574
far 1.4406592425e-103 4.04294484836e-05 8.25848870995e-58 0.00988718211899 2.84173913074e-103
fashion 1.43862918226e-103 2.43258812381e-103 2.53261688767e-103 1.9840313168e-103 0.00284142381574
fate 1.43862918226e-103 2.43258812381e-103 2.53261688767e-103 1.9840313168e-103 0.00284142381574
faults 0.00143592347007 1.13036264587e-95 0.00253738012511 1.5198768454e-101 2.84156376637e-103
fear 2.52530937286e-67 2.13395931523e-67 0.00253261688767 1.98999453188e-103 2.84406690279e-103
feathered 1.45182811453e-103 2.15700260283e-80 2.53261688767e-103 1.9840313168e-103 0.00284142381574
feel 1.43862918226e-103 2.43258812381e-103 2.53261688767e-103 1.9840313168e-103 0.00284142381574
feeling 0.00143862918226 2.43258812381e-103 2.54901572137e-103 2.00368192506e-103 2.84142381574e-103
few 1.44203163902e-103 2.43344024825e-103 4.22246770335e-47 0.0019840313168 2.84145557992e-103
field 1.43862918226e-103 2.43258812381e-103 2.53261688767e-103 1.9840313168e-103 0.00284142381574
figured 1.43901315976e-103 2.44998886193e-103 0.00253261688767 3.50617983474e-72 2.8460409821e-103
filed 1.43862918226e-103 2.43258812381e-103 2.53261688767e-103 1.9840313168e-103 0.00284142381574
filled 0.00143862918226 2.43258812381e-103 6.36895369245e-24 1.27450515537e-32 2.8434595997e-103
find 1.43862918226e-103 1.50947422238e-96 0.00253261688767 1.9840313168e-103 2.84142381574e-103
fine 0.00143862918226 2.43258812381e-103 9.01561693421e-89 2.02289029444e-103 2.84142381574e-103
first 1.43862918226e-103 1.81745500954e-89 0.00253261688767 9.85009077525e-70 2.84142381574e-103
flame 1.43876118087e-103 2.44844593499e-103 0.00506523377534 1.84113114442e-36 2.84205698997e-103
flatter 1.43862918226e-103 0.00243258812381 2.53261688767e-103 2.01638097451e-103 2.84142381574e-103
flattery 1.43862918226e-103 2.43258812381e-103 2.53261688767e-103 1.9840313168e-103 0.00284142381574
fleeting 0.00143862918226 2.43308698345e-103 2.5557921145e-103 1.9840313168e-103 2.84142381574e-103
flies 0.00143862918226 3.53390737088e-55 1.52092036918e-57 2.69505513866e-45 2.84398909125e-103
flower 1.43862918226e-103 2.43258812381e-103 2.53261688767e-103 1.9840313168e-103 0.00284142381574
flowers 0.00144451256517 0.00199539191215 1.05267796766e-43 0.00233249693713 2.84145897011e-103
foes 0.00143862918226 2.43351450147e-103 2.53734907599e-103 1.9840313168e-103 2.84142381574e-103
follows 0.00143862918226 2.43258812774e-103 2.29416293123e-95 2.00698811691e-103 2.84142381574e-103
for 0.00145819424748 0.0534808869414 0.00253570805407 1.10506772428e-15 1.26432046658e-32
force 1.43862918226e-103 2.43258812381e-103 2.53261688767e-103 1.9840313168e-103 0.00284142381574
forests 1.43862918226e-103 2.43320365235e-103 0.00253261688767 5.94831321448e-70 2.84142381574e-103
forfeit 5.46583776958e-40 0.00243258812381 1.14167941375e-23 6.88014784168e-34 2.84143846776e-103
forgotten 1.43862918226e-103 2.43258812381e-103 2.53261688767e-103 1.9840313168e-103 0.00284142381574
form 0.00143582871405 7.94385043439e-55 0.00253754693717 1.9840313168e-103 2.84309359691e-103
former 0.00431588754677 2.43481386534e-103 1.43937014341e-100 1.9840313168e-103 2.84142381574e-103
forsworn 1.43862918226e-103 2.45415735096e-103 0.00253246722009 1.9840313168e-103 0.00568301554831
forth 0.00118855308058 2.66188665379e-59 1.03801583406e-43 0.00232891436479 2.84231540469e-103
fortunes 1.43862918226e-103 0.00243258812381 1.98639850793e-54 1.8399878788e-36 2.84142381574e-103
forwards 1.44404039496e-103 2.43306458012e-103 0.00253261688767 1.80625891519e-60 2.84323932649e-103
foul 1.43862918226e-103 3.06709846524e-50 0.00253261688767 1.9840313168e-103 2.849224691e-103
found 1.442739443e-103 2.91290903714e-103 2.53690351443e-103 0.0019840313168 0.00852427144721
fountain 0.00143862918226 2.43258812381e-103 1.56471733674e-75 6.86923369412e-66 2.84147158307e-103
fountains 0.00143862918226 2.43258812381e-103 2.53738536377e-103 1.9840313168e-103 2.84142381574e-103
fragrant 0.00143862918226 2.43309611992e-103 2.56399683064e-103 1.9840313168e-103 2.84142381574e-103
frank 1.43862918226e-103 2.4380091817e-103 2.0071206555e-21 0.0019840313168 2.84142381574e-103
free 1.43862918226e-103 2.43258812381e-103 2.53261688767e-103 1.9840313168e-103 0.00284142381574
freedom 0.00143862918226 2.43886975979e-89 1.86374689491e-15 3.25919100043e-92 2.84632580188e-103
friend 1.44690860161e-103 2.43725336287e-103 0.00498243796579 2.10818547362e-31 0.0029343150802
friends 0.00143862918226 2.43294221871e-103 4.81567438615e-83 1.3722504951e-72 2.84154449903e-103
from 1.43893555882e-103 0.00698554706534 0.00317192972558 0.0176100954445 4.0318465318e-80
frown 0.00143862918226 2.43258812381e-103 2.38180413141e-76 7.56553044595e-71 2.84142381574e-103
fulfil 1.43862918226e-103 2.43258812381e-103 2.53261688767e-103 1.9840313168e-103 0.00284142381574
full 0.00143862918226 0.00243258812381 2.64601269097e-28 7.32856433004e-70 2.84142381574e-103
gathered 1.43862918226e-103 2.43258812381e-103 2.53261688767e-103 1.9840313168e-103 0.00284142381574
gay 1.43862918226e-103 2.43258812381e-103 2.53261688767e-103 1.9840313168e-103 0.00284142381574
gaze 4.16254047528e-46 2.43258812381e-103 0.00253261688767 3.04898417825e-103 2.84142381574e-103
gentle 0.00287725836451 2.45169698459e-103 1.92789157441e-101 1.9840313168e-103 2.84142381574e-103
gilding 1.43862918226e-103 0.00243258812381 2.53261688767e-103 1.9840313168e-103 2.84142381574e-103
give 1.43862918226e-103 1.26244533464e-51 0.00253261688767 1.9840313168e-103 0.00568284763148
gives 0.00143556760179 1.18635214017e-98 0.002538006609 1.18376859249e-30 2.84142381659e-103
go 0.00143862918226 2.4339610711e-103 2.68718973234e-103 1.9840313168e-103 2.84142381574e-103
goddess 0.00143862918226 2.43258812381e-103 1.20379394281e-92 2.00688335142e-103 2.84142381574e-103
good 0.00140754063931 2.43410339656e-103 0.00258734632723 1.9840313168e-103 2.84142381574e-103
governs 0.0014386291607 2.43372379786e-103 4.77885779672e-82 2.97323265099e-11 2.84142381574e-103
grace 0.0014816534077 5.52642826886e-93 0.00259312264272 0.00187554952567 0.00284392554169
graces 3.266369845e-97 3.53801036344e-61 4.55914889873e-42 1.99592097899e-103 0.00284142381574
great 1.43862918226e-103 2.43317991732e-103 0.00253261688767 1.99000312354e-103 2.84142381574e-103
green 1.43862918226e-103 2.44914593429e-103 0.00253261688767 9.17841955297e-52 2.84142381574e-103
grew 1.43862918226e-103 2.43258812381e-103 2.53261688767e-103 1.9840313168e-103 0.00568284763148
ground 1.43862918226e-103 2.43258812381e-103 2.53261688767e-103 1.9840313168e-103 0.00568284763148
grounded 0.00287725836451 2.43258812381e-103 7.45385070641e-99 3.22690263606e-65 2.84142381574e-103
grow 4.91352265906e-91 2.43258812381e-103 2.53261688767e-103 0.0019840313168 2.84142381574e-103
guilty 1.45269863977e-103 2.42268067395e-34 8.83066400395e-46 0.00396806263359 2.84184636494e-103
had 1.4403062113e-103 0.00243258812381 4.07838437834e-83 7.79736815677e-97 2.8417857368e-103
hadst 0.00143863832758 2.44044057322e-103 2.54858001778e-103 0.00198401870437 2.84142381574e-103
hairs 1.44247786719e-103 2.43977493243e-103 2.53573107647e-103 0.0019840313168 2.84142381574e-103
half 1.43862918226e-103 2.43317919719e-103 0.00253261688767 6.51801102865e-63 2.84142381574e-103
hammered 0.00143862918226 2.43308300528e-103 2.53796688305e-103 1.9840313168e-103 2.84142381574e-103
hand 1.43862918226e-103 4.05591539495e-102 2.53261688767e-103 1.9840313168e-103 0.00568284763148
hands 1.48006097537e-70 2.67101279314e-80 6.81116963308e-81 0.0019840313168 2.84142381574e-103
hang 1.43862918226e-103 2.43258812381e-103 2.53261688767e-103 1.9840313168e-103 0.00284142381574
harmful 0.00143862918226 2.43350096366e-103 2.9817131924e-101 1.9840313168e-103 2.84142381574e-103
hast 1.43988532287e-103 0.00486517624762 2.53272411973e-103 2.00542232644e-103 2.84995532215e-103
hasten 1.43862918226e-103 2.65909254911e-50 0.00253261688767 1.9840313168e-103 2.84466907147e-103
hate 1.43862918226e-103 0.0024331833234 0.00253199721328 3.64487642791e-60 0.00284142381574
hath 1.43874901557e-103 2.83456272221e-69 2.05975808894e-20 0.00992015658398 2.84142381574e-103
have 0.00431389131732 0.00248586999195 0.00254104882859 0.00193672186392 2.84757390727e-103
having 1.18374224771e-69 0.00243258812381 2.53261688767e-103 1.9840313168e-103 2.85944908741e-103
hawks 1.44894777592e-103 9.31383210168e-80 2.54481363274e-103 1.98414448192e-103 0.00284142381574
head 0.00143860794802 2.43258812381e-103 1.40181690972e-68 3.83446958915e-62 0.00284146575529
hear 1.43882061274e-103 2.45979992406e-103 0.00253261688767 1.98533167591e-103 2.84142381574e-103
heart 2.88611530159e-67 4.72362176287e-08 0.0117951094581 0.00265785611446 0.0142158568393
hearts 3.36301787489e-96 2.43269999949e-103 1.61253990542e-34 0.0019840313168 2.84142381574e-103
heavenly 0.00143862918226 2.43364892632e-103 2.53742781226e-103 1.9840313168e-103 2.84142381574e-103
heavens 1.43862918226e-103 2.43281910985e-103 4.64157442679e-34 0.0019840313168 2.84142381574e-103
heavy 0.00287725836451 2.43258812381e-103 9.07494277441e-102 2.6065761516e-27 2.84142381574e-103
heir 0.00143862918226 2.43258812381e-103 6.71722746952e-78 1.01638558394e-45 2.84142381574e-103
held 1.43862918226e-103 2.43258812381e-103 2.53261688767e-103 1.9840313168e-103 0.00284142381574
hell 0.00143862918226 2.43258812381e-103 2.53736925544e-103 1.9840313168e-103 2.84142381574e-103
help 0.00143862918226 1.11713844782e-89 6.66125583769e-45 1.00197508489e-70 2.84145312627e-103
her 0.0100607431871 2.43853269236e-103 7.65377282082e-16 0.00398138636066 2.84142381574e-103
here 0.00143862918226 2.43298911166e-103 2.53371402651e-103 1.9840313168e-103 2.84142381574e-103
hideous 0.00143862918226 2.43307504027e-103 2.53738988126e-103 1.9840313168e-103 2.84142381574e-103
hides 1.43862918226e-103 2.43862741436e-103 2.53831657971e-103 0.0019840313168 2.84142381574e-103
hiding 1.43862918226e-103 0.00243258812381 2.53261688767e-103 2.00130042256e-103 2.84142381574e-103
high 0.00143862918226 2.43435538222e-103 2.53515430951e-103 1.9840313168e-103 2.84142381574e-103
him 1.43862918226e-103 1.84202808672e-60 0.00247893526867 1.9840313168e-103 0.00290165093948
himself 1.43862918226e-103 2.4331855662e-103 0.00253261688767 1.9840313168e-103 2.84142381574e-103
his 0.0185034621228 2.43543937575e-103 0.00296556210754 0.00985504426143 2.84142381575e-103
holds 1.43862918226e-103 0.00243258812381 2.53261688767e-103 2.01909790858e-103 2.84142381574e-103
honour 0.00287725836451 2.43344713261e-103 2.56209905118e-103 1.98913259721e-103 2.84142381574e-103
honouring 1.43862918226e-103 2.43258812381e-103 2.53261688767e-103 1.9840313168e-103 0.00284142381574
horse 1.43862918226e-103 2.43258812381e-103 2.53261688767e-103 1.9840313168e-103 0.00284142381574
hounds 1.4432056598e-103 0.00243258812381 2.53261688767e-103 3.09920188364e-24 2.85942817287e-103
hours 0.00143862918226 4.50134669908e-96 7.84539850752e-65 1.1191347698e-80 3.89729041722e-87
how 1.43888511872e-103 0.00729776437142 2.53261688767e-103 2.00816286448e-103 1.81099496328e-85
husband 0.00143862918226 2.43258812381e-103 2.36505640413e-100 2.00732356252e-103 2.84142381574e-103
idol 0.00143862918226 2.43258812381e-103 2.53738536377e-103 1.9840313168e-103 2.84142381574e-103
if 1.43862918226e-103 0.00700338276369 2.53261688767e-103 0.000240099145072 2.84142381574e-103
ill 1.43862918226e-103 2.43258812381e-103 2.53261688767e-103 1.9840313168e-103 0.00284142381574
impediments 0.00143862918226 2.43258812381e-103 6.25463689931e-71 3.76939489504e-84 2.84142381574e-103
impiety 1.43862918226e-103 2.43258812381e-103 2.53261688767e-103 1.9840313168e-103 0.00284142381574
in 0.00291497079008 0.0137135955445 0.0266591619844 0.0650960771313 2.84172748225e-103
inflaming 0.00143862918226 2.43792552416e-103 2.53362972348e-103 1.9840313168e-103 2.84142381574e-103
influence 0.00143862918226 2.43258812381e-103 2.53738536377e-103 1.9840313168e-103 2.84142381574e-103
inhabit 0.00143862918226 2.43258812381e-103 8.52744396339e-99 2.00702820582e-103 2.84142381574e-103
injurious 0.00143862918226 0.00243258812381 2.53710798765e-103 2.00131354007e-103 2.84142381574e-103
insufficiency 1.43862923906e-103 4.82002015124e-82 7.80106127826e-79 0.0019840313168 2.8414238266e-103
into 1.43862918226e-103 2.43318556797e-103 0.00253261688767 1.9840313168e-103 2.84142385465e-103
inward 1.43862918226e-103 6.23570453306e-53 0.00253261688767 1.9840313168e-103 2.84309678458e-103
is 0.0110616351682 0.00436931766602 0.00518822165001 0.0128292775239 2.84183068735e-103
ist 1.78565664835e-55 0.00243258812381 2.53436692553e-103 8.74418644853e-40 2.85946778733e-103
it 0.00491540776647 2.45683174563e-22 6.94211095943e-69 0.0229815700439 2.84142381574e-103
jewel 1.43862918226e-103 2.43258812381e-103 2.53261688767e-103 1.9840313168e-103 0.00284142381574
joy 0.00145561243371 0.00239326723001 1.71343668455e-102 6.42049159112e-14 0.00285380974998
killed 1.43862918226e-103 2.43258812381e-103 2.53261688767e-103 1.9840313168e-103 0.00284142381574
knights 1.43862918226e-103 2.43258812381e-103 2.53261688767e-103 1.9840313168e-103 0.00284142381574
knit 1.43862918226e-103 2.43258812381e-103 2.53261688767e-103 1.9840313168e-103 0.00284142381574
know 1.43862918226e-103 2.43258812381e-103 1.57587756081e-33 0.0019840313168 2.84142381574e-103
knowing 1.43862918226e-103 0.00486517624762 2.53261688767e-103 5.06384411065e-27 2.84142381574e-103
knows 1.43878703875e-103 9.40306480454e-82 2.53261688767e-103 0.0019840313168 2.84142381574e-103
knowst 1.43862971918e-103 2.43962473383e-103 2.53273520245e-103 0.0019840313168 2.84143115468e-103
lace 1.43862918226e-103 6.83807055913e-27 2.53945443752e-103 0.0019840313168 2.84142381574e-103
lacking 0.00143862918226 7.40809386068e-57 2.41083804962e-54 1.26697028652e-57 2.84157072081e-103
ladies 0.00143862918226 2.43259381036e-103 2.54399695961e-103 2.29689694059e-103 2.84142381574e-103
laid 1.43862918226e-103 0.00243258812381 2.53261688767e-103 1.46259926854e-96 2.84142381574e-103
lasting 0.00143862918226 2.43364892632e-103 2.53742781226e-103 1.9840313168e-103 2.84142381574e-103
late 1.59928494509e-62 4.09637205615e-75 1.36543291933e-28 0.0019840313168 2.84142381574e-103
laughed 0.00143862918226 2.43258812381e-103 2.53720736262e-103 2.12507497678e-103 2.83827954329e-82
lays 1.43862918226e-103 2.60715851843e-103 0.00253261688767 1.9840313168e-103 2.85183372103e-103
leaped 1.44160702277e-103 2.43734788416e-103 5.98066670124e-95 0.0019840313168 2.84146263008e-103
learning 1.43862918226e-103 9.89558467868e-51 0.00253261688767 1.98697974872e-103 2.84142381574e-103
lease 1.43862918226e-103 0.00243258812381 5.52795613292e-103 6.08448569853e-46 2.84142381574e-103
leaves 0.00143862918226 2.43258812381e-103 3.81032276296e-101 2.00701801411e-103 2.84142381574e-103
legacy 1.43862918226e-103 2.43258812381e-103 2.53261688767e-103 1.9840313168e-103 0.00284142381574
leisure 1.43862918226e-103 2.43258812381e-103 2.53261688767e-103 1.9840313168e-103 0.00284142381574
lend 1.43862918226e-103 2.63204343238e-103 0.00253261688767 1.9855941967e-103 0.00284142381574
lends 1.43862918226e-103 3.83034756923e-95 0.00253261688767 1.9840313168e-103 1.43931940959e-51
less 0.00287725836451 2.46512225973e-103 1.59940663414e-43 1.8596640109e-48 2.84143354331e-103
lest 1.43862918226e-103 0.00243258812381 2.53261688767e-103 2.00131354007e-103 2.84142381574e-103
lie 1.43862918226e-103 2.43258812381e-103 2.53261688767e-103 1.9840313168e-103 0.00284142381574
lies 1.43862918226e-103 2.43258812381e-103 2.53261688767e-103 1.9840313168e-103 0.00284142381574
life 1.4566549177e-103 2.08288862919e-90 2.5720522673e-103 1.98454993286e-103 0.00852427144721
lifts 1.43862918226e-103 0.00243258812381 2.53261688767e-103 2.00089355128e-103 2.84142381574e-103
light 1.43862918226e-103 2.43258812381e-103 2.53261688767e-103 1.9840313168e-103 0.00284142381574
like 1.43863845927e-103 0.0023771482521 5.5633856812e-51 0.00996537362693 2.84155519278e-103
limbecks 0.00143862918226 2.43258812381e-103 7.35024903512e-100 2.30832346254e-81 2.84142381574e-103
limbs 1.44026161305e-103 0.00243258812381 2.53261688767e-103 1.60507797034e-36 2.84144044742e-103
limits 1.4386298319e-103 0.00243258812381 4.98051103037e-84 7.45327650251e-45 2.84142392347e-103
lines 5.32688251744e-62 0.00258478958729 7.26001861509e-15 2.00091141231e-103 0.00266364244005
lips 0.00143862918226 2.4325951489e-103 2.53775583095e-103 1.9840313168e-103 2.84142381574e-103
little 0.00143862918226 2.43324515165e-103 2.53360764378e-103 1.9840313168e-103 2.84142381574e-103
live 1.43862918226e-103 2.43258812381e-103 2.53261688767e-103 1.9840313168e-103 0.00568284763148
lived 5.88182732431e-22 0.00508202780873 2.53682430295e-103 2.83593252507e-26 0.00258812685017
lives 1.43862918226e-103 7.45021446008e-55 0.00253261688767 1.9840313168e-103 2.84309677963e-103
living 0.00143862918226 2.43258812381e-103 2.5336082158e-103 1.9840313168e-103 2.84142381574e-103
loathsome 1.43862918226e-103 2.43862848327e-103 2.53690351443e-103 0.0019840313168 2.84142381574e-103
locked 0.00143862918226 2.43272838964e-103 2.53738477535e-103 1.9840313168e-103 2.84142381574e-103
long 0.00140036714263 0.00249728567363 2.53692875116e-103 1.98185526872e-45 2.85470669322e-103
longer 2.97063530351e-06 2.4355805586e-103 1.57204875861e-84 0.00396396579367 2.84142381574e-103
look 6.15001787445e-15 4.31770637359e-64 2.55027464895e-103 0.00396806263358 2.84389459983e-103
looking 1.43862918226e-103 0.00243258812381 2.53261688767e-103 2.01181405989e-103 2.84142381574e-103
looks 0.00124267890689 3.01487919837e-33 2.97183793041e-24 0.0022542687676 2.84142388645e-103
losing 1.43897454093e-103 5.40741322366e-65 2.53264127128e-103 0.0019840313168 2.84142381574e-103
loss 1.43862918226e-103 0.00243258812381 2.53261688767e-103 8.71281440217e-84 0.00284142381574
love 0.00320550344371 0.00272732536456 0.0173689585418 9.66481747729e-50 0.013617709625
loved 1.43862918226e-103 2.4331855662e-103 0.00253261688767 1.9840313168e-103 2.84142381574e-103
lovely 0.00286651252125 4.34594017972e-49 0.00255153427407 2.33805269794e-89 1.52999871348e-44
lover 1.43862918226e-103 2.43258812381e-103 2.53261688767e-103 1.9840313168e-103 0.00284142381574
loves 0.00143806624378 2.43502280434e-103 0.00253360790572 1.9840313168e-103 2.84418263444e-103
loving 1.43862918226e-103 2.43258812381e-103 2.53261688767e-103 1.9840313168e-103 0.00284142381574
lovst 1.43862918226e-103 7.35075682047e-67 0.00253261688767 1.9840313168e-103 2.84399171569e-103
lust 1.5540255956e-46 0.00243258157029 1.50361249584e-72 4.75386900177e-31 0.00284143147068
made 1.43862918229e-103 0.00486517624761 2.53612644526e-103 2.65869403787e-15 2.84142381595e-103
maid 1.43862918226e-103 0.00243258812381 2.53261688767e-103 3.86835797855e-74 2.84142381574e-103
maiden 0.00143862918226 2.44331452886e-103 1.13913142678e-49 1.9840313168e-103 2.84142381574e-103
majesty 1.43862918226e-103 2.43258812381e-103 2.53261688767e-103 1.9840313168e-103 0.00284142381574
make 1.44148216953e-103 2.35865621263e-95 2.57568608775e-103 0.00992015658398 2.84142381574e-103
makeless 0.00143862918226 2.43267063125e-103 2.53738501766e-103 1.9840313168e-103 2.84142381574e-103
making 1.43865951406e-103 2.42968437652e-71 1.85141550033e-41 0.00595209395039 2.84143036612e-103
makst 1.4397363674e-103 2.43859356069e-103 2.56837319696e-103 0.0019840313168 2.84142381574e-103
manner 0.00143862918226 3.81049780299e-98 2.58669239109e-74 7.23491986288e-70 2.84151314231e-103
manners 0.00143862918226 2.43258812381e-103 2.53738536377e-103 1.9840313168e-103 2.84142381574e-103
mark 0.00143862918226 2.43258812381e-103 6.62948946792e-72 2.06110916767e-103 2.84142381574e-103
master 0.00143862918226 2.43258812381e-103 1.85054302527e-58 2.08634150691e-103 2.84142381574e-103
may 0.00287725836451 2.43258812381e-103 1.73617029311e-99 7.53565442069e-27 2.84142381574e-103
mayst 1.44986681206e-103 5.37322288821e-60 8.33181384158e-64 0.00595209395039 2.84157240386e-103
me 0.0137853328964 1.6486791762e-77 0.0137065293753 6.07630040915e-52 0.00569912209081
means 0.001424008904 2.43843624567e-103 1.3805975101e-71 0.00200419432356 2.84142381574e-103
measured 1.44014871713e-103 4.50176610671e-50 0.00253261688767 1.98504399815e-103 2.84513429824e-103
memorial 1.44261582531e-103 0.00243258812381 2.53263614659e-103 1.98425277795e-103 2.86620510523e-103
memory 1.43862918226e-103 2.43258812381e-103 2.53261688767e-103 1.9840313168e-103 0.00568284763148
mend 1.43862918226e-103 2.43258812381e-103 2.53261688767e-103 1.9840313168e-103 0.00284142381574
merit 6.49406599071e-91 0.00510652001335 0.0021957571603 1.21735236178e-67 0.00293745202776
merits 1.45546790737e-103 2.43300737211e-103 0.00253261688767 5.34537635618e-61 2.84189673039e-103
methinks 1.43865318726e-103 2.43959008096e-103 2.53268902919e-103 0.0019840313168 2.84143090251e-103
methods 1.44833629122e-103 0.00243258812381 2.53282865609e-103 1.98411217595e-103 2.84142381574e-103
might 0.00140910805048 1.60569540313e-95 0.0027101891506 0.00188563561943 0.00852427144721
miles 1.43972518072e-103 2.43317646604e-103 0.00253261688767 8.03085528265e-85 2.84142381574e-103
millions 3.54285413847e-79 2.59478548124e-81 7.42594482006e-90 0.0019840313168 2.84142381574e-103
mind 1.45650117163e-103 7.29148258503e-75 1.10756676642e-100 1.98423100978e-103 0.00284142381574
mine 0.00255191816291 2.44226813925e-103 4.03161691013e-60 0.00441674333364 0.00284142381574
minutes 0.00287725836451 2.43358927057e-103 3.9606270221e-92 1.99546335578e-103 2.84142381574e-103
miser 1.43862918226e-103 4.74129279369e-60 9.40348957734e-29 1.9840313168e-103 0.00284142381574
mistress 1.43862918226e-103 7.10917809612e-73 0.00253261688767 1.9840313168e-103 2.84587116453e-103
mock 1.43862918268e-103 2.43334485164e-103 0.00253261688767 7.57915755386e-72 2.84142385302e-103
moment 1.43862918226e-103 2.43258812381e-103 2.53261688767e-103 1.9840313168e-103 0.00284142381574
monarchs 0.00143862918226 2.43258812381e-103 1.14830375415e-35 3.57764506243e-99 2.84142381574e-103
more 0.0100697986304 9.07628006686e-85 3.11437811889e-67 5.2526476718e-85 0.0028426200206
morn 1.43862918226e-103 2.43258812381e-103 2.53261688767e-103 1.9840313168e-103 0.00284142381574
mortal 0.00143862918226 2.43347779014e-103 2.5851487011e-103 1.9840313168e-103 2.84142381574e-103
mortality 0.00143862918226 2.43258812381e-103 2.61485173626e-100 2.0070282054e-103 2.84142381574e-103
mortgaged 1.16264022783e-99 1.87412135892e-45 0.00253261688767 1.99404166529e-103 2.84490978417e-103
most 0.00136964141442 2.43898916746e-103 0.00738652139958 0.00224417706881 0.00284221113266
mother 1.43862918226e-103 2.43258812381e-103 2.53261688767e-103 1.9840313168e-103 0.00284142381574
motion 0.00287725836451 2.43274009259e-103 2.54352127711e-103 1.9840313168e-103 2.84142381574e-103
motley 4.06251935113e-60 1.10889140951e-50 0.00253261688767 8.2235894276e-58 2.84471589399e-103
mountain 0.00143862918226 2.43258812381e-103 2.18910675488e-94 1.61306822144e-102 2.84142381574e-103
much 0.00143862918226 2.43258812381e-103 2.5336082158e-103 1.9840313168e-103 2.84142381574e-103
mud 1.43862918226e-103 2.43258812381e-103 2.53261688767e-103 1.9840313168e-103 0.00284142381574
muse 1.43862918226e-103 2.4331855662e-103 0.00253261688767 1.9840313168e-103 2.84142381574e-103
muses 0.00143862918226 2.43462241831e-103 2.64456420465e-103 1.9840313168e-103 2.84142381574e-103
must 0.00143862918226 2.43535830189e-103 2.5336082158e-103 1.9840313168e-103 2.84142381574e-103
my 0.0538819634284 4.86267375468e-07 3.88112679714e-35 0.0487002621671 2.84215448468e-103
name 1.43862918226e-103 2.43258812381e-103 2.53261688767e-103 1.9840313168e-103 0.00568284763148
nearly 1.43862918226e-103 2.43258812381e-103 2.53261688767e-103 1.9840313168e-103 0.00284142381574
need 1.43862918226e-103 2.43258812381e-103 2.53261688767e-103 1.9840313168e-103 0.00284142381574
neglect 0.00143862918226 2.49845959597e-103 2.53853810249e-92 9.27903542166e-92 2.8436946667e-103
nerves 0.00143862918226 2.43258812381e-103 2.00500602668e-96 2.00703039397e-103 2.84142381574e-103
never 0.00143862918226 2.43338318559e-103 2.56895795074e-103 1.9840313168e-103 2.84142381574e-103
new 0.00287050352741 3.64123784017e-103 0.00253899777888 1.9954448844e-103 0.00568903012494
newer 0.00143862918226 2.43364892632e-103 2.53742781226e-103 1.9840313168e-103 2.84142381574e-103
night 3.20292451652e-97 0.00247898039215 2.53838861436e-103 2.1121523631e-16 0.00847008220949
no 0.0056465553478 0.00241228872056 1.26394923468e-32 0.00214947849142 2.84149570111e-103
none 0.00287725836451 3.06382724895e-77 2.74309969414e-64 8.0571035793e-61 2.86034031525e-103
nor 1.43862918226e-103 0.00486517624762 2.53261688767e-103 2.00131353987e-103 2.84142381574e-103
not 0.0119664932262 0.00232599883844 0.0139637480752 0.00835727368524 2.88081444335e-103
note 1.43862918226e-103 2.43258812381e-103 2.53261688767e-103 1.9840313168e-103 0.00284142381574
nothing 1.43942416834e-103 0.00173661317446 7.833524748e-25 0.00255167204549 2.85534068055e-103
now 1.43862918226e-103 0.00526079788744 0.00212072716563 2.00041493026e-103 0.00284142381574
nurseth 1.46265047273e-103 2.43258940336e-103 0.00253261688767 8.69748757473e-19 2.84142483648e-103
odour 3.16204817916e-40 1.85848109621e-100 0.00253261688767 4.02748712224e-100 3.78838667996e-82
oer 0.00142756160282 2.43341691705e-103 0.00255210067051 2.12152546572e-98 2.84663036807e-103
oerlook 1.43862918226e-103 2.43258812381e-103 2.53261688767e-103 1.9840313168e-103 0.00284142381574
oersways 1.43862918226e-103 2.43318555375e-103 0.00253261688767 1.9840313168e-103 2.84142381574e-103
oerworn 1.43862918226e-103 2.43258812381e-103 2.53261688767e-103 1.9840313168e-103 0.00284142381574
of 0.0202804631279 0.0154185952454 0.0626659291527 0.0254373180382 2.87336141858e-103
offence 1.43862918226e-103 2.43258812381e-103 2.53261688767e-103 1.9840313168e-103 0.00284142381574
offences 0.00143862918226 2.43258812381e-103 1.27633218567e-70 2.0124335468e-103 2.84142381574e-103
old 5.41895697684e-96 2.43618337757e-103 6.26487486966e-51 0.00595209395039 2.84142381574e-103
on 0.00142712623408 2.43382325307e-103 0.0126833346607 2.10174072601e-33 2.84142382351e-103
one 0.00683419040296 0.0030367599777 5.72185857749e-80 1.66682322098e-28 0.00284468099167
oppressed 1.43862918226e-103 2.43258812381e-103 2.53261688767e-103 1.9840313168e-103 0.00284142381574
or 0.00137619726635 0.0218794908898 0.012787361706 1.16588881664e-50 2.84313584544e-103
ornament 7.77950191384e-96 5.46095463101e-78 3.10816843644e-87 2.00296906563e-103 0.00284142381574
other 0.00431588754677 2.43329380847e-103 2.54486949086e-103 1.9840313168e-103 0.00284142381574
others 0.00143862918226 2.43323179156e-103 2.55628558317e-103 1.9840313168e-103 2.84142381574e-103
our 1.43862918226e-103 2.4372455317e-103 4.85561063876e-38 0.00992015658398 2.84142381574e-103
out 1.43862918226e-103 2.43258812381e-103 2.53261688767e-103 1.9840313168e-103 0.00284142381574
outcast 0.00143862918226 2.43351823722e-103 6.22611056898e-100 1.9840313168e-103 2.84142381574e-103
outlive 1.44913389756e-103 5.47227311696e-64 0.00253261688767 1.98430903185e-103 2.84142381574e-103
outward 0.00287725836451 2.43284818798e-103 2.5585944479e-103 2.02997414154e-103 2.84142381574e-103
outworn 1.43862918226e-103 2.43311318205e-103 0.00253261688767 1.34343688166e-53 2.84142381574e-103
over 0.00143862918226 2.43283675049e-103 2.54832029158e-103 1.9840313168e-103 2.84142381574e-103
own 0.00279701925094 2.43455188875e-103 0.00267387283924 1.99911952188e-103 2.8414951001e-103
owners 0.00143862918226 2.43258812381e-103 3.23667091128e-101 3.32057439574e-77 2.84142381574e-103
pain 1.43862918226e-103 2.43258812381e-103 2.53261688767e-103 1.9840313168e-103 0.00568284763148
painted 7.87781729979e-101 9.170611165e-37 1.27713664275e-18 0.0019840313168 3.00413875834e-103
painters 0.00143862918226 2.43258812381e-103 2.5336082158e-103 1.9840313168e-103 2.84142381574e-103
painting 0.00143689840825 0.00243551470166 1.4803498678e-74 2.00127877067e-103 2.84142381574e-103
palate 0.00143862918226 2.43258812381e-103 2.53738536377e-103 1.9840313168e-103 2.84142381574e-103
pale 1.43965749911e-103 0.00243258812381 2.53261688767e-103 1.9840313168e-103 2.85944908741e-103
paper 1.43866364156e-103 2.4332410312e-103 0.00253261688767 1.9913597328e-103 2.84279781674e-103
part 8.76281795871e-06 1.44298010186e-62 0.00504774299045 5.37059846248e-26 0.00568516373746
partake 1.43862918226e-103 2.43258812381e-103 2.53261688767e-103 1.9840313168e-103 0.00284142381574
parts 1.43862918226e-103 2.43258812381e-103 2.53261688767e-103 1.9840313168e-103 0.00284142381574
passion 1.43862918226e-103 2.43258812381e-103 2.53261688767e-103 1.9840313168e-103 0.00284142381574
past 1.43862918226e-103 2.43258812381e-103 2.53261688767e-103 1.9840313168e-103 0.00284142381574
patience 1.43862918226e-103 1.79271386271e-95 0.00253261688767 1.9840313168e-103 2.84142381574e-103
perfection 0.00143862918226 2.4334281507e-103 1.55100935252e-99 3.2725096503e-95 2.84143472235e-103
perspective 1.43862918226e-103 0.00243258812381 2.53837030124e-103 5.16889200068e-38 2.84142381574e-103
phoenix 1.43907323824e-103 0.00243258812381 2.53261688767e-103 2.04033971633e-103 2.84142483581e-103
phrase 0.00143862918226 2.43444637754e-103 3.18159779703e-63 3.83798394833e-103 2.85559581805e-103
pied 0.00143862918226 2.43258812381e-103 4.27971900637e-95 2.00702875149e-103 2.84142381574e-103
pity 1.43862918226e-103 2.43313159042e-103 0.00253261688767 9.46163619829e-100 2.84142381574e-103
place 1.43862919266e-103 1.20632827542e-95 2.53721807952e-103 0.00198403123525 0.00568284774826
plague 1.43862918226e-103 2.43318553065e-103 0.00253261688767 1.9840313168e-103 2.84142381574e-103
plagues 3.24065978948e-14 4.67724866648e-20 1.22963828112e-79 0.00198403131675 2.8414534066e-103
please 1.43862918226e-103 2.43258812381e-103 2.53261688767e-103 1.9840313168e-103 0.00284142381574
pleased 1.43870070447e-103 2.43324937848e-103 0.00253261688767 4.1007173546e-72 2.84279116515e-103
pleasure 9.26916375121e-32 2.47300201524e-103 0.00372096747326 1.87172768304e-63 0.00719102295164
plus 1.43862918226e-103 2.43258812381e-103 2.53261688767e-103 1.9840313168e-103 0.00284142381574
poesy 0.00143862918226 2.43364083183e-103 2.59286833838e-103 1.9840313168e-103 2.84142381574e-103
poets 0.00143862918226 2.43319932617e-103 2.56966717954e-103 1.9840313168e-103 2.84142381574e-103
point 1.43862918226e-103 3.79609198217e-74 0.00253261688767 1.9840313168e-103 2.84587115135e-103
poor 1.43862918226e-103 2.43863173321e-103 2.53261688767e-103 0.0019840313168 2.84142381574e-103
posting 2.32314491088e-33 9.89324007769e-70 0.00253261688767 9.45806162659e-87 2.8443820304e-103
pourst 0.00143862918226 2.43258812381e-103 1.49059820685e-68 2.00702823468e-103 2.84142381574e-103
power 5.23756261607e-88 6.65086053369e-84 2.37014112026e-26 0.00396970874757 0.00568049015484
powerful 0.00143862918226 2.43440281598e-103 1.23870963699e-85 1.9840313168e-103 2.84142381574e-103
powers 0.00143862918226 2.43258812381e-103 2.53738536377e-103 1.9840313168e-103 2.84142381574e-103
praise 0.00423638826128 1.52765447327e-71 0.00520518730573 4.06225919859e-67 2.94838160322e-100
precious 0.00287725836451 2.43788016624e-103 3.28041883826e-28 0.00396806263359 2.84142381574e-103
presence 1.44038070517e-103 2.43317288956e-103 0.00253261688767 2.02469352778e-103 2.84142381574e-103
present 7.09197665443e-99 2.43258812381e-103 2.53261688767e-103 0.0019840313168 2.84142381574e-103
pretty 1.43862918226e-103 2.43733424316e-103 2.45954320199e-17 0.0019840313168 2.84142381574e-103
pride 1.43862918226e-103 2.43258812381e-103 2.53261688767e-103 1.9840313168e-103 0.00568284763148
princes 1.43862918226e-103 2.49542778698e-103 5.27534737875e-95 0.0019840313168 2.84142381574e-103
prize 0.00143862918226 2.45730663025e-103 3.81159876097e-74 9.04092546389e-101 2.84219415389e-103
proud 0.00140527709838 2.43725504106e-103 3.29361871444e-41 0.00401405890539 2.84142381574e-103
proudly 1.43862918226e-103 0.00243258812381 2.53261688767e-103 1.9840313168e-103 2.84142381574e-103
prove 1.53955920894e-103 2.04846515848e-77 2.53618344841e-103 0.0019840313168 0.00568284763148
proves 1.43862918226e-103 2.43862741436e-103 2.53831657971e-103 0.0019840313168 2.84142381574e-103
public 1.43862918226e-103 2.51990745188e-103 2.26163071523e-76 0.00595209395039 2.84142381574e-103
publish 1.43862918226e-103 2.4331855662e-103 0.00253261688767 1.9840313168e-103 2.84142381574e-103
purest 6.7892029787e-84 2.43258812381e-103 2.53350815548e-103 0.0019840313168 2.84142381574e-103
purge 1.43862918226e-103 2.43258812381e-103 2.53261688767e-103 1.9840313168e-103 0.00284142381574
pursuit 0.00143862918226 7.74189328338e-57 7.84701470488e-73 3.1371279199e-40 2.84178319401e-103
put 0.00143862918226 2.43258812381e-103 2.17155892416e-34 2.01342259258e-103 2.84142381574e-103
pyramids 0.00143862918226 2.44275508044e-103 2.53734289132e-103 1.9840313168e-103 2.84142381574e-103
qualify 1.43862918226e-103 2.43258812381e-103 2.53261688767e-103 1.9840313168e-103 0.00284142381574
quality 1.43862918226e-103 2.43258812381e-103 2.53261688767e-103 1.9840313168e-103 0.00284142381574
quick 0.00143862918226 2.43308692948e-103 2.5336077815e-103 1.9840313168e-103 2.84142381574e-103
rage 1.43862918226e-103 2.43258812381e-103 2.53261688767e-103 1.9840313168e-103 0.00284142381574
reasons 1.43862918226e-103 1.25795893752e-53 0.00253261688767 1.98479776438e-103 2.84142381574e-103
rebel 1.43862918226e-103 2.43863173321e-103 2.53261688767e-103 0.0019840313168 2.84142381574e-103
receives 0.00143862918226 2.43258812381e-103 1.68073797259e-80 7.80754195914e-71 2.84142381574e-103
receivst 1.43871259055e-103 1.01839887078e-48 2.53261688767e-103 0.0019840313168 2.84142381574e-103
red 1.43862918226e-103 1.08562071933e-102 2.54376415063e-103 1.9840313168e-103 0.00568284763148
rehearse 1.43862918226e-103 2.43258812381e-103 2.53261688767e-103 1.9840313168e-103 0.00568284763148
remembrance 0.00143862918226 5.42376378306e-88 2.20510231865e-72 3.04177691235e-68 2.84142594186e-103
remote 0.00143862918226 2.43258813305e-103 2.54331363458e-101 2.00754315116e-103 2.84142381574e-103
remove 1.43862918226e-103 2.43258812381e-103 2.53261688767e-103 1.9840313168e-103 0.00284142381574
remover 1.43883316912e-103 2.43327400051e-103 0.00253261688767 2.92702539455e-71 2.84273121264e-103
repay 1.43862918226e-103 2.43258812381e-103 2.53261688767e-103 1.9840313168e-103 0.00284142381574
reproach 1.43862918226e-103 2.43331080447e-103 0.00253261688767 1.9840313168e-103 2.84419176877e-103
reproving 1.43862918226e-103 2.43258812381e-103 2.53261688767e-103 1.9840313168e-103 0.00284142381574
require 1.43862918226e-103 2.43258812381e-103 2.53261688767e-103 1.9840313168e-103 0.00284142381574
resort 1.43862918226e-103 2.43258812381e-103 2.53261688767e-103 1.9840313168e-103 0.00284142381574
respects 1.43862918226e-103 2.43258812381e-103 2.53261688767e-103 1.9840313168e-103 0.00284142381574
respose 1.43862918226e-103 2.01957793096e-80 2.55076654803e-103 1.9840313168e-103 0.00284142381574
rest 1.43862918226e-103 2.43258812381e-103 2.53261688767e-103 1.9840313168e-103 0.00284142381574
restore 1.43863758356e-103 4.15189056279e-75 2.53261688767e-103 0.0019840313168 2.84142381574e-103
return 5.39940343745e-73 3.0375626555e-72 1.39751225661e-85 0.0019840313168 2.84142381574e-103
rhyme 1.43862918226e-103 2.43258812381e-103 2.53261688767e-103 1.9840313168e-103 0.00568284763148
rich 0.001420289557 1.51405781043e-70 5.2694834103e-16 0.00200932372105 2.84142381574e-103
richly 0.00143862918226 2.43268373187e-103 2.53864431492e-103 1.9840313168e-103 2.84142381574e-103
right 1.43862918226e-103 2.43258812381e-103 2.53261688767e-103 1.9840313168e-103 0.00284142381574
rose 1.43862918226e-103 2.61680657748e-103 0.00253261688767 1.9840313168e-103 0.00284142381574
roses 1.43862918226e-103 3.406828581e-80 2.53261688767e-103 0.0019840313168 2.84142381574e-103
rotten 0.00143862918226 2.43395938706e-103 9.86977753606e-85 1.9840313168e-103 0.00284142381574
rude 0.00287725836451 2.43258812381e-103 2.54439997307e-103 1.99545392296e-103 2.84142381574e-103
ruined 1.43862918226e-103 2.43863173321e-103 2.53261688767e-103 0.0019840313168 2.84142381574e-103
ruining 1.43862918226e-103 2.43258812381e-103 2.53261688767e-103 1.9840313168e-103 0.00284142381574
ruth 0.00143862918226 2.43258812381e-103 8.28129169785e-93 2.01029479289e-103 2.84142381574e-103
sable 4.28956687041e-85 2.43258812381e-103 2.53350815548e-103 0.0019840313168 2.84142381574e-103
sacred 0.00143862918226 2.4342479967e-103 2.6241825957e-103 1.9840313168e-103 2.84142381574e-103
sad 1.43862918226e-103 2.43863173321e-103 2.53261688767e-103 0.0019840313168 2.84142381574e-103
said 0.00431588754677 2.43262998669e-103 1.21638686404e-76 1.07220081323e-88 2.84142381574e-103
sake 1.43862918226e-103 2.43258812381e-103 2.53261688767e-103 1.9840313168e-103 0.00284142381574
sang 1.43862918226e-103 2.43258812381e-103 2.53261688767e-103 1.9840313168e-103 0.00284142381574
saturn 1.43862918226e-103 2.4331855662e-103 0.00253261688767 1.9840313168e-103 2.84142381574e-103
savage 1.43862918226e-103 0.00243258812381 2.53261688767e-103 2.00131354007e-103 2.84142381574e-103
saw 1.43862918226e-103 1.26433376181e-70 0.00506523377534 7.84048870362e-70 2.84142386325e-103
say 1.43864822282e-103 1.38368589333e-24 2.53261688767e-103 0.0019840313168 2.84175574736e-103
scandal 0.00143862918226 2.43258812381e-103 6.75621669122e-97 2.00702820584e-103 2.84142381574e-103
scope 1.43863758356e-103 2.08218112909e-79 2.54263582748e-103 0.0019840313168 2.84142381574e-103
scorn 1.43862918226e-103 2.43258812381e-103 2.53261688767e-103 1.9840313168e-103 0.00284142381574
seasoned 1.44930651067e-103 3.67696822233e-79 2.53261688767e-103 1.9840313168e-103 0.00284142381574
seasons 0.00143862918226 2.43308692948e-103 2.5336077815e-103 1.9840313168e-103 2.84142381574e-103
second 0.00143862918226 2.43258812381e-103 7.57778317518e-101 7.64165243727e-77 2.84142381574e-103
secret 1.43862918226e-103 2.43281910985e-103 1.10462305068e-35 0.0019840313168 2.84142381574e-103
see 0.00295385329001 2.67936389222e-10 2.67132850881e-66 0.00783039040273 0.0028415693732
seeing 1.44558320221e-103 0.00241715611743 2.53261688767e-103 2.12989936181e-57 0.00285944941983
seek 1.43862918226e-103 4.5809201212e-85 2.57457695039e-103 0.0019840313168 2.84142381574e-103
seemed 1.43862918226e-103 2.44927524819e-103 0.00253261688767 1.9840313168e-103 2.84142381574e-103
seems 1.43862918226e-103 0.00243258812381 2.53261688767e-103 1.9840313168e-103 2.84142381574e-103
seldom 0.00143862918226 2.43319932617e-103 2.56966717954e-103 1.9840313168e-103 2.84142381574e-103
self 0.00440744539886 7.64632374724e-43 0.0233868247833 4.68308540669e-64 0.00199497700332
semblance 1.43884345315e-103 2.4499824454e-103 0.00253261688767 3.50960498277e-91 2.84509493318e-103
sequent 0.00143862918226 2.43258812381e-103 7.67925463325e-100 7.62187172658e-49 2.84142381574e-103
services 1.43877233987e-103 1.15440011388e-48 2.53261688767e-103 0.0019840313168 2.84351541458e-103
serving 1.43862918226e-103 0.00243258812381 2.53261688767e-103 2.01023520215e-103 2.84142381574e-103
set 1.43862918226e-103 2.43258812381e-103 2.53261688767e-103 1.9840313168e-103 0.00284142381574
shadow 0.00143862918226 2.4333935701e-103 2.96482929873e-103 1.9840313168e-103 2.84142381574e-103
shadows 0.00143864787156 0.00243255652193 2.74748645404e-103 9.04466932888e-35 2.84174962343e-103
shall 0.00714304633268 1.67709365936e-37 1.64121187881e-97 0.00205312426592 2.84142381578e-103
shalt 0.00143862918226 2.43258812381e-103 4.93309457951e-96 3.86998785043e-43 2.84142381574e-103
shame 1.43862918226e-103 2.43258812381e-103 2.53261688767e-103 1.9840313168e-103 0.00284142381574
sharpened 1.4520543704e-103 0.00243258808572 2.53261688767e-103 3.10623071982e-11 2.85023316734e-103
she 0.00575451672903 2.43258812381e-103 2.77014366458e-103 1.79656471106e-44 2.84142381574e-103
shifting 0.00143862918226 2.43405435579e-103 2.54996174409e-103 7.64491272358e-29 2.84142381574e-103
shook 0.00143862918226 2.43258812381e-103 2.72486568851e-103 5.46607340559e-71 2.84142381574e-103
short 0.00143806606363 2.43321555567e-103 0.00253360822287 1.9840313168e-103 2.84209881437e-103
should 0.00704654981453 0.00232389886585 5.57489358495e-79 0.00624291395717 2.84142381574e-103
show 0.00143750300771 2.43334139806e-103 0.00506721630122 2.4202451562e-81 0.00568284766975
showers 1.43862918226e-103 0.00243258812381 2.53261688767e-103 1.9840313168e-103 2.84142381574e-103
shows 1.43878703875e-103 3.09742285597e-76 2.53261688767e-103 0.0019840313168 2.84142381574e-103
shun 1.43862918226e-103 2.43318076955e-103 0.00253261688767 1.99934754396e-103 2.84142381574e-103
sick 0.00143862918226 2.43258812381e-103 2.92892801224e-94 2.00703336208e-103 2.84142381574e-103
sicken 1.43863758356e-103 1.22085449574e-80 2.53261688767e-103 0.0019840313168 2.84142381574e-103
sickly 0.00143862918226 2.43258812381e-103 1.46999773776e-101 2.00701682451e-103 2.84142381574e-103
sickness 0.00143862918226 2.43258812381e-103 1.70585798061e-67 3.77574955185e-56 2.84206028213e-103
side 1.44476399417e-103 2.44346879514e-103 0.00253261688767 4.3678774344e-103 2.84142381574e-103
sighs 0.00143862918226 2.43258812381e-103 1.21053880083e-60 4.75787261378e-76 2.84142381574e-103
sight 1.43862918226e-103 2.43258812381e-103 2.53261688767e-103 1.9840313168e-103 0.011365695263
silver 1.43862918226e-103 2.43863173321e-103 2.53261688767e-103 0.0019840313168 2.84142381574e-103
silvered 0.00143862918226 2.43258892354e-103 8.0975774083e-60 2.00747354372e-103 2.84142381574e-103
sin 1.43862918226e-103 2.43316062387e-103 0.00253261688767 2.02230826634e-103 2.84142381574e-103
sinful 0.00287725836451 2.43258828598e-103 2.53549542726e-103 1.9840313168e-103 2.84142381574e-103
single 0.00143862918226 2.43267586966e-103 2.53922493404e-103 1.9840313168e-103 2.84142381574e-103
sins 0.00143862918226 2.43358808931e-103 2.54042356519e-103 1.9840313168e-103 2.84142381574e-103
slandered 0.0014386275472 2.1752655452e-61 2.87842264732e-09 1.16596398224e-54 2.84192136114e-103
slanders 1.43862918226e-103 2.43863173321e-103 2.53261688767e-103 0.0019840313168 2.84142381574e-103
slave 1.43863758356e-103 9.97848109171e-38 0.00253261688767 0.0019840313168 2.84467258708e-103
slavery 1.43862918246e-103 2.62657937242e-103 0.00253261688767 1.98520275237e-103 2.84142390999e-103
slay 1.44143085462e-103 2.43823434853e-103 2.54014201118e-103 0.0019840313168 2.84142381574e-103
slide 1.43862918226e-103 2.43258812381e-103 2.53261688767e-103 1.9840313168e-103 0.00284142381574
slow 1.43862918226e-103 2.43258812381e-103 2.53261688767e-103 1.9840313168e-103 0.00284142381574
sluttish 0.00143862918226 2.43285499101e-103 2.55150249272e-103 1.9840313168e-103 2.84142381574e-103
small 1.45653040001e-103 2.43270021089e-103 1.89265739327e-34 0.0019840313168 2.84142381574e-103
smoke 1.43862918226e-103 2.43258812381e-103 2.53261688767e-103 1.9840313168e-103 0.00284142381574
smother 1.43862918226e-103 2.43258812381e-103 2.53261688767e-103 1.9840313168e-103 0.00284142381574
so 0.00140497996636 0.0124075777148 0.00992767043146 4.4970707121e-06 0.00284321588132
society 1.43862918226e-103 2.43258812381e-103 2.53261688767e-103 1.9840313168e-103 0.00284142381574
some 0.00286955781363 0.00972971915999 0.00254683260507 5.71689572688e-43 2.84733351323e-103
sometime 0.00143862918226 2.43258812381e-103 2.8104033908e-99 2.66087936592e-79 2.84142381574e-103
sorrow 0.00143862918226 2.1467651812e-47 2.55354852092e-103 4.56990677202e-87 2.849948165e-103
soul 9.12098873764e-95 1.71328712298e-62 1.32522120214e-18 1.9848449421e-103 0.00852427144721
sound 1.43866657912e-103 4.3140438682e-52 0.00253261688767 1.9918483301e-103 2.84762509237e-103
sounds 1.43862918226e-103 2.43258812381e-103 2.53261688767e-103 1.9840313168e-103 0.00284142381574
sovereign 0.00143862918226 2.43285499101e-103 2.55150249272e-103 1.9840313168e-103 2.84142381574e-103
speak 0.00143862918199 1.82469400891e-26 1.88913632798e-76 3.69027652427e-13 2.84400327759e-103
speaking 1.43862918226e-103 3.04658160519e-74 0.00253261688767 1.9840313168e-103 2.84587115135e-103
speed 1.43862918226e-103 2.43258812381e-103 2.53261688767e-103 1.9840313168e-103 0.00284142381574
spirit 1.43862918226e-103 2.52647213848e-103 0.00506523377534 1.25592643618e-42 0.00284142381574
spirits 1.43862918226e-103 7.27096111781e-78 1.16140654484e-91 1.9840313168e-103 0.00284142381574
sport 1.43862918226e-103 2.43258812381e-103 2.53261688767e-103 1.9840313168e-103 0.00284142381574
stamped 1.43862918226e-103 2.60715851843e-103 0.00253261688767 1.9840313168e-103 2.85183372103e-103
stars 0.00143862918226 2.4693217088e-103 6.42083306228e-60 8.48994617613e-81 2.84599819771e-103
state 1.43862918226e-103 2.43258812381e-103 2.53261688767e-103 1.9840313168e-103 0.00568284763148
stay 1.43862918226e-103 2.43720857698e-103 5.6184450229e-12 0.00198403131239 0.00852427144721
steel 1.43862918226e-103 2.43258812381e-103 2.53261688767e-103 1.9840313168e-103 0.00284142381574
still 1.43905471579e-103 0.00743366201269 5.57424056563e-49 2.22957131221e-06 0.00836234094108
stirred 1.43862918226e-103 0.00243258812381 2.53261688767e-103 3.64599177126e-95 2.84142381574e-103
stone 0.00143862918226 2.43258812381e-103 2.55360489649e-103 2.0070282054e-103 2.84142381574e-103
stop 1.43862918451e-103 2.43270799448e-103 3.73573349001e-22 0.0019840313168 2.84142381907e-103
strange 1.43862918226e-103 2.43317178556e-103 0.00253261688767 2.23270168922e-50 0.00284142381574
streams 1.4402640808e-103 0.00243258812381 2.53261688767e-103 4.05605653117e-38 2.84144047907e-103
strengths 1.43862918226e-103 2.43852854992e-103 2.40537242764e-89 0.0019840313168 2.84142381574e-103
stronger 1.44030178487e-103 2.4339663576e-103 0.00253261688767 2.59341808124e-103 2.85709738178e-103
strongly 0.00143862918226 2.43258812381e-103 2.5336082158e-103 1.9840313168e-103 2.84142381574e-103
subject 0.00143862918226 2.43258812381e-103 2.39300876954e-100 2.87549132265e-70 2.84142381574e-103
subjects 0.00143862918226 2.43258812381e-103 2.53738536377e-103 1.9840313168e-103 2.84142381574e-103
subtleties 1.43862918226e-103 2.43258812381e-103 2.53261688767e-103 1.9840313168e-103 0.00284142381574
such 0.00143889895661 0.00486472008428 2.17445532401e-100 4.40701431314e-59 2.84144363534e-103
suggest 1.43866296863e-103 2.43862533872e-103 2.53261688767e-103 0.0019840313168 2.84142381574e-103
suit 1.44638892035e-103 2.43808206175e-103 1.87055159798e-16 0.0019840313168 2.84142381574e-103
sullen 0.00143862918226 2.43258812381e-103 2.5336082158e-103 1.9840313168e-103 2.84142381574e-103
summer 1.36623906298e-81 3.82253482743e-73 2.53261688767e-103 1.9840313168e-103 0.00284142381574
summers 0.0014418277305 0.00242717967627 2.53360592668e-103 1.9840313168e-103 2.85945072922e-103
summon 1.43862918226e-103 0.00243258812381 2.53261688767e-103 2.0012900046e-103 2.84142381574e-103
sunk 6.3406278578e-47 0.00243258812381 7.87236864742e-74 3.56567211066e-80 2.84143725086e-103
supposed 0.00143846079429 0.0024328728522 2.53360797188e-103 1.9840313168e-103 2.84142381574e-103
sure 0.00143862918226 2.43258812381e-103 1.17864827848e-81 8.84561459636e-103 2.84142381574e-103
surly 1.43862918226e-103 2.43309771946e-103 0.00253261688767 2.31404024824e-71 2.84142381574e-103
survive 0.00143862918226 2.4371345738e-103 1.27086178543e-83 2.64210506805e-103 2.86225661084e-103
sway 1.43862918226e-103 2.43258812381e-103 2.53261688767e-103 1.9840313168e-103 0.00284142381574
swear 1.44000444116e-103 0.00486517624762 2.53301405635e-103 1.6205206983e-99 2.84915658308e-103
swearing 1.43862918226e-103 2.43258812381e-103 2.53261688767e-103 1.9840313168e-103 0.00284142381574
sweet 0.0100653855983 2.43463753742e-94 0.00760668573154 1.57819510993e-70 2.8431673153e-103
sweetest 0.00287725836451 2.43260662498e-103 2.53833102702e-103 1.9840313168e-103 2.84142381574e-103
sweets 1.43862918226e-103 0.00238695725222 9.62532282435e-21 0.00400527940587 2.84142381574e-103
sweetst 0.00143862918226 2.43258812381e-103 1.15106577641e-16 2.00702820756e-103 2.84142381574e-103
swift 1.43862918226e-103 2.43303480687e-103 0.00253261688767 5.51817310171e-54 2.84142381574e-103
table 0.00143862918226 2.43827573943e-103 2.48046037338e-56 5.59115442526e-100 2.84157719263e-103
take 1.4779311701e-103 0.00245680374073 0.00250740551721 6.01864471665e-70 2.84142381574e-103
taste 1.43862918226e-103 2.43258812381e-103 2.53261688767e-103 1.9840313168e-103 0.00284142381574
tattered 1.43862918226e-103 2.4331805834e-103 0.00253261688767 1.19726197001e-67 2.84142381574e-103
taught 1.43862918226e-103 0.00243258812381 5.6943035902e-56 5.85678041669e-73 2.84142381574e-103
temperate 1.43862918226e-103 2.43258812381e-103 2.53261688767e-103 1.9840313168e-103 0.00284142381574
temptation 0.00143862918226 2.4396746034e-103 2.54170176937e-103 0.0019840313168 2.84142381574e-103
tend 1.43862918226e-103 2.43258812381e-103 2.53261688767e-103 1.9840313168e-103 0.00284142381574
tender 1.43862918226e-103 1.0729894649e-96 0.00506523377534 1.25052957741e-40 2.8436457452e-103
term 1.43873505113e-103 2.43988290175e-103 2.53261688767e-103 0.0019840313168 2.84143312424e-103
th 1.43862918226e-103 0.00243258812381 2.53261688767e-103 2.00131354007e-103 2.84142381574e-103
than 0.00416073604552 0.0184676065683 0.00383968635375 2.41002186944e-77 2.85115745696e-103
that 0.00706391050088 0.0370435601847 1.20473583219e-07 0.0473424399621 2.84236365783e-103
the 0.032716197989 0.00444564678314 0.018100382163 0.052148919348 2.84345971654e-103
thee 0.00746381630647 7.39469777958e-13 0.0236653419201 0.00291149839635 0.00284189106097
their 0.00972705271702 2.43353393877e-103 0.000788165357883 0.0058081720532 2.84142381574e-103
them 0.00143862918226 2.43258812381e-103 2.53738536377e-103 1.9840313168e-103 2.84142381574e-103
then 2.88390431842e-31 0.00239450435786 1.12176053784e-51 0.0039991239479 2.84142381574e-103
thereby 1.43862918226e-103 2.43855079455e-103 7.60891302914e-94 0.0019840313168 2.84142381574e-103
therefore 1.43949004015e-103 0.00486517624762 2.53833097116e-103 4.93537484606e-46 2.84149976141e-103
therein 0.00143862918226 2.43287509017e-103 2.5524339669e-103 1.9840313168e-103 2.84142381574e-103
these 1.43862918226e-103 0.00729776437142 7.30577356732e-81 2.52832674418e-85 2.84142381574e-103
they 0.0052651324948 2.83365294953e-14 4.0281711227e-87 0.00861104112361 2.84153359515e-103
thine 0.00430684209056 3.67563697023e-78 2.71346166412e-55 4.68873567768e-66 0.0057007132323
thing 1.43862918226e-103 2.44837610123e-103 0.00506523377534 2.94965531837e-34 2.84142381574e-103
things 0.00287687272745 2.43540533755e-103 0.00253329577764 2.43015162409e-22 2.84280517135e-103
this 0.00971754935932 8.37388640115e-88 0.00259883634604 0.00440281343651 2.84142381574e-103
thorns 1.4580836245e-103 1.16925004209e-77 2.55144777963e-103 1.98541089314e-103 0.00284142381574
those 1.43925095455e-103 0.00211688583504 0.00467084533271 0.00255048039259 2.84279784663e-103
thou 0.00574578092662 0.03854945627 4.99402136897e-06 0.0161837532614 2.84429065991e-103
though 1.43863671651e-103 1.58721578171e-70 0.00759675362639 0.00198489072629 2.8478128183e-103
thought 0.00431588754677 2.45190293314e-103 1.32228489819e-45 5.30769844132e-83 3.17087560486e-103
thousand 1.43862918226e-103 2.43375038808e-103 0.00253261688767 2.25971084068e-39 2.84142381574e-103
three 1.43862918226e-103 2.43346406907e-103 0.00253261688767 1.9840313168e-103 2.84756589364e-103
thrust 1.43862918226e-103 2.43258812381e-103 2.53261688767e-103 1.9840313168e-103 0.00284142381574
thus 1.43862918226e-103 0.00486517624762 2.53261688767e-103 2.00130902324e-103 0.00284142381574
thy 0.0229110755624 0.0136546084401 7.39464162416e-21 0.0366275362148 2.84142402417e-103
tie 1.82526397038e-97 2.43328247571e-103 0.00253261688767 1.67071646836e-75 2.84142381574e-103
tied 0.00287725836451 2.43258812381e-103 8.03898976914e-102 2.4600413604e-70 2.84142381574e-103
till 1.43862918226e-103 0.00239240516235 2.24441367001e-28 0.0040008360625 2.84142381574e-103
time 1.4526108562e-103 2.4802324118e-103 5.0670104669e-97 1.98641690943e-103 0.00852427144721
times 2.21990084175e-18 6.52604643246e-38 0.00534867858218 0.00374601429454 2.84272648601e-103
tired 1.43862918226e-103 2.43258812381e-103 2.53261688767e-103 1.9840313168e-103 0.00284142381574
titles 0.00143862918226 2.43271692804e-103 2.54419337725e-103 1.9840313168e-103 2.84142381574e-103
to 0.0406967026238 0.0155502386054 0.00252131102725 0.0383383674263 2.84144267502e-103
toil 1.43862918226e-103 2.45437928558e-89 0.00253261688767 1.9840313168e-103 2.84142381574e-103
tomb 1.82487174929e-103 8.44764610694e-55 0.00253261688767 1.98667193731e-103 2.84209572483e-103
tomorrow 1.43862918226e-103 0.00243258812381 2.53261688767e-103 1.98403131706e-103 2.84142381574e-103
tongue 1.43862918226e-103 2.43298626006e-103 0.007597850663 4.10073396054e-38 2.84142381574e-103
too 3.98293214944e-77 4.91867844352e-98 0.0101304675507 2.42283147671e-71 5.96730475862e-90
tops 1.43862918226e-103 5.16745463637e-60 0.00253261688767 1.9840313168e-103 2.84509990347e-103
torment 0.00143862918226 2.43258894104e-103 1.48222912705e-96 2.36921593474e-74 2.84142381574e-103
touches 0.00143862918226 2.43258812381e-103 2.39395666498e-70 4.45893958751e-80 2.84142381574e-103
travel 0.00143589649348 5.2563081373e-70 0.00253742761571 2.13273100532e-103 2.84142381574e-103
travels 0.00143862918226 2.43260630404e-103 2.53456438603e-103 1.9840313168e-103 2.84142381574e-103
treasure 1.43862918226e-103 3.27375814241e-103 2.53261688767e-103 1.9840313168e-103 0.00568284763148
trenches 1.43862918226e-103 1.71604152582e-45 0.00253103825408 1.9840313168e-103 1.77111946784e-06
trifle 1.43862918226e-103 3.87427009555e-90 2.62458502966e-103 0.0019840313168 2.84142381574e-103
trim 1.43862918226e-103 2.43258812381e-103 2.53261688767e-103 1.9840313168e-103 0.00284142381574
tripping 0.00143862918226 2.43258812381e-103 8.55922814088e-40 1.3174540124e-56 2.84142381574e-103
true 0.00287725836451 2.43318866996e-103 2.56942252111e-103 1.9840313168e-103 2.84142381574e-103
truest 1.43862918226e-103 2.62721782544e-103 0.00253261688767 1.98427449221e-103 2.84142381574e-103
trust 1.43862918226e-103 2.43258812381e-103 2.53261688767e-103 1.9840313168e-103 0.00568284763148
truth 0.000124231365115 3.92435422582e-59 2.37445496726e-34 0.00577941814782 0.00284335261487
turns 0.00143862918226 2.43258812381e-103 2.53593916108e-103 2.26546360415e-103 9.41935207487e-86
twice 0.00143862918226 2.43258812857e-103 4.43393524665e-86 2.00702683087e-103 2.84142381574e-103
twixt 0.00143862918226 2.45893013024e-103 2.53727604847e-103 1.9840313168e-103 2.84142381574e-103
two 0.00143862918226 2.43313653939e-103 2.53738306372e-103 1.9840313168e-103 2.84142381574e-103
tyrant 0.00287725836451 2.43423266854e-103 2.90504757468e-80 1.99541513246e-103 2.10244652576e-91
unbless 1.43862918226e-103 2.43374664681e-103 0.00253261688767 1.9840313168e-103 2.85382611056e-103
uncertain 1.43862918226e-103 2.43863173321e-103 2.53261688767e-103 0.0019840313168 2.84142381574e-103
under 0.00300818629865 5.68547074038e-85 2.54438488529e-103 0.00180346698182 2.84142381575e-103
undivided 0.00143862918226 2.43258812381e-103 1.17031334554e-98 2.0072195307e-103 2.84142381574e-103
unfair 0.00143862918226 8.7864857489e-48 2.55375154592e-103 1.56844788479e-86 2.85709551264e-103
unfathered 1.43862918226e-103 2.43258812381e-103 2.53261688767e-103 1.9840313168e-103 0.00284142381574
unhappily 0.00143862918226 2.43258812381e-103 2.5336082158e-103 1.9840313168e-103 2.84142381574e-103
unkindness 0.00143862918226 2.43258812381e-103 6.35127890213e-85 6.51720199614e-95 2.84142381574e-103
unlearned 1.43862918226e-103 0.00243258812381 2.53261688767e-103 2.0212655432e-103 2.84142381574e-103
unless 1.43862918226e-103 0.00243258812381 2.53261688767e-103 2.00131353966e-103 2.84142381574e-103
unlooked 1.43862918226e-103 0.00243258812381 2.53261688767e-103 2.02505962182e-103 2.84142381574e-103
unmoved 1.43862918226e-103 0.00243258812381 2.53261688767e-103 4.96067388351e-83 2.84142381574e-103
unprovident 1.43862918226e-103 2.43258812381e-103 2.53261688767e-103 1.9840313168e-103 0.00284142381574
unrespected 1.43862918226e-103 2.43258812381e-103 2.53261688767e-103 1.9840313168e-103 0.00284142381574
unswept 1.43862918226e-103 2.43863173321e-103 2.53261688767e-103 0.0019840313168 2.84142381574e-103
unto 1.44345723985e-103 2.44247475267e-103 2.64460020465e-103 0.0019840313168 2.84142931424e-103
up 1.43982175357e-103 0.00429637317424 7.67125632177e-17 0.00641601264654 2.84142511021e-103
upon 1.4386291862e-103 0.00642847296676 0.0128893502249 0.00449980638671 2.84548575905e-103
urge 1.43862918226e-103 2.43258812381e-103 2.53261688767e-103 1.9840313168e-103 0.00284142381574
use 1.43862918226e-103 0.00243318557152 0.00253199487272 2.00130855666e-103 2.84142381574e-103
uttering 1.43862918226e-103 0.00243258812381 2.53261688767e-103 1.9840313168e-103 2.84142381574e-103
valley 1.43862918226e-103 2.43742183088e-103 0.00253261688767 2.04312535454e-27 2.84142381574e-103
variation 0.00143862918226 2.43260745721e-103 4.86847074641e-101 4.35658430576e-91 2.84146511507e-103
vassal 9.42147984763e-99 8.56399402292e-81 2.53261688767e-103 1.9840313168e-103 0.00284142381574
verse 0.00143862918226 2.43258846636e-103 2.55923831958e-103 1.98941878023e-103 0.00852427144721
view 5.06004669569e-57 2.43720532232e-103 0.00255832425961 0.00196389237227 0.00284142381574
vile 1.43862918226e-103 2.43310979871e-103 0.00253261688767 8.05943342782e-73 2.84142381574e-103
vilest 0.00143862918226 2.43258812381e-103 2.03119720646e-100 1.23297722021e-56 2.84142381574e-103
virtuous 0.00143689845609 8.12306747049e-99 3.04683539661e-06 3.37035105446e-72 2.84142381574e-103
vowing 7.57170080034e-76 2.43833377903e-103 4.0202742521e-53 0.0019840313168 2.84142381574e-103
vulgar 0.00142195359726 2.43855788854e-103 6.62777944785e-95 0.00200702882252 2.84142381574e-103
wail 0.00142684737102 0.00245251007065 1.82994855452e-63 5.08872498927e-55 2.84142381631e-103
walls 1.43862918226e-103 2.44456113899e-103 0.00253261688767 1.9840313168e-103 1.8679444752e-90
want 1.43862918226e-103 0.00243258812381 2.53261688767e-103 1.98894577989e-103 2.84142381574e-103
wanting 0.00143862918226 2.43258812381e-103 2.5336082158e-103 1.9840313168e-103 2.84142381574e-103
war 0.00287725836451 2.56438891396e-103 1.3514128004e-75 5.39834953669e-87 2.84142433654e-103
wards 1.43862918226e-103 2.43331080447e-103 0.00253261688767 1.9840313168e-103 2.84419176877e-103
was 1.43862960116e-103 2.44020946018e-103 0.00505852583227 0.00198928626443 2.84143111768e-103
waste 1.44010243945e-103 2.43581088659e-103 0.00242750983954 2.01414869789e-103 0.00580077058746
way 1.43862918226e-103 2.43258812381e-103 2.53261688767e-103 1.9840313168e-103 0.00284142381574
we 0.00143712097268 0.00263095912659 0.00232874391773 1.99993969933e-103 2.84142381574e-103
weakens 1.43862918226e-103 1.34821184693e-58 0.00253261688767 1.9840313168e-103 2.84142381574e-103
wealth 1.72699428318e-89 5.97473545317e-82 0.00506521496555 1.3847686456e-36 2.11033014021e-08
weary 0.00141775019072 2.43389555503e-103 0.00256937304917 1.98866926995e-103 2.84142381574e-103
weed 0.00143862918226 2.43258812381e-103 3.95432420171e-78 1.68855858428e-46 2.84722232807e-103
weeds 1.44118424808e-103 0.00486517624762 2.53261688767e-103 1.05283460486e-59 2.85040731353e-103
were 1.82535774484e-86 2.4491358627e-103 0.0101304675507 2.15729835174e-51 2.84142381574e-103
what 1.43930756594e-103 0.0187376777148 0.00237307461051 0.00071468885701 2.84376932262e-103
when 0.00273115219087 0.0369684487505 0.00696655019005 0.00228889761964 2.84385953453e-103
where 1.43862918226e-103 1.15731776643e-71 0.0126553021969 1.60235245757e-23 0.00285015496105
wherein 1.43862918226e-103 0.00243318557152 0.00253199487272 2.00117307972e-103 2.84142381574e-103
whereon 1.43862918226e-103 0.00243258812381 2.53261688767e-103 2.0163728258e-103 2.84142381574e-103
whereto 1.43862918226e-103 0.00243258812381 2.53261688767e-103 9.37148743043e-68 2.84142381574e-103
wherever 0.00143862918226 2.43318974868e-103 2.53643752485e-103 1.9840313168e-103 2.84142381574e-103
which 4.35070709313e-82 0.031883432933 0.0171854211909 0.00219744852586 2.84389768241e-103
while 1.4393354761e-103 0.00973035249523 2.53261688767e-103 5.134741382e-72 2.8414245869e-103
white 1.43862918226e-103 2.43258812381e-103 2.53261688767e-103 1.9840313168e-103 0.00284142381574
who 1.43862918226e-103 0.00973035249523 2.53261688767e-103 5.7914451441e-85 2.84142381574e-103
whose 0.00143757142733 0.00242821866025 7.43394861399e-63 0.00397308515333 2.84142381574e-103
wide 1.43862918226e-103 2.4334756414e-103 0.00253261688767 3.56512083582e-30 2.84142381574e-103
wife 1.43862918226e-103 2.43258812381e-103 2.53261688767e-103 1.9840313168e-103 0.00284142381574
wights 1.43862918226e-103 2.43258812381e-103 2.53261688767e-103 1.9840313168e-103 0.00284142381574
will 1.44583910185e-103 3.44226489394e-07 0.00502382715931 0.00993605338707 0.00570613440444
wilt 1.43862918226e-103 0.00243258812381 2.58088172836e-103 5.7204009177e-49 2.84142381574e-103
win 1.43862918226e-103 2.43258812381e-103 2.53261688767e-103 1.9840313168e-103 0.00284142381574
wires 1.46886286791e-103 0.00256920855069 2.53261688767e-103 5.73629868173e-50 0.0026818421213
wiry 0.00143862918226 2.43492226615e-103 2.53737558154e-103 1.9840313168e-103 2.84142381574e-103
wit 1.43862918226e-103 2.43258812381e-103 2.53261688767e-103 1.9840313168e-103 0.00284142381574
with 0.013182844487 0.0189768712677 0.00827184031626 0.0412069347438 2.84142833822e-103
within 1.43862918226e-103 2.43258812381e-103 2.53261688767e-103 1.9840313168e-103 0.00284142381574
without 1.43862918307e-103 0.00486566967371 0.00506472005933 6.77100215218e-14 2.84142383181e-103
witness 0.00143862918226 2.43258812381e-103 6.01200162425e-102 1.77282036755e-22 2.84142381574e-103
woeful 0.00143862918226 2.43351823722e-103 9.42535777906e-100 1.9840313168e-103 2.84142381574e-103
woes 0.00143862918226 2.43258812381e-103 3.40209925218e-89 1.99488103298e-103 2.84142381574e-103
woman 1.43862918226e-103 2.43681131875e-103 1.21036038275e-32 0.0019840313168 2.84142381574e-103
womb 0.00143862918226 2.43297018084e-103 3.21334877787e-42 2.0108176621e-103 2.84986151142e-103
womens 0.00143862918226 2.43291808428e-103 2.55107136902e-103 1.9840313168e-103 2.84142381574e-103
wood 1.43862918226e-103 9.77722925398e-45 0.00253261688767 1.9840313168e-103 2.8463406602e-103
work 1.43862918302e-103 2.43847742514e-103 2.43875924409e-79 0.0019840313168 2.84142381587e-103
works 0.00143862918226 2.43259013967e-103 2.53749165904e-103 1.9840313168e-103 2.84142381574e-103
world 0.00719314591128 2.85064787024e-103 1.0604126065e-47 1.39852025461e-54 2.84291717522e-103
worlds 1.44201585613e-103 2.43319124194e-103 0.00253261688767 4.92370635747e-79 2.84142381574e-103
worms 1.43862918226e-103 2.43324869016e-103 0.00253261688767 1.9840313168e-103 2.84281393784e-103
worser 0.00143862918226 2.43258812381e-103 8.24053215002e-101 6.21425653611e-77 2.84142381574e-103
worst 1.43909573758e-103 2.43316004385e-103 0.00253261688767 6.57880802264e-66 2.84259810465e-103
worth 0.00144356013377 2.44420040668e-103 0.00252393625528 3.29867785097e-76 2.04171901729e-100
worthy 0.00143862918226 2.43262148626e-103 2.53738522381e-103 1.9840313168e-103 2.84142381574e-103
would 1.43862918226e-103 2.43328079683e-103 0.00253261688767 1.9840313168e-103 2.84352293682e-103
wound 1.43862918226e-103 4.54308182578e-87 0.00253261688767 1.9840313168e-103 2.84142381574e-103
wrinkles 6.32210019321e-87 0.00243258812381 2.53871248665e-103 5.62287103663e-45 2.86036683256e-103
year 1.43862918226e-103 2.43258812381e-103 2.53261688767e-103 1.9840313168e-103 0.00284142381574
yellow 1.43862918226e-103 2.43862776857e-103 2.5378481123e-103 0.0019840313168 2.84142381574e-103
yet 1.43862918226e-103 0.00973008369849 0.00253289673742 3.26324426271e-66 2.84191769714e-103
you 0.00706389697817 3.94661894183e-26 3.41440386013e-65 0.0140661901467 0.00568324558892
your 0.0201988181451 2.44749241291e-103 2.12580690186e-43 0.00587209220179 2.84153230808e-103
yours 0.00143862918226 2.43264507345e-103 2.54621219226e-103 2.00029973958e-103 2.84267835677e-103
youth 0.00427742681975 3.18329936143e-35 2.32654076698e-32 1.05851911177e-96 0.00291738725863
youthful 0.00143862918226 2.43275082212e-103 2.54596952542e-103 1.9840313168e-103 2.84142381574e-103
