1.719408622730728142e-02 1.757127077349570706e-07 9.463686007800202620e-39 4.042641877195800593e-01 2.720505138332397459e-18 3.486578561658172546e-26 1.797038348445975783e-03 5.767445119919488716e-01 1.257244555942793112e-36 1.008420342644875038e-14 2.546863070275568321e-103 1.345227709904349546e-33
6.707604022706731707e-28 1.277890249468100554e-37 1.477879525828797033e-59 2.771199627125294930e-16 3.222248007702377404e-02 2.457258676415347038e-25 1.233040358366840529e-13 1.289986083104373961e-17 1.533274106378009591e-50 9.677775199228526581e-01 5.239539208877805433e-103 7.251420599216889249e-43
2.326289170666969201e-39 9.210287142252958294e-49 6.379741207503773112e-59 1.658473689090299458e-62 7.253081014083521127e-01 2.746918985916477762e-01 4.173816279294346052e-58 1.749992859190375869e-22 1.021779323546092844e-38 9.746464049264508041e-30 5.439991284073019408e-103 5.439991284073019408e-103
1.471316102933409032e-16 9.423032833501528178e-13 5.969549882180113084e-73 1.336237829930957827e-02 2.495979949124856293e-27 1.375769518775395764e-21 8.675652050992251896e-01 1.659002465544687015e-18 3.372047624784104420e-35 2.575736551156738606e-14 3.587639296888477053e-103 1.190724166004970275e-01
7.188753917545769066e-17 1.078283230155767380e-02 5.133686843239281122e-46 1.465872653437771893e-25 3.609128555368550373e-01 6.232171762812689364e-01 5.087135880208412675e-03 1.099989697109432717e-13 1.340744124517966547e-23 1.839154876423212968e-21 4.581966909810418416e-103 4.287495122206782651e-54
9.105894360171210566e-01 8.941056398287884621e-02 3.969842255903631232e-103 2.720877827634946830e-25 8.363739296345236909e-32 1.412407572733472825e-22 1.748412062529894235e-30 7.142360552052359524e-30 1.188562283492875116e-55 4.512540635003298608e-31 3.859629526296981706e-103 1.987833475867361729e-45
7.554358898653412218e-15 7.617483579905706239e-06 3.129880711688062809e-103 5.840209898011473635e-11 1.386582859300657060e-71 6.963168422577184491e-02 9.020788083700327989e-03 7.902632583260035815e-02 4.857816159191833762e-28 5.656237028707338937e-26 3.129625461014013929e-103 8.423135843159379466e-01
1.106830565606159428e-05 3.333141620198902810e-01 9.766663275346798782e-39 3.625874259737260630e-01 2.271058951122335188e-36 1.636305663491251228e-01 4.546477203531624747e-15 4.610326366495940548e-02 7.316262206832210194e-25 9.435351368647605652e-02 3.682261251563148633e-103 1.624428536024858875e-13
5.484770309514317432e-01 3.903951438578840416e-01 8.332377901275150502e-103 1.518321747085102978e-62 5.818114397891850704e-37 4.829678759837770489e-46 3.162082374855574125e-61 6.112782519068416659e-02 3.001970944659735337e-100 1.938010253224650229e-48 8.321116819707514593e-103 8.321116819707514593e-103
3.995868836361452514e-01 1.326484327972244914e-01 2.066685198369104360e-58 8.468264636176923987e-02 2.297770400600593531e-31 2.802910760869072732e-02 3.471119331043546197e-01 8.743303880972688055e-06 5.925464834885428892e-26 3.233615952974374573e-18 4.754424338993633151e-103 7.932253187934668048e-03
5.389083123245359852e-89 2.490549670627618337e-64 6.046836313582543143e-01 5.446530946291073589e-98 1.488168377911501472e-66 3.405532099051996758e-26 3.293768699330854954e-103 6.877583115508613488e-60 3.953163686417457412e-01 1.901411402242333844e-61 3.289473684210526616e-103 3.289473684210526616e-103
0.000000000000000000e+00 0.000000000000000000e+00 0.000000000000000000e+00 0.000000000000000000e+00 0.000000000000000000e+00 0.000000000000000000e+00 0.000000000000000000e+00 0.000000000000000000e+00 0.000000000000000000e+00 0.000000000000000000e+00 0.000000000000000000e+00 0.000000000000000000e+00
