 0 1 2 3 4
above 0.00127624561187 2.82864731969e-103 3.28947368421e-103 2.65572208726e-91 1.7217822567e-103
absence 1.77694020385e-62 2.01035427923e-95 3.28947368421e-103 0.0023643071164 3.84217732827e-102
absent 0.00127624561187 2.82863868936e-103 3.28947368421e-103 3.7418654796e-76 1.72126543881e-103
account 1.13628006598e-84 2.82863868936e-103 3.28947368421e-103 2.36430712333e-103 0.00172126543881
accuse 0.00127624561187 8.40149243244e-46 3.28947368421e-103 2.3643071164e-103 1.72126543881e-103
achieve 1.27624561187e-103 2.82863868936e-103 0.00328947368421 2.3643071164e-103 1.72126543881e-103
acquainted 1.27624561187e-103 2.82863868936e-103 0.00328947368421 2.3643071164e-103 1.72126543881e-103
act 0.00127624561186 2.83006860598e-103 3.28947368421e-103 4.34815252779e-65 1.64218117161e-15
actor 0.00127624561187 2.82863868936e-103 3.28947368421e-103 4.52893173791e-79 1.72126543881e-103
admitted 1.2762456136e-103 6.1498619266e-94 3.28947368421e-103 0.0023643071164 2.57490951755e-100
advantage 1.27624561749e-103 1.05935922655e-70 3.28947368421e-103 1.08038172936e-29 0.00172126543881
after 7.96313226287e-70 0.00282863868936 3.28947368421e-103 2.3643071164e-103 1.72126543881e-103
against 1.27651190318e-103 0.0102578376354 3.28947368421e-103 7.09351831587e-47 0.00236429230104
age 1.27624561217e-103 2.63107395475e-29 3.28947368421e-103 2.3643071164e-103 0.00172126543881
ah 0.00255249122373 2.8286387809e-103 3.28947368421e-103 2.3643071164e-103 1.72126543881e-103
aid 1.27624561187e-103 2.82863868936e-103 0.00328947368421 2.3643071164e-103 1.72126543881e-103
air 1.27624561211e-103 2.86974680966e-103 3.28947368421e-103 0.0023643071164 1.72126543958e-103
alack 0.00127624561187 3.21476953932e-41 3.28947368421e-103 2.3643071164e-103 1.72126543881e-103
alas 0.00127624561187 1.99166579345e-20 3.28947368421e-103 2.3643071164e-103 1.72126543881e-103
alien 0.00127624561187 2.82863868942e-103 3.28947368421e-103 2.3643071164e-103 1.72126578585e-103
alike 1.27624623593e-103 6.95650265172e-51 3.28947368421e-103 2.36430956347e-103 0.00172126543881
all 0.0102531064795 3.62017767439e-36 0.00657894736842 0.000320276936552 0.00659370857361
allayed 1.27624561187e-103 2.82863868936e-103 0.00328947368421 2.3643071164e-103 1.72126543881e-103
alone 1.27624561247e-103 1.2585277766e-61 0.00328947368421 0.0023643071164 1.72126543881e-103
alteration 0.00127624561187 2.83160189388e-103 3.28947368421e-103 1.94518413431e-34 1.7298453849e-103
altered 0.00127624561187 2.82863868936e-103 3.28947368421e-103 2.364308571e-103 1.35598104616e-51
alters 0.00127624561187 2.82863868943e-103 3.28947368421e-103 2.11862486864e-31 1.72129867558e-103
am 0.00456610294459 3.63305605465e-12 3.28947368421e-103 0.00809122185484 2.02387450034e-22
amends 1.27624561187e-103 2.82863868936e-103 0.00328947368421 2.3643071164e-103 1.72126543881e-103
amis 1.27624561187e-103 2.82863868936e-103 0.00328947368421 2.3643071164e-103 1.72126543881e-103
amiss 1.27624561187e-103 2.82863868936e-103 0.00328947368421 2.3643071164e-103 1.72126543881e-103
an 3.02851708253e-11 1.45371963924e-53 3.28947368421e-103 0.00236430706029 1.72126543881e-103
and 0.0182574147213 0.0755925677974 3.28947368421e-103 2.36431896917e-103 0.00855542104754
angel 8.56428610506e-62 1.24804504421e-24 3.28947368421e-103 2.36430939811e-103 0.00172126543881
any 1.27624561187e-103 2.82863868936e-103 0.00328947368421 2.3643071164e-103 1.72126543881e-103
appearing 0.00127624561187 2.8286388728e-103 3.28947368421e-103 2.36432583654e-103 1.72126550041e-103
appetite 2.60343462793e-20 2.82863868936e-103 3.28947368421e-103 2.3643071164e-103 0.00172126543881
applying 6.77573524022e-67 0.00282863868936 3.28947368421e-103 2.3643071164e-103 1.72126543881e-103
are 0.0046337267142 0.0030343363194 0.00328947368421 0.00697597924993 0.00575934281768
argument 1.97778917128e-86 3.52182176622e-103 3.28947368421e-103 2.36431113647e-103 0.00344253087762
arrest 1.27624561187e-103 2.82863868936e-103 0.00328947368421 2.3643071164e-103 1.72126543881e-103
art 0.0102099648949 2.82863868936e-103 0.00328947368421 2.36432390774e-103 1.2622291118e-49
as 0.00832187520768 0.0246850605281 3.28947368421e-103 0.0162559432837 0.00323083578642
aside 1.27624561187e-103 2.82863868936e-103 0.00328947368421 2.3643071164e-103 1.72126543881e-103
asleep 1.27624561187e-103 2.82863868936e-103 0.00657894736842 2.3643071164e-103 1.72126543881e-103
at 2.48365867941e-77 1.06704213781e-18 3.28947368421e-103 0.00228058887282 0.00522474496319
aught 1.32613167338e-103 2.82863868936e-103 3.28947368421e-103 2.36430712086e-103 0.00172126543881
away 1.27624561187e-103 2.82863868936e-103 0.00328947368421 2.3643071164e-103 1.72126543881e-103
babe 2.0194923086e-36 2.82863868936e-103 3.28947368421e-103 2.36431799359e-103 0.00172126543881
bar 1.27624561187e-103 2.82863868936e-103 0.00328947368421 2.3643071164e-103 1.72126543881e-103
bare 1.27624561241e-103 5.45515770528e-55 3.28947368421e-103 0.0023643071164 1.40483700125e-77
barren 1.28993459612e-103 2.82863868936e-103 3.28947368421e-103 2.36430711812e-103 0.00172126543881
bars 1.27624561187e-103 2.82863868936e-103 0.00328947368421 2.3643071164e-103 1.72126543881e-103
base 3.0312548232e-45 4.08753827325e-84 3.28947368421e-103 2.36746027029e-103 0.00172126543881
bases 1.29403565729e-103 2.82863868936e-103 3.28947368421e-103 2.36430712004e-103 0.00172126543881
bastard 1.27624561247e-103 3.61036499098e-49 3.28947368421e-103 0.0023643071164 1.72126543881e-103
be 0.0150179552969 4.19725050973e-19 0.00657894736842 0.0100074206858 1.28039395926e-25
bear 1.27624561187e-103 0.00282863868936 0.00328947368421 2.3643071164e-103 4.58663955807e-36
bearst 0.00127624561187 2.82863868936e-103 3.28947368421e-103 8.31462326155e-78 1.72126544074e-103
beauteous 0.00255249122373 2.82969809383e-103 3.28947368421e-103 1.24167029813e-71 1.73263532683e-103
beauties 0.00127624258562 2.86945782745e-103 3.28947368421e-103 5.60627424836e-09 1.84570542648e-103
beautiful 1.27624561382e-103 3.30976522797e-52 3.28947368421e-103 2.3643071164e-103 0.00172126543881
beauty 0.00128750708928 6.60143295625e-50 3.28947368421e-103 0.00749872675731 0.00829570400672
beautys 1.27624561187e-103 5.62780356219e-25 3.28947368421e-103 2.3643071164e-103 0.00172126543881
bed 1.27624561199e-103 7.26837363533e-66 0.00328947368421 2.3643071164e-103 0.00172126543881
been 1.27624561187e-103 1.35198111495e-32 0.00328947368421 2.3643071164e-103 0.00172126543881
befits 1.27624561187e-103 2.82863868936e-103 0.00328947368421 2.3643071164e-103 1.72126543881e-103
before 1.27624561281e-103 0.00296402291355 0.00328947368421 2.3643071164e-103 0.00163888228152
befriends 1.27624561187e-103 2.44593255107e-30 3.28947368421e-103 2.3643071164e-103 0.00172126543881
begins 7.50038133382e-90 2.17890202538e-66 3.28947368421e-103 2.36432304829e-103 0.00172126543881
behold 1.27624601218e-103 2.82863868936e-103 0.00657894736842 2.3643071164e-103 0.00172126543881
being 1.27624561232e-103 0.00565727737872 3.28947368421e-103 2.3643071164e-103 1.72126543881e-103
believe 1.27624561187e-103 3.93559459181e-52 3.28947368421e-103 2.36430956344e-103 0.00172126543881
beloved 1.27624561213e-103 1.34947101276e-49 3.28947368421e-103 3.99621516341e-33 0.00172126543881
bequest 1.27624561247e-103 6.78148522317e-52 3.28947368421e-103 0.0023643071164 1.72126543881e-103
beshrew 2.10008508126e-65 0.00282863868936 3.28947368421e-103 2.3643071164e-103 1.72126543881e-103
besiege 0.00127624561187 2.82863868936e-103 3.28947368421e-103 2.36430966541e-103 9.99413095424e-63
best 0.00127624561187 3.57004596149e-103 3.28947368421e-103 2.36432573495e-103 1.03249048784e-68
bestowst 1.27624561187e-103 2.82863868936e-103 0.00328947368421 2.3643071164e-103 1.72126543881e-103
better 6.75715516293e-70 4.70135110526e-54 3.28947368421e-103 0.00554756402903 0.00112505271729
betwixt 0.00127624561187 3.55199635017e-103 3.28947368421e-103 2.3643071164e-103 1.72126543881e-103
birth 1.27624561192e-103 8.61931879179e-55 3.28947368421e-103 4.48516291716e-101 0.00172126543881
black 0.00257521380144 2.27093557748e-59 3.28947368421e-103 0.00232221243519 1.72126543881e-103
blame 1.27624561187e-103 2.82863868936e-103 0.00328947368421 2.3643071164e-103 1.72126543881e-103
blamed 1.27624561219e-103 1.5482447648e-68 3.28947368421e-103 0.0023643071164 1.72158471865e-103
blessed 0.00127624561187 2.82863868936e-103 3.28947368421e-103 2.36432477685e-103 1.75042687681e-103
blind 0.00127624561187 2.82863868936e-103 0.00328947368421 2.3643071164e-103 7.80562431026e-82
blood 1.27624561194e-103 1.92783086042e-24 3.28947368421e-103 0.0021841682898 0.00185241030331
bloody 0.00127624561187 2.82863868936e-103 3.28947368421e-103 9.8501070377e-81 1.72126543881e-103
blots 1.27624686161e-103 6.93265680333e-55 3.28947368421e-103 1.84477010598e-49 0.00172126543881
blunt 2.56463935411e-90 0.00282863868936 3.28947368421e-103 2.36431050815e-103 1.72126543881e-103
boast 6.54158352378e-89 1.25262467123e-43 3.28947368421e-103 2.36430763928e-103 0.00172126543881
body 1.27624561245e-103 7.68021475932e-57 3.28947368421e-103 0.0023643071164 1.72126612992e-103
bootless 1.27624561361e-103 3.12045777229e-95 3.28947368421e-103 0.0023643071164 1.50840461751e-98
bore 1.28257930543e-103 2.77149207141e-20 3.28947368421e-103 2.36430726623e-103 0.00172126543881
born 1.27624561187e-103 2.82863868936e-103 0.00328947368421 2.3643071164e-103 1.72126543881e-103
bosom 1.2762465735e-103 2.84114984788e-103 3.28947368421e-103 2.36431083027e-103 0.00172126543881
both 0.00276277015075 0.00236258176192 3.28947368421e-103 2.36430712137e-103 1.72126543881e-103
boughs 1.27624561194e-103 2.82981491332e-103 3.28947368421e-103 0.0023643071164 1.72126543912e-103
boundless 0.00127624561187 2.82863868936e-103 3.28947368421e-103 2.3643263151e-103 1.72126543881e-103
bow 1.27624561187e-103 2.82863868936e-103 0.00657894736842 2.3643071164e-103 1.72126543881e-103
brain 1.27792539349e-103 2.84280587842e-103 0.00328947368421 0.00472861423279 1.76290609298e-103
brand 2.5790796972e-86 2.00982853144e-86 3.28947368421e-103 0.0023643071164 7.48009853176e-49
brass 1.27624561249e-103 2.82863868936e-103 3.28947368421e-103 2.3643071164e-103 0.00172126543881
breasts 0.00127615836087 2.82864095811e-103 3.28947368421e-103 2.36430809157e-103 1.17674940085e-07
bright 1.27624561187e-103 0.00282863868936 3.28947368421e-103 2.3643071192e-103 4.22645507053e-83
bring 1.27624561187e-103 2.82863868936e-103 0.00328947368421 2.3643071164e-103 1.72126543881e-103
brings 1.27624561187e-103 0.00282863868936 3.28947368421e-103 2.36430712519e-103 2.38125175778e-38
broke 1.27624561194e-103 7.63807514243e-82 3.28947368421e-103 0.0023643071164 1.31639551081e-38
broken 1.27624561187e-103 2.82863868936e-103 0.00328947368421 2.3643071164e-103 1.72126543881e-103
brought 1.27624561187e-103 2.82863868936e-103 0.00328947368421 2.3643071164e-103 1.72126543881e-103
brow 1.27624561187e-103 2.82863868936e-103 0.00657894736842 2.3643071164e-103 1.72126543881e-103
budding 2.0927419562e-15 3.80766671577e-17 3.28947368421e-103 0.00236430711639 2.73950168289e-44
buds 1.27624561213e-103 3.02404679983e-51 3.28947368421e-103 4.89891706173e-35 0.00172126543881
but 0.0152368163613 0.0295055366567 3.28947368421e-103 0.00385433388799 9.45412603899e-14
by 1.47267937275e-103 0.0226272568768 3.28947368421e-103 1.37719174684e-12 1.12735468379e-06
call 0.00255249122373 1.30795949141e-19 0.00657894736842 4.41262812001e-94 1.72126543881e-103
called 1.2762456136e-103 1.25655437617e-78 3.28947368421e-103 0.0023643071164 2.16374677986e-86
calls 1.48029026121e-45 7.46939758577e-66 3.28947368421e-103 2.36430711679e-103 0.00172126543881
can 0.00324730334874 1.77514327891e-28 3.28947368421e-103 2.36430713613e-103 0.00766923790173
cannot 1.2762456136e-103 5.03550310686e-96 3.28947368421e-103 0.0023643071164 9.23121150734e-99
canopy 1.27624561187e-103 2.82863868936e-103 0.00328947368421 2.3643071164e-103 1.72126543881e-103
canst 2.2078352281e-66 0.00282863868936 3.28947368421e-103 2.3643071164e-103 1.72126543881e-103
care 0.00127624557992 2.82863869638e-103 3.28947368421e-103 5.91729636009e-11 1.7212723898e-103
careful 0.00127621760363 6.48564205613e-67 3.28947368421e-103 2.3643071164e-103 0.00172130321336
case 1.27624561211e-103 2.19780712773e-61 3.28947368421e-103 0.0023643071164 1.81520061009e-21
cast 1.28009539391e-103 8.24376216014e-55 3.28947368421e-103 0.0023643071164 1.72126544531e-103
catch 1.27624561187e-103 2.82863868936e-103 0.00328947368421 2.3643071164e-103 1.72126543881e-103
centre 6.74697069584e-22 2.42186034534e-72 3.28947368421e-103 0.0023643071164 1.721265821e-103
change 1.27624561187e-103 2.82863868936e-103 0.00328947368421 2.3643071164e-103 1.72126543881e-103
changing 1.27624561194e-103 2.82863868936e-103 3.28947368421e-103 0.0023643071164 1.72126543881e-103
character 1.27624561247e-103 1.86488612332e-54 0.00328947368421 0.0023643071164 1.72126543891e-103
charter 6.7336734068e-95 3.10804591509e-80 3.28947368421e-103 6.08535241849e-48 0.00172126543881
chaste 0.00127624561187 2.82863868936e-103 3.28947368421e-103 5.16529257201e-86 1.72126543881e-103
cheap 1.27624561226e-103 2.83044221922e-103 3.28947368421e-103 0.0023643071164 1.7457242589e-103
cheater 1.27624561187e-103 5.44951761755e-52 3.28947368421e-103 2.3643071164e-103 0.00172126543881
check 5.75587397868e-64 3.21961525302e-34 3.28947368421e-103 2.3643071164e-103 0.00172126543881
cheek 1.27624566961e-103 1.80100225896e-36 3.28947368421e-103 2.36431838138e-103 0.00172126543881
chide 1.27624561187e-103 2.82863868936e-103 0.00328947368421 2.3643071164e-103 1.72126543881e-103
chief 1.27624561187e-103 2.82863868936e-103 0.00328947368421 2.3643071164e-103 1.72126543881e-103
child 4.09894859437e-66 2.61929103509e-79 3.28947368421e-103 1.13422872769e-67 0.00172126543881
chronicle 1.27786470098e-103 7.91896627555e-64 3.28947368421e-103 0.0023643071164 1.72126544018e-103
clock 0.00127624561187 3.31320128933e-103 3.28947368421e-103 2.36433255804e-103 8.27056057933e-20
clouds 0.00127624634476 0.00282863706498 3.28947368421e-103 2.7459465078e-81 1.72126543881e-103
cold 1.27624561187e-103 2.82863868936e-103 0.00657894736842 2.3643071164e-103 1.72126543881e-103
come 1.27651988244e-103 1.42556853175e-32 0.00657894736842 2.36430711857e-103 0.00172126543881
comfort 1.27140909232e-49 1.73770308914e-81 3.28947368421e-103 6.39643277195e-101 0.00172126543881
coming 1.27624561247e-103 1.33463139672e-54 3.28947368421e-103 0.0023643071164 1.72126543881e-103
commits 1.27624561187e-103 2.82863868936e-103 0.00328947368421 2.3643071164e-103 1.72126543881e-103
compare 5.54253115179e-23 0.00282866619405 3.28947368421e-103 1.61571824782e-53 0.00172124870183
confess 1.27624561342e-103 1.93958299804e-50 3.28947368421e-103 2.36430713789e-103 0.00172126543881
confessed 1.27624561309e-103 3.0712053614e-75 3.28947368421e-103 0.0023643071164 4.76282764701e-28
confine 0.00127624561187 2.82863868936e-103 3.28947368421e-103 2.3643071164e-103 1.72126545037e-103
conscience 0.00127624561187 2.82863868936e-103 3.28947368421e-103 2.36431228306e-103 1.41857077569e-55
consider 0.00127624561187 2.82863868938e-103 3.28947368421e-103 2.36430723505e-103 1.72126544177e-103
contented 1.27624561934e-103 4.56593775175e-86 3.28947368421e-103 0.00472861423279 1.76322630766e-103
contents 1.27624561187e-103 2.82863868936e-103 0.00328947368421 2.3643071164e-103 1.72126543881e-103
control 1.27624561187e-103 2.82863868936e-103 0.00328947368421 2.3643071164e-103 1.72126543881e-103
count 0.00127624561187 2.82863871039e-103 3.28947368421e-103 7.41052458059e-71 1.72126543881e-103
counted 0.00127624561187 2.82919697956e-103 3.28947368421e-103 3.0141638744e-67 7.07292611481e-85
crave 1.27624561187e-103 2.82863868936e-103 0.00328947368421 2.3643071164e-103 1.72126543881e-103
creatures 1.27624561187e-103 0.00282863868936 3.28947368421e-103 2.3643071164e-103 1.72126543881e-103
cries 1.27624561187e-103 2.82863868936e-103 0.00328947368421 2.3643071164e-103 1.72126543881e-103
crowned 1.20014469656e-55 2.82863868937e-103 3.28947368421e-103 2.36430713371e-103 0.00172126543881
cruel 0.00127624561248 7.93496709319e-61 3.28947368421e-103 0.00236430711525 1.72126555905e-103
cry 1.27624561187e-103 2.82863868936e-103 0.00328947368421 2.3643071164e-103 1.72126543881e-103
cupid 0.00127624561187 2.82863878521e-103 3.28947368421e-103 2.3643071164e-103 1.72126543881e-103
dark 1.27624561272e-103 2.82863868936e-103 3.28947368421e-103 2.3643071164e-103 0.00172126543881
darling 0.00127624561187 7.02209851515e-102 3.28947368421e-103 4.17345544734e-85 1.72126543881e-103
day 1.27624561187e-103 2.82863868936e-103 0.00986842105263 2.3643071164e-103 1.72126543881e-103
days 0.0038287368356 2.82863868936e-103 3.28947368421e-103 2.36431892908e-103 7.47834954083e-83
dead 1.27624561187e-103 2.82863868936e-103 0.00328947368421 2.3643071164e-103 1.72126543881e-103
deaf 1.27624561687e-103 1.09373342356e-53 3.28947368421e-103 2.36430723492e-103 0.00172126543881
dear 0.0012985277087 8.7222300772e-69 0.00328947368421 0.00941594979664 1.72126555989e-103
dearest 0.0012762355622 2.5139232272e-66 3.28947368421e-103 0.0023643257339 1.72126546043e-103
dearth 1.27624561187e-103 2.82863868936e-103 0.00328947368421 2.3643071164e-103 1.72126543881e-103
death 0.0038287368356 2.84031884306e-103 3.28947368421e-103 2.36431332249e-103 8.60477607794e-74
decay 1.27624561187e-103 2.82863868936e-103 0.00328947368421 2.3643071164e-103 1.72126543881e-103
decayed 1.27624561187e-103 2.82863868936e-103 0.00328947368421 2.3643071164e-103 1.72126543881e-103
decease 1.27624561187e-103 2.82863868936e-103 0.00328947368421 2.3643071164e-103 1.72126543881e-103
decrepit 1.27624561245e-103 2.83555225267e-103 3.28947368421e-103 2.3643071164e-103 0.00172126543881
dedicated 0.00127624561187 2.83143825894e-103 3.28947368421e-103 2.3643071164e-103 1.26485404863e-39
deem 1.27624561187e-103 2.82863868936e-103 0.00328947368421 2.3643071164e-103 1.72126543881e-103
deemed 1.27624561187e-103 2.82863868936e-103 0.00328947368421 2.3643071164e-103 1.72126543881e-103
deface 1.27624561187e-103 2.82863868936e-103 0.00328947368421 2.3643071164e-103 1.72126543881e-103
defaced 1.27624561187e-103 2.82863868936e-103 0.00328947368421 2.3643071164e-103 1.72126543881e-103
defect 1.27624561187e-103 2.82863868936e-103 0.00328947368421 2.3643071164e-103 1.72126543881e-103
delight 1.27624561187e-103 2.82863868936e-103 0.00328947368421 2.3643071164e-103 1.72126543881e-103
deny 1.27624561187e-103 6.12531367656e-31 3.28947368421e-103 2.3643071164e-103 0.00172126543881
depart 1.27624561187e-103 2.82863868936e-103 0.00328947368421 2.3643071164e-103 1.72126543881e-103
depends 1.27624561187e-103 2.82863868936e-103 0.00328947368421 2.3643071164e-103 1.72126543881e-103
desire 0.00255249122373 2.82863869045e-103 0.00328947368421 4.60756973314e-88 1.72126543918e-103
despair 1.27624561187e-103 2.82863868936e-103 0.00328947368421 2.3643071164e-103 1.72126543881e-103
despise 1.27624561187e-103 2.82863868936e-103 0.00328947368421 2.3643071164e-103 1.72126543881e-103
despite 1.38027106809e-103 1.50600406562e-48 3.28947368421e-103 2.36431246602e-103 0.00172126543881
devouring 0.00127624561187 1.19246865883e-90 3.28947368421e-103 2.3643071164e-103 1.72126543881e-103
did 3.46795194579e-52 1.10690583648e-15 3.28947368421e-103 0.00402385425982 0.010840672755
didst 0.0017593576737 1.08966162153e-65 3.28947368421e-103 0.00146931850669 1.72126543881e-103
die 1.27624561187e-103 2.82863868936e-103 0.00328947368421 2.3643071164e-103 1.72126543881e-103
disgrace 0.00127624561187 1.84433645762e-99 3.28947368421e-103 7.96593635754e-32 1.72126543884e-103
dispatch 1.27624561187e-103 2.82863868936e-103 0.00328947368421 2.3643071164e-103 1.72126543881e-103
disposed 1.27624561187e-103 1.00967215108e-23 3.28947368421e-103 2.3643071164e-103 0.00172126543881
do 6.94595840928e-24 0.00432022876535 3.28947368421e-103 0.0109811526249 0.0203593487611
done 1.27624561187e-103 2.82863868936e-103 0.00328947368421 2.3643071164e-103 1.72126543881e-103
dost 3.86459015669e-51 0.0059007931489 3.28947368421e-103 0.00688937959939 1.72126543881e-103
doth 0.00279021796997 0.0249308566203 3.28947368421e-103 2.36432409847e-103 1.80727495507e-20
doting 1.27624561187e-103 0.00282863868936 3.28947368421e-103 2.36430712023e-103 2.43067871715e-37
down 1.27624561361e-103 2.25490564707e-100 3.28947368421e-103 0.00472861423279 6.92579232135e-101
drained 1.27624561205e-103 4.64576329534e-50 3.28947368421e-103 2.36431365692e-103 0.00172126543881
dreams 1.27629302353e-103 2.82863869773e-103 3.28947368421e-103 2.36430711832e-103 0.00172126543881
drunk 1.27624561242e-103 4.48498262862e-58 3.28947368421e-103 0.0023643071164 1.72126544017e-103
due 1.27624561187e-103 2.82863868936e-103 0.00328947368421 2.3643071164e-103 1.72126543881e-103
dull 5.61783808869e-67 2.82863868989e-103 3.28947368421e-103 0.0023643071164 1.72126543881e-103
dun 1.27624561187e-103 2.82863868936e-103 0.00328947368421 2.3643071164e-103 1.72126543881e-103
each 0.00127624561187 2.82863878521e-103 3.28947368421e-103 2.3643071164e-103 1.72126543881e-103
earth 1.27624561247e-103 3.59858516501e-55 0.00328947368421 0.0023643071164 1.7212654421e-103
eased 1.27858680966e-103 2.82864471416e-103 3.28947368421e-103 0.0023643071164 1.72126543881e-103
easy 1.27624561245e-103 2.83555225267e-103 3.28947368421e-103 2.3643071164e-103 0.00172126543881
eclipses 6.79946223916e-63 1.21113329368e-56 3.28947368421e-103 0.0023643071164 1.72126543881e-103
embassage 1.27624561187e-103 2.82863868936e-103 0.00328947368421 2.3643071164e-103 1.72126543881e-103
end 1.27624561187e-103 8.49328042773e-19 3.28947368421e-103 2.3643071164e-103 0.00172126543881
endeared 1.27624561247e-103 1.71865072763e-52 3.28947368421e-103 0.0023643071164 1.72412819598e-103
enough 1.27624561363e-103 9.70585638312e-46 3.28947368421e-103 2.3643071164e-103 0.00344253087762
epitaph 1.27626018369e-103 1.48408200732e-17 3.28947368421e-103 2.36430711754e-103 0.00172126543881
esteemed 1.27624561187e-103 2.82863868936e-103 0.00328947368421 2.3643071164e-103 1.72126543881e-103
esteeming 1.27624561187e-103 2.82863868936e-103 0.00328947368421 2.3643071164e-103 1.72126543881e-103
eternity 1.27624561187e-103 2.82863868936e-103 0.00328947368421 2.3643071164e-103 1.72126543881e-103
ever 2.93735464746e-21 9.32816721675e-48 3.28947368421e-103 2.36430712325e-103 0.00344253087762
every 0.00119704849307 3.23289536878e-53 3.28947368421e-103 1.73724956534e-54 0.00871313991268
evil 1.2762456136e-103 6.62313617599e-95 3.28947368421e-103 0.0023643071164 4.4764426686e-102
exceed 1.27624561187e-103 2.82863868936e-103 0.00328947368421 2.3643071164e-103 1.72126543881e-103
excellent 1.27624561187e-103 2.82863868936e-103 0.00328947368421 2.3643071164e-103 1.72126543881e-103
excuse 0.00127624561187 9.80218554778e-35 3.28947368421e-103 1.2576296069e-78 1.72126544529e-103
expense 1.27774994057e-103 2.83363249212e-103 3.28947368421e-103 2.36730412753e-103 0.00172126543881
express 1.27624561187e-103 2.82863868936e-103 0.00328947368421 2.3643071164e-103 1.72126543881e-103
eye 1.29445949901e-103 1.16220485681e-38 0.00657894736842 3.38879918814e-15 0.0154913889493
eyes 3.8594624786e-61 7.22928298316e-12 0.00986842105263 0.00244018672259 0.00510855435858
face 1.10823587167e-45 6.63092740569e-62 3.28947368421e-103 0.00709292134919 1.72126544003e-103
faint 0.00127624561187 2.82863868936e-103 3.28947368421e-103 2.36430724962e-103 1.72129752218e-103
fair 1.27624561197e-103 7.98323846603e-26 0.00657894736842 8.37707896257e-39 0.00516379631643
fairer 1.27624561259e-103 1.26744058613e-55 3.28947368421e-103 0.0023643071164 1.72126581957e-103
fairest 1.35505431206e-64 2.82863868936e-103 3.28947368421e-103 0.0023643071164 1.72126543881e-103
faith 0.00255249122373 6.5550519184e-102 3.28947368421e-103 8.46714980308e-58 1.72127029153e-103
false 1.28159269384e-103 1.56917824058e-31 3.28947368421e-103 2.3643071167e-103 0.00172126543881
famished 1.27624561203e-103 7.40090401784e-48 3.28947368421e-103 1.65214904517e-23 0.00172126543881
fangled 0.00127624561187 2.82863871108e-103 3.28947368421e-103 2.36432603132e-103 1.7212654461e-103
farewell 3.14911595962e-66 0.00282863868936 3.28947368421e-103 2.3643071164e-103 1.72126543881e-103
fast 1.62278957748e-12 9.40929538541e-81 3.28947368421e-103 0.00472860294976 8.21209913147e-09
father 0.00127624561187 2.82863868936e-103 3.28947368421e-103 2.3643071164e-103 1.72126543881e-103
fault 9.7539556935e-86 1.2114627707e-96 0.00328947368421 8.16509499709e-78 0.00172126543881
faults 0.00127624370234 2.82863868936e-103 3.28947368421e-103 2.36430946725e-103 2.5753604586e-09
favour 1.39528308761e-27 1.32898187571e-55 3.28947368421e-103 0.0023643071164 1.72126543891e-103
fear 1.92921175896e-70 5.80347626259e-55 3.28947368421e-103 0.0023643071164 1.721265442e-103
fears 1.27624583926e-103 2.85360571001e-103 0.00328947368421 2.3643071164e-103 0.00344253087762
feeding 7.65321480886e-57 0.00282863868936 3.28947368421e-103 2.36430711842e-103 0.00172126543881
fell 0.00255248960762 1.11507467022e-86 3.28947368421e-103 0.00236431011032 1.6734907513e-45
felt 1.27624561224e-103 2.83043042269e-103 3.28947368421e-103 0.0023643071164 1.7455610967e-103
fever 1.27624561205e-103 2.3320221064e-29 3.28947368421e-103 2.3643071164e-103 0.00172126543881
fierce 0.0012762408292 5.25251210585e-52 3.28947368421e-103 2.3643071164e-103 0.00172127188917
fight 1.27624561187e-103 2.82863868936e-103 0.00328947368421 2.3643071164e-103 1.72126543881e-103
fill 1.27624561187e-103 2.82863868936e-103 0.00328947368421 2.3643071164e-103 1.72126543881e-103
filled 1.40405665994e-68 2.83890243984e-103 3.28947368421e-103 2.37228390241e-103 0.00172126543881
finds 1.27624561187e-103 2.82863868936e-103 0.00328947368421 2.3643071164e-103 1.72126543881e-103
fingers 0.00127624561187 2.82863868936e-103 3.28947368421e-103 9.38966801818e-70 1.72127135717e-103
fire 1.27624561247e-103 2.22607108002e-62 0.00328947368421 0.0023643071164 1.72126543881e-103
first 1.27624563737e-103 1.83880200865e-62 3.28947368421e-103 2.36778953917e-103 0.00344253087762
fled 1.27624561187e-103 2.82863868936e-103 0.00657894736842 2.3643071164e-103 1.72126543881e-103
flesh 1.28080222452e-103 5.94633634312e-42 3.28947368421e-103 2.71455623098e-05 0.00170150289701
food 1.28635780036e-103 5.60222377013e-102 3.28947368421e-103 2.39414151697e-103 0.00172126543881
fool 1.27624561245e-103 4.50064620902e-67 3.28947368421e-103 0.0023643071164 1.72126543882e-103
for 0.0105250382957 0.0145437952134 3.28947368421e-103 1.8006351738e-89 0.00965888320033
forbid 1.27624561382e-103 1.29696639935e-38 3.28947368421e-103 4.30545948731e-16 0.00172126543881
force 3.40114347809e-51 1.00904542342e-40 3.28947368421e-103 2.3643071164e-103 0.00172126543881
forfeit 3.42857917218e-71 2.82863868936e-103 3.28947368421e-103 2.36430719654e-103 0.00172126543881
forget 0.00127624561187 2.82863868945e-103 3.28947368421e-103 2.36430858377e-103 1.62562316444e-27
forgetst 2.07190947388e-35 2.82863868936e-103 3.28947368421e-103 1.47065828281e-85 0.00172126543881
forgot 2.18708492627e-20 0.00282863868936 0.00328947368421 2.3643071164e-103 1.72126543881e-103
forsake 1.27624561906e-103 8.93807451568e-56 3.28947368421e-103 1.53708215009e-102 0.00172126543881
forsworn 1.27624561187e-103 2.82863868936e-103 0.00328947368421 2.3643071164e-103 1.72126543881e-103
forth 1.27624561187e-103 2.82863868936e-103 0.00328947368421 2.3643071164e-103 1.72126543881e-103
fortify 1.27624977399e-103 2.83370848405e-103 3.28947368421e-103 2.36435987345e-103 0.00172126543881
fortune 0.00299736532896 5.77137279438e-53 3.28947368421e-103 3.61681841073e-64 0.00456379705702
fortunes 1.22943752306e-30 2.82863868989e-103 3.28947368421e-103 2.3643071164e-103 0.00172126543881
forty 0.00127624561187 2.82863868936e-103 3.28947368421e-103 2.3643071164e-103 2.85005821594e-80
found 1.27624561245e-103 0.00470064827954 3.28947368421e-103 2.3643071164e-103 0.000582121927544
frame 1.294856382e-103 4.84825258852e-56 0.00328947368421 0.0023643071164 1.72126543881e-103
freezings 1.27624561248e-103 2.82966644876e-103 3.28947368421e-103 2.3643071164e-103 0.00172126543881
fresh 0.00127732774201 7.57722142518e-35 3.28947368421e-103 0.00236230241764 1.68518525746e-82
friend 0.00127624561187 2.82863868936e-103 3.28947368421e-103 2.3643071164e-103 1.72126543881e-103
from 0.00517853023458 0.00568016399315 3.28947368421e-103 1.81859981658e-72 0.00332941056278
full 0.00128571594573 7.17704795034e-45 3.28947368421e-103 3.43230418101e-61 0.00515102372923
function 1.27624561194e-103 2.83783725124e-103 3.28947368421e-103 0.0023643071164 3.2599413435e-72
furrows 0.00127624561187 3.13640794736e-42 3.28947368421e-103 2.36432575868e-103 7.68161896783e-76
fury 1.27624561247e-103 9.81530949933e-36 3.28947368421e-103 0.0023643071164 1.72126543881e-103
garments 1.27624561194e-103 2.82863868936e-103 3.28947368421e-103 0.0023643071164 1.72126543881e-103
gazed 1.27624561247e-103 5.08919547341e-58 3.28947368421e-103 0.0023643071164 1.72126543881e-103
gentle 0.0038287368356 2.84188756951e-103 3.28947368421e-103 4.10503441678e-62 1.72127612125e-103
gently 0.00127624561187 2.82863868936e-103 3.28947368421e-103 2.36433189688e-103 1.73926811677e-103
gift 0.00127624561187 2.83814351232e-103 3.28947368421e-103 3.37668097937e-34 1.09895317207e-18
gilded 0.00127624561187 3.07420885474e-103 3.28947368421e-103 2.36432530765e-103 2.51177669306e-94
give 1.9074490296e-77 0.00342067141165 3.28947368421e-103 2.3643072689e-103 0.00308227084605
gives 2.38047646133e-62 4.04305521994e-53 3.28947368421e-103 2.3643071164e-103 0.00344253087762
gladly 1.27624561187e-103 2.82863868936e-103 0.00328947368421 2.3643071164e-103 1.72126543881e-103
glance 2.51435380256e-71 2.51200997159e-92 3.28947368421e-103 0.0023643071164 4.27848088124e-97
glass 1.27634704396e-103 1.97756044978e-61 3.28947368421e-103 0.00463108740642 0.00179226702504
glorious 5.42611527165e-78 0.00282863868936 3.28947368421e-103 2.36431059696e-103 1.72126543881e-103
glory 1.3628109424e-103 2.84649340103e-68 3.28947368421e-103 0.0023643071164 1.72126543897e-103
god 0.00185512483595 4.34025533392e-57 3.28947368421e-103 0.00129190517721 1.72126543881e-103
goes 1.3888292135e-12 0.00282863868628 3.28947368421e-103 2.36485371447e-103 1.73356140579e-23
golden 0.00255249122373 2.82863868938e-103 3.28947368421e-103 2.36431642556e-103 1.72126555376e-103
gone 1.27624561247e-103 1.22730392566e-54 3.28947368421e-103 0.0023643071164 1.72126543881e-103
good 1.27624561187e-103 1.54049355986e-69 3.28947368421e-103 2.36430713078e-103 0.00172126543881
gored 0.00127624561187 7.94117380476e-103 3.28947368421e-103 2.3643071164e-103 1.72126543881e-103
got 1.27724684518e-103 2.82863868936e-103 3.28947368421e-103 2.36430711649e-103 0.00172126543881
grace 9.89504784547e-102 2.86974676055e-103 3.28947368421e-103 0.0023643071164 1.72126655006e-103
gracious 1.49850658996e-34 5.79147855085e-70 3.28947368421e-103 0.00472861423279 1.76290513241e-103
grant 0.00138189293011 0.00259448462918 3.28947368421e-103 2.3643071164e-103 1.72126543881e-103
great 1.26205327621e-88 0.00285713199506 3.28947368421e-103 0.00234049109292 8.30150746126e-97
green 1.27624561187e-103 2.82863868936e-103 0.00328947368421 2.3643071164e-103 1.72126543881e-103
grief 1.27624561187e-103 2.82863868936e-103 0.00328947368421 2.3643071164e-103 1.72126543881e-103
grieved 1.27624561187e-103 0.00282863868936 3.28947368421e-103 2.36430712458e-103 1.7212654812e-103
groan 1.27624561187e-103 2.82863868936e-103 0.00328947368421 2.3643071164e-103 1.72126543881e-103
grows 1.27624561187e-103 2.82863868936e-103 0.00328947368421 2.3643071164e-103 1.72126543881e-103
growst 1.27624561187e-103 2.82863868936e-103 0.00328947368421 2.3643071164e-103 1.72126543881e-103
halt 1.27624561187e-103 2.82863868936e-103 0.00328947368421 2.3643071164e-103 1.72126543881e-103
hand 0.00382874883938 2.01118780861e-37 3.28947368421e-103 0.00472859199521 4.48762923727e-43
hap 1.27624561187e-103 2.68373066751e-20 3.28947368421e-103 2.36430711662e-103 0.00172126543881
happy 1.2762456136e-103 2.23749171113e-93 3.28947368421e-103 0.0023643071164 9.67406115217e-102
hast 0.00510498244746 2.82863868936e-103 3.28947368421e-103 2.97537209653e-98 1.7261519514e-103
haste 8.14771116246e-50 1.01339205335e-77 3.28947368421e-103 6.13514368762e-32 0.00344253087762
hate 7.5964091132e-09 2.82863868936e-103 0.00657894736842 2.3643071164e-103 0.00172125519357
hath 0.00896903437115 0.00924984075741 3.28947368421e-103 0.00166036058958 4.66350562546e-17
have 0.0167941261269 3.86543719614e-24 3.28947368421e-103 0.0067169777693 1.7212689884e-103
he 2.90317122667e-71 4.44781543355e-11 3.28947368421e-103 2.36431164705e-103 0.00516379628936
head 1.27624561187e-103 2.82863868936e-103 0.00657894736842 2.3643071164e-103 1.72126543881e-103
hear 0.00127624561187 2.8334820775e-103 3.28947368421e-103 2.3643071164e-103 9.34445963529e-59
hearst 1.2843870266e-103 0.00282863868936 3.28947368421e-103 2.36430712483e-103 1.72126543881e-103
heart 1.27633285334e-103 4.92323649106e-46 0.00657894736842 0.0111046720716 0.0039644226303
hearts 1.27624561187e-103 2.82863868936e-103 0.00328947368421 2.3643071164e-103 1.72126543881e-103
heaven 0.00127931404594 4.7287483656e-61 3.28947368421e-103 0.00236435988702 0.00171708864051
heavy 0.00127624561187 2.82863868937e-103 3.28947368421e-103 2.36430717844e-103 1.72145249265e-103
heir 1.27624561187e-103 2.82863868936e-103 0.00328947368421 2.3643071164e-103 1.72126543881e-103
held 1.27624561187e-103 2.82863868936e-103 0.00328947368421 2.3643071164e-103 1.72126543881e-103
hence 2.3802951063e-60 2.8458648692e-103 3.28947368421e-103 2.37612876131e-103 0.00172126543881
her 1.27624666792e-103 0.00782480223962 3.28947368421e-103 0.00694756181986 0.000508121634828
here 1.27624561187e-103 4.71144220211e-21 3.28947368421e-103 2.3643071164e-103 0.00172126543881
him 0.00127624561187 2.82863868938e-103 3.28947368421e-103 2.36430724692e-103 1.72126543881e-103
his 0.00957868712847 7.91068586395e-18 3.28947368421e-103 0.00352403966734 0.0017283565378
hold 8.44561505875e-29 1.72803430845e-82 3.28947368421e-103 0.00472861423279 1.76290810973e-103
holds 1.2762456191e-103 2.83586381736e-103 3.28947368421e-103 0.0023643071164 1.72128906133e-103
homage 1.5282153776e-68 2.83500415084e-103 3.28947368421e-103 1.93516299416e-83 0.00172126543881
hopes 1.28541225012e-103 1.69661156638e-101 3.28947368421e-103 0.00218567653405 0.00185131226969
hour 0.00127624561187 2.82960996364e-103 3.28947368421e-103 7.43730280241e-77 1.72407024313e-103
hours 4.7284827961e-50 2.41309307169e-78 3.28947368421e-103 1.43809718477e-55 0.00516379631643
how 8.55803957881e-58 0.0339436641637 3.28947368421e-103 9.08140656018e-11 1.7212729236e-103
huge 1.27624561187e-103 1.86827043412e-51 3.28947368421e-103 2.3643071164e-103 0.00172126543881
hurt 1.27624561211e-103 2.86974680966e-103 3.28947368421e-103 0.0023643071164 1.72126543958e-103
huswife 0.00127624561187 3.71746881006e-103 3.28947368421e-103 3.84486718746e-29 1.72126543881e-103
idle 1.2762456119e-103 8.28878348668e-30 3.28947368421e-103 2.3643071164e-103 0.00172126543881
idolatry 1.27624561187e-103 2.82863868936e-103 0.00328947368421 2.3643071164e-103 1.72126543881e-103
if 4.8384052424e-30 0.0236461381101 3.28947368421e-103 0.0086071489011 1.35339517059e-23
ill 1.27624561194e-103 0.00565727737872 0.00986842105263 6.86900882414e-76 1.04664919907e-53
image 1.27624570269e-103 2.77988498843e-54 3.28947368421e-103 2.3643071164e-103 0.00172126543881
immured 1.27624561244e-103 1.69339995106e-56 3.28947368421e-103 0.0023643071164 1.76375590045e-103
impression 1.2762456136e-103 1.40531359034e-94 3.28947368421e-103 0.0023643071164 4.62782912452e-100
imprint 1.27624561249e-103 2.82863868936e-103 3.28947368421e-103 2.3643071164e-103 0.00172126543881
in 0.00276300457292 0.0288296728815 3.28947368421e-103 6.98277601602e-13 0.0389745899206
increase 1.27624561187e-103 2.82863868936e-103 0.00328947368421 2.3643071164e-103 1.72126543881e-103
infection 0.00127624561187 2.82863868936e-103 3.28947368421e-103 2.36431240854e-103 1.72126543881e-103
inhearse 1.27624561187e-103 2.82863868936e-103 0.00328947368421 2.3643071164e-103 1.72126543881e-103
ink 0.00127624561187 2.82863868936e-103 3.28947368421e-103 2.36430712153e-103 3.297987656e-87
interest 1.27624561187e-103 2.82863868936e-103 0.00328947368421 2.3643071164e-103 1.72126543881e-103
invent 1.27624561187e-103 2.82863868936e-103 0.00328947368421 2.3643071164e-103 1.72126543881e-103
invention 1.27624561194e-103 2.82863868936e-103 3.28947368421e-103 0.0023643071164 1.72126543881e-103
invoked 1.27624561624e-103 6.83556920393e-45 3.28947368421e-103 2.3643071164e-103 0.00172126543881
is 0.0264928472606 0.00619946514167 0.00657894736842 1.7688578146e-36 0.0259048696875
issueless 0.00127624561187 2.82863868936e-103 3.28947368421e-103 2.3643071164e-103 1.82887800173e-103
ist 7.50949423935e-07 0.00282697430394 3.28947368421e-103 2.3643071164e-103 1.72126543881e-103
it 0.00702636678657 1.27187338122e-31 3.28947368421e-103 0.00224252156062 0.0112674254706
jaws 1.27624561187e-103 2.82863868936e-103 0.00328947368421 2.3643071164e-103 1.72126543881e-103
join 2.46615749223e-67 0.00282863868936 3.28947368421e-103 2.3643071164e-103 1.72126543881e-103
jollity 1.27624561187e-103 2.82863868936e-103 0.00328947368421 2.3643071164e-103 1.72126543881e-103
journey 0.00191526811393 0.0014123252808 3.28947368421e-103 2.53382089433e-75 1.72126543881e-103
judgement 1.28418889589e-103 3.2211389485e-96 3.28947368421e-103 0.0023643071164 1.84227103999e-99
judgment 2.63081446111e-69 1.61287764686e-68 3.28947368421e-103 0.00472861423279 1.76290534156e-103
just 5.04742706206e-40 8.85294409663e-57 3.28947368421e-103 0.0023643071164 1.72126543881e-103
justify 1.74445490397e-54 5.951997398e-56 3.28947368421e-103 2.23524183007e-23 0.00172126543881
keen 1.94404276795e-42 1.86091014725e-59 0.00328947368421 0.0023643071164 1.72126543881e-103
keep 1.2762456136e-103 1.57332747064e-62 0.00328947368421 0.0023643071164 2.62082393767e-73
key 1.27624561187e-103 2.82863868936e-103 0.00328947368421 2.3643071164e-103 1.72126543881e-103
kindling 0.00127624561187 2.82863869441e-103 3.28947368421e-103 2.3643071164e-103 1.72126941564e-103
kissing 1.12810734916e-67 0.00282863868936 3.28947368421e-103 2.3643071164e-103 1.72126543881e-103
knew 1.27624561187e-103 4.92757491243e-27 3.28947368421e-103 2.3643071164e-103 0.00172126543881
know 4.2620775706e-73 2.84756233387e-103 3.28947368421e-103 0.00472861423279 5.36495890221e-93
knows 1.43453324187e-63 1.60927092942e-29 3.28947368421e-103 2.3643080415e-103 0.00344253087762
knowst 0.00255249122373 2.82863868936e-103 3.28947368421e-103 1.45139125979e-98 1.74805570343e-76
labouring 1.27624659875e-103 2.83007000613e-103 3.28947368421e-103 2.36430751649e-103 0.00172126543881
lack 7.64558999587e-56 1.71774242233e-77 3.28947368421e-103 0.0023643071164 1.83088372494e-25
laid 1.79050187881e-61 2.82865266238e-103 3.28947368421e-103 0.00472861423279 1.72127804285e-103
lame 0.00127624561187 2.82863868936e-103 3.28947368421e-103 2.50562235122e-50 1.72126543881e-103
lameness 1.27689366967e-103 2.83777618223e-103 3.28947368421e-103 0.0023643071164 3.29978158018e-77
languished 1.27640812091e-103 2.83778260071e-103 3.28947368421e-103 2.36812961251e-103 0.00172126543881
league 1.28402901855e-103 1.69513032592e-19 3.28947368421e-103 2.36430750959e-103 0.00172126543881
lease 0.00127624561187 2.82863869151e-103 3.28947368421e-103 2.64509654772e-87 1.72126618884e-103
leaves 0.00127624561187 2.82863868936e-103 3.28947368421e-103 2.3643071164e-103 1.72126543881e-103
left 2.14119174485e-75 2.82863868936e-103 3.28947368421e-103 2.36430711664e-103 0.00172126543881
lend 1.27624561187e-103 3.77661679335e-37 0.00328947368421 2.3643071164e-103 0.00172126543881
less 1.27624561187e-103 2.82863868936e-103 0.00328947368421 2.3643071164e-103 1.72126543881e-103
lest 0.0013852819475 0.00258697329623 3.28947368421e-103 2.3643071164e-103 1.72126543881e-103
let 1.00208577266e-28 0.0118496888486 3.28947368421e-103 0.00191701727878 0.00172126543881
liberty 1.2762456136e-103 1.7502066715e-90 3.28947368421e-103 0.0023643071164 3.23206084933e-97
lie 1.27644393597e-103 2.84494709305e-58 0.00328947368421 0.0023643071164 1.7212657061e-103
lies 1.27624561187e-103 2.82863868936e-103 0.00328947368421 2.3643071164e-103 1.72126543881e-103
life 3.91932446353e-41 9.37332933116e-62 0.00328947368421 0.00464948134108 0.00350014129153
light 1.27624561187e-103 2.82863868936e-103 0.00657894736842 2.3643071164e-103 1.72126543881e-103
like 0.00382864699733 1.99957239609e-07 3.28947368421e-103 2.36430711741e-103 0.00172126492647
line 1.27624561187e-103 2.0241042037e-55 3.28947368421e-103 2.52801804475e-103 0.00172126543881
lines 2.30661399621e-31 2.83927723039e-103 3.28947368421e-103 5.64565029091e-56 0.00172126543881
lions 1.2762456136e-103 3.78348244274e-96 3.28947368421e-103 0.0023643071164 3.72209486386e-103
lips 1.2762456125e-103 2.8392773447e-103 3.28947368421e-103 2.36430711817e-103 0.00172126543881
little 6.3210069737e-53 1.14297214392e-61 3.28947368421e-103 0.0023643071164 1.72126543881e-103
live 0.00255249122373 2.82865013769e-103 0.00328947368421 2.36431544589e-103 5.34958731697e-101
livery 1.27624561187e-103 1.22289364085e-24 3.28947368421e-103 2.3643071164e-103 0.00172126543881
lo 2.63186759052e-05 0.0055989453271 3.28947368421e-103 2.3643071164e-103 1.72126543881e-103
lofty 1.27624561247e-103 1.81549173218e-57 3.28947368421e-103 0.0023643071164 1.72126543881e-103
long 1.27624561187e-103 2.82863868936e-103 0.00328947368421 2.3643071164e-103 1.72126543881e-103
longer 1.13339647349e-42 3.74933824313e-34 3.28947368421e-103 0.0023643071164 0.00172126543881
longing 0.00127624561187 2.82863868936e-103 3.28947368421e-103 2.36432655819e-103 1.72126543881e-103
look 4.80604027786e-71 0.00296125056768 0.00328947368421 0.00225346397167 1.72126543881e-103
looks 1.27624561247e-103 1.89358699719e-57 3.28947368421e-103 0.0023643071164 1.72126543881e-103
lord 3.51826576918e-63 0.00282863868936 3.28947368421e-103 2.3643071164e-103 1.72126543881e-103
lost 0.00127624561187 2.82863868936e-103 3.28947368421e-103 4.6347556705e-92 1.72126543881e-103
love 1.64846042601e-52 0.0110864555374 3.28947368421e-103 0.00736657465388 0.0498562738528
loved 1.28283758736e-103 1.52288175922e-21 3.28947368421e-103 2.36430775783e-103 0.00172126543881
loveliness 5.26185731727e-68 2.82863868936e-103 3.28947368421e-103 2.3643071164e-103 0.00172126543881
lovely 1.27624561423e-103 2.82863869059e-103 3.28947368421e-103 0.0023643071164 1.72127276481e-103
loves 1.51886337094e-40 5.94627315892e-47 3.28947368421e-103 0.00466601776439 0.00520936786545
loving 0.00382873670313 5.02633978333e-69 3.28947368421e-103 2.36431332249e-103 1.78661988701e-10
lovst 2.15162846658e-55 7.49546330977e-56 3.28947368421e-103 0.0023643071164 1.72126543881e-103
luck 1.27624561187e-103 2.82863868936e-103 0.00328947368421 2.3643071164e-103 1.72126543881e-103
lying 1.27624561187e-103 1.62865494376e-51 3.28947368421e-103 2.3643071164e-103 0.00172126543881
made 1.27624561399e-103 8.72759747347e-65 0.00328947368421 1.24833290529e-27 0.00516379631643
make 0.0023655697523 0.00267292361085 0.00657894736842 0.00756925095094 7.67268239835e-08
makes 1.27624561764e-103 1.62830351184e-62 3.28947368421e-103 2.36431976868e-103 0.00344253087762
making 0.00127624561187 1.52937598215e-36 3.28947368421e-103 2.30967384766e-26 1.72126543881e-103
maladies 0.00127624561187 2.82863868936e-103 3.28947368421e-103 2.36430861088e-103 1.30981618227e-50
man 1.27624561187e-103 5.94379504185e-51 3.28947368421e-103 2.3643071164e-103 0.00172126543881
manners 0.00255249122373 2.82863868936e-103 3.28947368421e-103 2.36459210156e-103 1.72126582288e-103
many 1.27624561862e-103 3.52476906721e-71 0.00328947368421 0.00472861423279 0.00172126543881
map 1.27624561242e-103 1.28352822632e-65 3.28947368421e-103 0.0023643071164 1.72126544017e-103
marble 1.27624561257e-103 9.31859376996e-95 3.28947368421e-103 2.36430712434e-103 0.00172126543881
marriage 1.27646966348e-103 2.78710470796e-53 3.28947368421e-103 3.35695833537e-73 0.00172126543881
married 1.87378342912e-57 0.00282863868936 3.28947368421e-103 2.36431076e-103 1.73170870236e-103
may 8.72214389042e-72 0.00285712574085 0.00328947368421 0.00470480343688 1.72004843992e-97
mayst 0.00255249122373 2.82863868936e-103 3.28947368421e-103 5.20443663486e-97 1.73060565475e-103
me 0.0237813386981 0.00486632081536 0.00328947368421 0.0199800797787 0.00377832549599
meadows 0.00127624561187 2.82863868936e-103 3.28947368421e-103 2.36432137167e-103 1.20641537283e-82
memory 1.27624561187e-103 6.94697456408e-50 3.28947368421e-103 2.3643071164e-103 0.00172126543881
mens 0.00127624561187 2.82863868961e-103 3.28947368421e-103 2.36432208432e-103 2.614885072e-60
merchandized 1.28994857986e-103 1.97725501475e-63 3.28947368421e-103 0.0023643071164 1.72126543881e-103
might 0.0038287368356 2.82863868936e-103 0.00657894736842 3.5567929342e-100 1.72126543881e-103
mightier 1.80025887783e-35 0.00282863868936 3.28947368421e-103 3.0565634017e-22 3.84435886516e-37
mind 1.28302523104e-103 2.82863868936e-103 0.00328947368421 0.0023643071164 1.72126543881e-103
minds 9.65790904162e-85 0.00282863868936 0.00328947368421 2.36430837284e-103 1.72126543881e-103
mine 0.00391242077882 0.00801654939352 0.00328947368421 0.0238803609732 1.73741412919e-103
mistress 1.27624561288e-103 2.14535597921e-78 3.28947368421e-103 0.0023643071164 1.72126671738e-103
monuments 1.27624561187e-103 2.82863868936e-103 0.00328947368421 2.3643071164e-103 1.72126543881e-103
moon 1.27624561199e-103 1.01487806347e-55 3.28947368421e-103 0.00236382554243 3.5059600432e-07
more 0.00518545191396 7.29162124311e-14 0.00328947368421 0.0116724619784 1.38625313339e-19
morning 1.63295451875e-69 2.82863868936e-103 3.28947368421e-103 2.3643071164e-103 0.00172126543881
mortal 0.00127624561187 2.92736255627e-103 3.28947368421e-103 2.36432650858e-103 1.7539249289e-103
most 0.0038287368356 2.83507515184e-103 3.28947368421e-103 8.14633870787e-38 7.66909665467e-81
mourn 1.07401262921e-50 1.51361040162e-40 3.28947368421e-103 2.36431924677e-103 0.00172126543881
mourners 1.27624563998e-103 7.54226399039e-95 3.28947368421e-103 0.0023643071164 2.79233635611e-90
moving 1.27624561249e-103 2.82863868936e-103 3.28947368421e-103 2.3643071164e-103 0.00172126543881
much 0.0012762456136 5.4639601229e-94 3.28947368421e-103 0.00236430711319 2.5494431757e-31
murdrous 1.27624561187e-103 1.33077330863e-23 3.28947368421e-103 2.3643071164e-103 0.00172126543881
muse 0.00255257621418 2.82924034908e-103 0.00986842105263 0.00709276390024 1.73078926783e-103
music 0.00274219753605 0.00252298925739 3.28947368421e-103 3.16578929901e-13 0.00165140144983
must 2.91345067601e-46 7.19880079955e-75 3.28947368421e-103 0.0023643071164 0.00172126543881
my 0.0841686142074 8.55248855643e-17 3.28947368421e-103 3.62304589481e-39 0.00524956812896
name 1.27624561187e-103 2.82863868936e-103 0.00328947368421 2.3643071164e-103 1.72126543881e-103
natures 0.00255249122373 2.82863873729e-103 3.28947368421e-103 1.67859295114e-90 1.72126543881e-103
near 1.27624561187e-103 2.82863868936e-103 0.00328947368421 2.3643071164e-103 1.72126543881e-103
need 1.27624561187e-103 2.82863868936e-103 0.00328947368421 2.3643071164e-103 1.72126543881e-103
needs 0.00127624561187 2.82863878521e-103 3.28947368421e-103 2.3643071164e-103 1.72126543881e-103
needy 1.27624561246e-103 2.83370848405e-103 3.28947368421e-103 2.3643071164e-103 0.00172126543881
never 2.79149061877e-75 0.00848591606808 3.28947368421e-103 2.36430772167e-103 4.31646024518e-76
new 1.27624570767e-103 1.55426221775e-38 0.00328947368421 0.00177604267031 0.00903459611601
night 1.27624561187e-103 2.82863868936e-103 0.00328947368421 2.3643071164e-103 1.72126543881e-103
no 0.0049088938855 0.00626116479909 3.28947368421e-103 0.0045871207865 1.76378059884e-103
none 1.27624561187e-103 2.82863868936e-103 0.00328947368421 2.3643071164e-103 1.72126543881e-103
nor 0.00510498244746 3.24774540516e-22 3.28947368421e-103 6.96921997652e-82 0.00172126543881
not 0.0193434820543 0.0048562337559 0.00328947368421 0.0203682000185 0.0077659513044
nothing 0.00494745124173 5.04851519522e-50 3.28947368421e-103 0.00502044845915 1.76758736661e-103
nought 1.27624561187e-103 1.50575680469e-22 3.28947368421e-103 2.3643071164e-103 0.00172126543881
novel 1.27624561391e-103 2.54499346688e-49 3.28947368421e-103 2.3643071164e-103 0.00172126543881
now 0.00130159374103 2.8399660517e-103 0.0131578947368 8.53062090993e-87 0.00685087487281
numbers 1.27624561187e-103 6.43798143005e-28 3.28947368421e-103 2.3643071164e-103 0.00172126543881
nymphs 1.72225240191e-50 5.55513278291e-27 3.28947368421e-103 2.36431181581e-103 0.00172126543881
oertake 1.27624561824e-103 9.87134257184e-66 3.28947368421e-103 1.12190634977e-09 0.00172126462204
of 0.0302349163014 0.00999457367149 3.28947368421e-103 0.00198686031988 0.0222659062619
offence 1.27624561187e-103 2.82863868936e-103 0.00328947368421 2.3643071164e-103 1.72126543881e-103
oft 0.00160757600854 2.83747899261e-103 3.28947368421e-103 2.36430721799e-103 0.00127440195476
old 0.00175020717341 4.60322971164e-65 0.00657894736842 0.00148627025386 1.72126543881e-103
on 7.59280620855e-71 5.76713254313e-14 3.28947368421e-103 2.83788580755e-82 0.0154913889493
once 0.0038287368356 2.83320340202e-103 3.28947368421e-103 2.36431332249e-103 4.02895209549e-88
one 0.00236154642389 1.00876155529e-85 3.28947368421e-103 0.00271804165222 5.8960259472e-84
open 1.27624561187e-103 2.82863868936e-103 0.00328947368421 2.3643071164e-103 1.72126543881e-103
oppression 1.27624561245e-103 7.27239860262e-56 3.28947368421e-103 0.0023643071164 1.72126619455e-103
or 0.010711509023 0.00737430627135 3.28947368421e-103 2.36431526636e-103 3.8702662967e-40
orient 1.27670829329e-103 2.85007783772e-103 3.28947368421e-103 0.0023643071164 1.72126543882e-103
ornament 4.93333132531e-71 2.8488066283e-103 3.28947368421e-103 6.54263064185e-40 0.00344253087762
other 1.37788014123e-38 3.98852714094e-30 3.28947368421e-103 0.00236430722116 0.00344253080135
others 0.00127624561187 2.82863868936e-103 3.28947368421e-103 2.36431440571e-103 1.72126543881e-103
our 1.27733776054e-103 0.00543607118853 3.28947368421e-103 2.53940989825e-21 0.000134607000694
outworn 1.27624561187e-103 2.82863868936e-103 0.00328947368421 2.3643071164e-103 1.72126543881e-103
own 1.05965942555e-75 0.00918218047883 3.28947368421e-103 0.00589030912811 0.00389437149144
painted 1.27624561187e-103 2.82863868936e-103 0.00328947368421 2.3643071164e-103 1.72126543881e-103
painter 1.27624561211e-103 2.87426696281e-103 3.28947368421e-103 0.0023643071164 1.78193560586e-103
painting 0.00127624561187 2.82863883335e-103 3.28947368421e-103 2.36432573608e-103 1.72126548716e-103
part 1.27624580523e-103 2.8310357314e-103 3.28947368421e-103 2.36430724821e-103 0.00172126543881
partly 0.00127624561185 2.84933768209e-103 3.28947368421e-103 2.9500408406e-14 1.78264044124e-103
parts 1.28668457981e-103 5.67320170728e-103 0.00328947368421 2.06914219519e-79 0.00172126543881
past 1.27624561187e-103 0.00282863868936 3.28947368421e-103 2.3643071164e-103 2.8993554913e-39
paws 1.27624561187e-103 2.82863868936e-103 0.00328947368421 2.3643071164e-103 1.72126543881e-103
peace 7.69507100136e-97 4.01890180805e-62 3.28947368421e-103 0.0023643071164 1.72126589765e-103
pebbled 1.27624561385e-103 4.20162408069e-100 3.28947368421e-103 0.0023643071164 3.95327907764e-103
pen 1.27624561227e-103 3.04842481279e-94 3.28947368421e-103 0.0023643071164 2.44028551039e-44
perjured 3.12791704828e-77 2.86826345139e-55 3.28947368421e-103 0.0023643071164 1.72126543881e-103
persuade 1.28469869351e-103 3.25894197087e-54 3.28947368421e-103 5.15097599622e-39 0.00172126543881
pictures 0.00127624561187 7.32800487118e-57 3.28947368421e-103 5.5364584373e-17 1.72126543881e-103
pine 0.00127624561187 2.82863868936e-103 3.28947368421e-103 1.21035020464e-81 1.72126543881e-103
pity 1.29258694602e-103 2.82863868942e-103 3.28947368421e-103 0.0023643071164 1.72126544065e-103
pitying 1.33606551003e-103 7.92063432879e-72 3.28947368421e-103 0.0023643071164 9.12862227803e-75
place 1.27624561187e-103 0.00282863868936 0.00328947368421 2.3643071164e-103 5.83565085477e-92
play 1.27624561235e-103 1.01070405456e-64 3.28947368421e-103 0.0023643071164 1.72126544112e-103
played 1.27624561187e-103 1.2082612235e-47 3.28947368421e-103 2.36432153335e-103 0.00172126543881
playst 1.27624561187e-103 2.82863868936e-103 0.00328947368421 2.3643071164e-103 1.72126543881e-103
plea 1.27624561187e-103 2.82863868936e-103 0.00328947368421 2.3643071164e-103 1.72126543881e-103
pleasure 1.27624561187e-103 5.24060143198e-27 3.28947368421e-103 2.3643071164e-103 0.00172126543881
plight 1.27624561187e-103 2.82863868936e-103 0.00328947368421 2.3643071164e-103 1.72126543881e-103
pluck 1.27624619338e-103 0.00282863868936 0.00328947368421 2.3643071164e-103 1.72126543881e-103
poor 0.00127624561187 4.89501819733e-18 3.28947368421e-103 2.3643071164e-103 1.72126543881e-103
possesseth 1.02589392435e-50 5.89500913444e-96 3.28947368421e-103 2.36432497518e-103 0.00172126543881
possessing 1.27624561187e-103 2.82863868936e-103 0.00328947368421 2.3643071164e-103 1.72126543881e-103
potions 1.27624561248e-103 2.82966644876e-103 3.28947368421e-103 2.3643071164e-103 0.00172126543881
poverty 1.27643524253e-103 4.07089390029e-86 3.28947368421e-103 2.36430712242e-103 0.00172126543881
power 1.27624561317e-103 1.39023164993e-33 3.28947368421e-103 2.36430726933e-103 0.00344253087762
powerful 1.2762456136e-103 4.30969658563e-93 3.28947368421e-103 0.0023643071164 2.78000516321e-97
praise 2.20871478935e-84 3.24251258061e-103 3.28947368421e-103 2.36430723821e-103 0.00344253087762
praises 0.00127624561187 2.82863868936e-103 3.28947368421e-103 2.36431312095e-103 2.44252978773e-48
precious 1.4289503656e-53 8.63296665921e-59 3.28947368421e-103 2.3643071164e-103 0.00172126543881
prepare 1.27624561187e-103 2.82863868936e-103 0.00328947368421 2.3643071164e-103 1.72126543881e-103
presenteth 1.27624561247e-103 4.01898001386e-56 3.28947368421e-103 0.0023643071164 1.72126543881e-103
preserve 1.3008008094e-103 2.82887820181e-103 3.28947368421e-103 2.36518812706e-103 0.00172126543881
press 1.27624561187e-103 2.82863868936e-103 0.00328947368421 2.3643071164e-103 1.72126543881e-103
pretty 2.97727688202e-32 1.86643892635e-58 3.28947368421e-103 0.0023643071164 1.72126543881e-103
prevent 1.69745924012e-63 2.83853526673e-103 3.28947368421e-103 0.0023643071164 1.72126543881e-103
pride 1.27624561187e-103 2.82863868936e-103 0.00328947368421 2.3643071164e-103 1.72126543881e-103
prime 1.27624561187e-103 2.82863868936e-103 0.00328947368421 2.3643071164e-103 1.72126543881e-103
promise 0.00127624561187 2.82863868936e-103 3.28947368421e-103 2.14984664269e-72 1.72126543881e-103
prophetic 0.00127624561187 3.07420885474e-103 3.28947368421e-103 2.36432512213e-103 3.03242153563e-92
proud 1.2840696655e-103 4.89671975409e-53 3.28947368421e-103 0.00472861423279 1.72126543895e-103
provide 1.27624561187e-103 2.82863868936e-103 0.00328947368421 2.3643071164e-103 1.72126543881e-103
purging 0.00127624561187 2.82863868936e-103 3.28947368421e-103 2.36431312095e-103 2.86381828546e-52
put 0.00149091576245 4.58633426453e-22 3.28947368421e-103 0.0043309273299 1.721493899e-103
quickly 0.00127624561187 2.82863868936e-103 3.28947368421e-103 2.36432573526e-103 1.72126543881e-103
quill 1.27624561187e-103 2.82863868936e-103 0.00328947368421 2.3643071164e-103 1.72126543881e-103
quite 1.27624561187e-103 2.82863868936e-103 0.00328947368421 2.3643071164e-103 1.72126543881e-103
rage 1.27624561244e-103 9.92321738086e-58 0.00328947368421 0.0023643071164 1.72126544291e-103
ragged 1.27624561187e-103 2.34260799232e-25 3.28947368421e-103 2.3643071164e-103 0.00172126543881
rank 0.00127624561187 2.82863868936e-103 3.28947368421e-103 2.3668246807e-103 1.72126543881e-103
rased 1.27624561187e-103 2.82863868936e-103 0.00328947368421 2.3643071164e-103 1.72126543881e-103
reason 1.2762456136e-103 1.17927806124e-92 3.28947368421e-103 0.0023643071164 7.49675276317e-68
receivst 0.00127624561187 2.82863868936e-103 3.28947368421e-103 2.36430919996e-103 4.75336944993e-47
recite 1.27624561187e-103 2.82863868936e-103 0.00328947368421 2.3643071164e-103 1.72126543881e-103
register 1.27624561187e-103 2.82863868936e-103 0.00328947368421 2.3643071164e-103 1.72126543881e-103
reigns 0.00127624561187 2.82863868936e-103 3.28947368421e-103 1.52534279743e-93 1.72126543881e-103
releasing 1.27624561187e-103 2.82863868936e-103 0.00328947368421 2.3643071164e-103 1.72126543881e-103
remain 1.27624561187e-103 2.82863868936e-103 0.00657894736842 2.3643071164e-103 1.72126543881e-103
remedy 1.27624561187e-103 2.82863868936e-103 0.00328947368421 2.3643071164e-103 1.72126543881e-103
renew 0.00127624561187 2.82863868957e-103 3.28947368421e-103 2.36431719434e-103 1.72126543914e-103
renewest 1.27624561187e-103 2.82863868936e-103 0.00328947368421 2.3643071164e-103 1.72126543881e-103
repair 1.27624561194e-103 2.82863868936e-103 3.28947368421e-103 0.0023643071164 1.72126543881e-103
replete 1.27624561247e-103 7.8546510719e-56 3.28947368421e-103 0.0023643071164 1.73086348377e-103
repose 1.27624561195e-103 2.20455843274e-48 3.28947368421e-103 6.03401675144e-73 0.00172126543881
reserve 1.27624561277e-103 0.00282863868936 3.28947368421e-103 2.3643071164e-103 1.72126543881e-103
restful 1.27624561427e-103 2.82968745881e-103 3.28947368421e-103 2.3643071164e-103 0.00172126543881
resurvey 1.27624561187e-103 2.82863868936e-103 0.00328947368421 2.3643071164e-103 1.72126543881e-103
return 1.27624924704e-103 4.69317911163e-25 3.28947368421e-103 2.36430711652e-103 0.00172126543881
rhyme 1.27624561187e-103 2.82863868936e-103 0.00328947368421 2.3643071164e-103 1.72126543881e-103
rich 0.00221291361669 2.48367913457e-70 3.28947368421e-103 0.000629084045758 1.76716221077e-103
right 0.00127624561187 2.82863868936e-103 3.28947368421e-103 2.36694509015e-103 1.72126543881e-103
ripe 1.28262774752e-103 2.82863869207e-103 3.28947368421e-103 0.0023643071164 1.72127070611e-103
riper 0.00127624561187 2.83626195365e-103 3.28947368421e-103 2.36454866957e-103 3.05847868086e-67
rose 0.00127624561187 2.82863869161e-103 3.28947368421e-103 2.3643071164e-103 3.60287937186e-75
rough 0.00127624561187 2.82863878521e-103 3.28947368421e-103 2.3643071164e-103 1.72126543881e-103
runs 1.27624561193e-103 1.61733601149e-46 3.28947368421e-103 5.51664776619e-80 0.00172126543881
sadly 1.27624561187e-103 2.82863868936e-103 0.00328947368421 2.3643071164e-103 1.72126543881e-103
said 1.27624561187e-103 2.82863868936e-103 0.00328947368421 2.3643071164e-103 1.72126543881e-103
sail 0.00127624561187 2.82863868936e-103 3.28947368421e-103 1.8553940325e-76 1.72126543881e-103
saith 0.00127624561187 2.82863868936e-103 3.28947368421e-103 2.36445612849e-103 1.72126543881e-103
sake 6.07203598772e-86 1.4237991831e-59 0.00328947368421 0.0023643071164 1.721265443e-103
same 1.27624561187e-103 2.82863868936e-103 0.00328947368421 2.3643071164e-103 1.72126543881e-103
saw 1.27915175576e-103 2.82863868936e-103 3.28947368421e-103 2.36430711871e-103 0.00172126543881
say 0.00457383390471 9.84220012045e-18 0.00328947368421 0.00342512542367 0.00166532445967
says 1.27624561195e-103 1.65893349305e-31 3.28947368421e-103 2.3643071164e-103 0.00172126543881
scanted 1.27624561187e-103 0.00282863868936 3.28947368421e-103 2.3643071994e-103 1.93935653135e-43
sea 1.27624561187e-103 2.82863868936e-103 0.00328947368421 2.3643071164e-103 1.72126543881e-103
see 0.0012870753285 2.82863868958e-103 0.00328947368421 0.00234424453921 1.72126672038e-103
seem 0.00127624561187 2.82863868936e-103 0.00328947368421 2.50963383185e-75 1.72126543881e-103
seeming 1.27624561187e-103 2.82863868936e-103 0.00328947368421 2.3643071164e-103 1.72126543881e-103
seems 1.27625028164e-103 2.82863868936e-103 3.28947368421e-103 2.3643071164e-103 0.00172126543881
seen 1.27624561194e-103 2.82863868936e-103 0.00657894736842 0.0023643071164 1.72126543881e-103
self 0.00291863831946 5.46565183442e-88 3.28947368421e-103 0.015871844498 1.2579387608e-44
send 1.27624561187e-103 1.57067674209e-23 3.28947368421e-103 2.3643071164e-103 0.00172126543881
sessions 5.10045068261e-94 7.11436084749e-68 3.28947368421e-103 0.00236430711629 7.59927298194e-14
set 1.27624561382e-103 3.75299284205e-60 3.28947368421e-103 2.34690060852e-57 0.00172126543881
sets 0.00127624561187 2.82863878521e-103 3.28947368421e-103 2.3643071164e-103 1.72126543881e-103
shade 1.27624561187e-103 2.82863868936e-103 0.00328947368421 2.3643071164e-103 1.72126543881e-103
shake 0.00255249122373 2.82863868937e-103 3.28947368421e-103 1.38146698034e-95 1.72126544017e-103
shall 4.77419437331e-06 0.00528376043151 3.28947368421e-103 3.84372191062e-73 0.0191547710826
shalt 0.0040947013631 9.35619739194e-77 3.28947368421e-103 0.00423590199994 3.79304966717e-103
shame 8.10449426474e-40 2.75387277376e-56 0.00657894736842 0.0023643071164 1.72126543881e-103
she 1.27648813619e-103 1.9673190945e-52 3.28947368421e-103 2.37075235347e-103 0.00516379631643
shine 0.00127624561187 2.82863913076e-103 3.28947368421e-103 2.3643071164e-103 1.72662492412e-103
shore 1.27624561187e-103 2.82863868936e-103 0.00328947368421 2.3643071164e-103 1.72126543881e-103
should 0.00387251393583 0.00295126016164 3.28947368421e-103 0.00935817598397 0.00165971895216
show 1.27624565066e-103 1.94213703017e-64 3.28947368421e-103 2.3643071164e-103 0.00172126543881
shows 1.27624561187e-103 2.82863868936e-103 0.00328947368421 2.3643071164e-103 1.72126543881e-103
side 5.48753869323e-48 2.89188526111e-103 3.28947368421e-103 0.0023643071164 1.72126543881e-103
sigh 1.27624619338e-103 0.00282863868936 3.28947368421e-103 2.3643071164e-103 1.72126543881e-103
sight 1.27624561187e-103 4.56257170134e-55 0.00657894736842 2.3643071164e-103 0.00172126543881
signs 1.27624561187e-103 3.70319134158e-47 3.28947368421e-103 2.3643071164e-103 0.00172126543881
silent 0.00127624561187 2.82863868936e-103 3.28947368421e-103 2.36433068545e-103 1.72126543881e-103
sin 2.4269981058e-83 0.00288497976812 3.28947368421e-103 0.00704582886829 1.72149343138e-103
since 1.14685855302e-68 0.0113145547574 3.28947368421e-103 2.3643071164e-103 1.72126543881e-103
sinful 1.33495039572e-103 7.84580148081e-96 3.28947368421e-103 0.0023643071164 5.98641286751e-100
sing 1.27624561187e-103 2.82863868936e-103 0.00328947368421 2.3643071164e-103 1.72126543881e-103
siren 0.00127624561187 2.82863868936e-103 3.28947368421e-103 2.36432393615e-103 1.50502508772e-95
skill 1.27624561187e-103 2.82863868936e-103 0.00328947368421 2.3643071164e-103 1.72126543881e-103
slave 1.27624561255e-103 1.0231226045e-68 0.00328947368421 0.0023643071164 2.13772017111e-42
sleep 0.00127624553497 6.05486282125e-103 3.28947368421e-103 2.36474089287e-103 1.0370859392e-10
slight 0.00127624561187 2.82863868936e-103 3.28947368421e-103 2.3643071164e-103 1.14634826162e-80
slow 0.00127624561187 3.07420885474e-103 3.28947368421e-103 2.36432512248e-103 5.24294529939e-95
slumbers 0.00127624561187 2.828638724e-103 3.28947368421e-103 7.02582354141e-88 1.72126557303e-103
snow 3.70556751663e-22 2.82863868936e-103 3.28947368421e-103 2.3643071164e-103 0.00172126543881
so 0.0100470858376 0.0229901105629 3.28947368421e-103 2.7471474076e-89 1.7251622817e-103
sold 0.00127624561187 2.82863868936e-103 3.28947368421e-103 2.3643071164e-103 1.72126543887e-103
some 0.0138167918631 0.00332047414075 3.28947368421e-103 1.30270941337e-19 4.51361574677e-84
sometime 0.00127624561187 2.82863868936e-103 3.28947368421e-103 2.3643071164e-103 4.74412421867e-81
song 1.27624561187e-103 2.82863868936e-103 0.00328947368421 2.3643071164e-103 1.72126543881e-103
songs 1.27624561211e-103 2.86974680966e-103 3.28947368421e-103 0.0023643071164 1.72126543958e-103
sorrow 3.51666820246e-37 5.22608782762e-54 3.28947368421e-103 0.0023643071164 1.72126543881e-103
sought 1.27624561187e-103 2.82863868936e-103 0.00328947368421 2.3643071164e-103 1.72126543881e-103
soul 6.84223960132e-30 0.00311073047984 0.00328947368421 0.00224758017072 0.00163458839323
souls 1.27624561236e-103 2.66425947944e-71 3.28947368421e-103 0.0023643071164 1.72126543881e-103
space 1.27624561187e-103 8.0200845069e-53 3.28947368421e-103 2.3643071164e-103 0.00172126543881
speak 6.98548011767e-62 0.00283049668045 3.28947368421e-103 0.00236275412146 1.74551215629e-103
spend 1.27624561187e-103 2.82863868936e-103 0.00657894736842 2.3643071164e-103 1.72126543881e-103
spends 1.27624562371e-103 0.00282863868936 3.28947368421e-103 6.98406732503e-78 4.60772465483e-22
spendst 2.75416066845e-66 0.00282863868936 3.28947368421e-103 2.3643071164e-103 1.72126543881e-103
spirit 1.27624561194e-103 3.70246473495e-26 3.28947368421e-103 0.00229860595078 0.00176909727287
spite 1.2779538452e-103 1.18900306908e-72 0.00328947368421 0.0023643071164 8.71746693289e-31
spot 7.72127027737e-102 2.83122206795e-103 3.28947368421e-103 2.61300935093e-100 0.00172126543881
spring 1.27624561187e-103 2.82863868936e-103 0.00328947368421 2.3643071164e-103 1.72126543881e-103
stage 0.00127624561187 2.82863868936e-103 0.00328947368421 2.3643071164e-103 1.72126543881e-103
stain 1.27624561187e-103 1.56736792722e-22 3.28947368421e-103 2.3643071164e-103 0.00172126543881
stars 1.76780201593e-84 2.63474310107e-63 0.00328947368421 0.0023643071164 1.72126543881e-103
state 1.27624561187e-103 2.82863868936e-103 0.00657894736842 2.3643071164e-103 1.72126543881e-103
stay 1.27624561187e-103 2.82863868936e-103 0.00657894736842 2.3643071164e-103 1.72126543881e-103
steal 1.27624561219e-103 4.0552118287e-43 3.28947368421e-103 0.00236430139366 4.16627480872e-09
steep 1.27624561187e-103 2.82863868936e-103 0.00328947368421 2.3643071164e-103 1.72126543881e-103
stelled 1.27624561187e-103 2.82863868936e-103 0.00328947368421 2.3643071164e-103 1.72126543881e-103
still 1.27624561264e-103 2.47777301888e-45 0.00986842105263 2.3643071164e-103 0.00344253087762
stone 1.27624561187e-103 1.39691254252e-51 0.00328947368421 2.36432034181e-103 0.00172126543881
store 1.27624561187e-103 2.82863868936e-103 0.00328947368421 2.3643071164e-103 1.72126543881e-103
straight 1.27624561278e-103 2.82863868936e-103 3.28947368421e-103 2.3643071164e-103 0.00172126543881
strange 1.27624561187e-103 2.82863868936e-103 0.00328947368421 2.3643071164e-103 1.72126543881e-103
strengthened 1.19237652651e-96 2.83758636459e-103 3.28947368421e-103 0.0023643071164 1.72126543881e-103
strife 1.27624561187e-103 2.82863868936e-103 0.00328947368421 2.3643071164e-103 1.72126543881e-103
subject 1.29548703974e-103 2.83376718465e-103 3.28947368421e-103 2.39603325167e-103 0.00344253087762
substance 1.27624561187e-103 0.00311321223601 3.28947368421e-103 2.3643071164e-103 0.00154809853259
successive 0.00127624561187 2.82863868936e-103 3.28947368421e-103 2.36443839481e-103 1.72126543881e-103
such 9.70382322208e-95 0.00454754767271 3.28947368421e-103 2.3643071164e-103 0.00411781662428
suffer 1.2762456136e-103 1.02603496917e-95 3.28947368421e-103 0.0023643071164 3.71884599199e-98
sum 1.27624561187e-103 2.82863868936e-103 0.00328947368421 2.3643071164e-103 1.72126543881e-103
summers 0.00127624561187 2.82863868964e-103 3.28947368421e-103 2.36445513745e-103 1.72126543962e-103
sun 1.27624561187e-103 2.82863868936e-103 0.00657894736842 2.3643071164e-103 1.72126543881e-103
supposing 1.27624561245e-103 3.85137741874e-56 3.28947368421e-103 0.0023643071164 1.72126543881e-103
survey 1.27624561187e-103 2.82863868936e-103 0.00328947368421 2.3643071164e-103 1.72126543881e-103
survive 0.00127624561187 2.82863868936e-103 3.28947368421e-103 7.37470613525e-82 1.72126543881e-103
suspect 1.27624561187e-103 2.82863868936e-103 0.00328947368421 2.3643071164e-103 1.72126543881e-103
swayst 1.27624561187e-103 2.82863868936e-103 0.00328947368421 2.3643071164e-103 1.72126543881e-103
swears 0.00127624561187 3.4341362167e-84 3.28947368421e-103 2.36517447406e-103 1.46836929919e-30
sweet 4.14954416378e-47 0.00617375063753 3.28947368421e-103 2.36431000766e-103 0.00657078069354
swift 1.2762456136e-103 2.8460387005e-97 3.28947368421e-103 0.0023643071164 5.82050506971e-102
tables 1.05282176951e-31 1.07366401231e-50 3.28947368421e-103 2.3643081787e-103 0.00172126543881
take 4.00354292714e-75 0.00296401407282 0.00328947368421 2.3643071164e-103 0.00163888766123
takes 1.2762456136e-103 3.56294665224e-93 3.28947368421e-103 0.0023643071164 3.34480271418e-100
task 1.33528697561e-103 0.00282863868936 3.28947368421e-103 3.31263409658e-61 2.42618178309e-68
teach 1.27624561254e-103 2.83103572434e-103 3.28947368421e-103 2.3643071168e-103 0.00172126543881
tears 1.27624561187e-103 2.82863868936e-103 0.00328947368421 2.3643071164e-103 1.72126543881e-103
teeth 1.27624561187e-103 4.13275845416e-20 3.28947368421e-103 2.3643071164e-103 0.00172126543881
tell 2.49499117205e-83 3.35060699839e-70 3.28947368421e-103 4.22808539894e-08 0.00344250009627
tells 1.27764425882e-103 2.56058601066e-23 3.28947368421e-103 2.36430711716e-103 0.00172126543881
tend 1.27624561187e-103 2.82863868936e-103 0.00328947368421 2.3643071164e-103 1.72126543881e-103
th 0.00132569970503 0.0055476685699 3.28947368421e-103 2.36487494298e-103 9.89660784919e-87
than 0.00255248793139 1.55794611978e-40 3.28947368421e-103 0.00236431321561 4.61548652989e-44
that 0.0432446792474 0.0443865670009 3.28947368421e-103 0.027009514118 7.61099905979e-12
the 0.0561465528064 0.0266169653139 3.28947368421e-103 0.00389855871053 0.0205652159599
thee 0.0139331863517 1.31014928142e-57 0.00328947368421 0.00965270084067 5.31305752538e-22
their 0.00638122805933 2.82863868937e-103 3.28947368421e-103 2.36432349237e-103 4.05913021729e-103
them 0.00127624561187 2.82863868936e-103 3.28947368421e-103 2.36432484579e-103 6.12991445698e-93
themselves 1.46267592621e-34 8.01486871766e-28 3.28947368421e-103 2.36430978075e-103 0.00172126543881
then 6.64182959838e-21 0.0123395404416 3.28947368421e-103 0.00908612899285 0.0013677158336
thence 1.27624561187e-103 2.82863868936e-103 0.00328947368421 2.3643071164e-103 1.72126543881e-103
there 1.27758566587e-103 4.41905497197e-15 0.00657894736842 2.36430711653e-103 0.00516379631643
thereof 0.00127624561187 2.82863868936e-103 3.28947368421e-103 4.84262106465e-44 1.72126543881e-103
these 0.00273936220971 0.00239471700395 3.28947368421e-103 0.00238081134413 3.13953234571e-38
they 0.00365853811106 0.00336316978113 3.28947368421e-103 4.39395214645e-36 0.00334680746077
thine 0.00510498244746 2.83029322678e-103 0.00328947368421 9.32981487861e-70 1.72126543881e-103
thing 0.0038287368356 2.82865077862e-103 0.00328947368421 2.36431537399e-103 1.72126951373e-103
think 3.54540626134e-59 1.25925064471e-67 3.28947368421e-103 0.00472861423279 1.72126544155e-103
this 0.00893371928306 1.25141107813e-73 3.28947368421e-103 5.07130650103e-17 1.72127129394e-103
those 0.00552551515608 0.0103824966342 3.28947368421e-103 3.94620000585e-103 1.7212821714e-103
thou 8.17731015646e-27 0.0123334736096 3.28947368421e-103 2.37310449946e-103 0.0768369186499
though 1.2762456122e-103 0.0108993463656 3.28947368421e-103 2.3643071164e-103 0.000252660001232
thought 1.27624561217e-103 4.65415723642e-93 0.00657894736842 0.00472861423279 2.49487464803e-48
thoughts 1.28012268032e-103 0.00284128136056 3.28947368421e-103 0.00209762050315 0.00190772567827
three 0.00127624561187 2.82863868936e-103 3.28947368421e-103 2.3643071164e-103 1.72126543881e-103
thus 3.08088343204e-81 0.00848591606808 3.28947368421e-103 2.36430717423e-103 1.15296526238e-15
thy 0.0133124672775 0.0209038471168 3.28947368421e-103 0.034416559414 0.00451358024293
tied 1.27624561187e-103 1.32816325166e-33 3.28947368421e-103 2.3643071164e-103 0.00172126543881
tigers 1.28183317254e-23 1.04885291377e-96 3.28947368421e-103 0.0023643071164 1.80768880915e-103
time 0.00239399272018 9.69539790139e-76 0.00657894736842 0.0114686080727 0.00391323560701
times 0.00127623474187 5.75808922479e-43 3.28947368421e-103 0.00236432435285 0.00344253298941
tired 1.12802476559e-66 0.00282863868936 3.28947368421e-103 2.3643071164e-103 1.72126543881e-103
tis 0.00185125113058 0.00163363805368 3.28947368421e-103 0.00230293693765 0.0017176117188
to 0.0525878089422 7.13900139214e-17 3.28947368421e-103 1.47680204276e-21 0.0237447103879
today 1.27631061149e-103 2.82863868936e-103 3.28947368421e-103 0.0023643071164 1.72126543881e-103
toil 0.00127624561187 2.84366157723e-103 3.28947368421e-103 1.57400706704e-36 1.72126543881e-103
tomb 1.27624561187e-103 2.82863868936e-103 0.00328947368421 2.3643071164e-103 1.72126543881e-103
tongue 1.27624561247e-103 4.29518999672e-60 0.00328947368421 0.0023643071164 1.72126543881e-103
tongues 1.27624561222e-103 7.36779594252e-79 3.28947368421e-103 0.0023643071164 3.44935674753e-29
too 0.00382873702113 1.06626226171e-86 3.28947368421e-103 1.3303550798e-16 0.00172126518858
took 1.27744640797e-103 2.82863868941e-103 0.00328947368421 2.36430712475e-103 0.00172126543881
torn 1.27624561187e-103 2.82863868936e-103 0.00328947368421 2.3643071164e-103 1.72126543881e-103
torture 1.27624561382e-103 2.47314113202e-59 3.28947368421e-103 3.27441097355e-58 0.00172126543881
towards 1.2762456171e-103 7.52941739503e-13 3.28947368421e-103 2.3643071164e-103 0.00172126543835
towers 1.27624561187e-103 5.98373114605e-26 3.28947368421e-103 2.3643071164e-103 0.00172126543881
transgression 1.2762456136e-103 6.66438771344e-97 3.28947368421e-103 0.0023643071164 2.61396722788e-103
treasure 1.27624561187e-103 0.00282863868936 3.28947368421e-103 2.3643071164e-103 1.72126543881e-103
trimmed 1.27624561223e-103 1.69231516931e-60 3.28947368421e-103 0.0023643071164 6.82453011744e-44
triumph 0.00127624561187 2.82863868936e-103 3.28947368421e-103 2.36432518523e-103 8.12201874296e-96
trouble 0.000530054678263 8.53789771577e-55 3.28947368421e-103 0.00138235502485 1.72126543881e-103
truant 0.00127624561187 4.61223727711e-53 3.28947368421e-103 2.3643071164e-103 1.72126543881e-103
true 1.27921780412e-103 3.39843941323e-27 0.00657894736842 0.00940038110929 0.00176265151298
truth 1.28373864083e-103 5.29729532922e-88 0.00328947368421 1.73237367893e-65 0.00172126543881
twain 1.27624561187e-103 2.82863868936e-103 0.00328947368421 2.3643071164e-103 1.72126543881e-103
two 6.99940206479e-56 0.00848591606808 3.28947368421e-103 2.36431175718e-103 3.6087480695e-19
tyrannous 1.2769699213e-103 5.30040261773e-30 3.28947368421e-103 2.36430732837e-103 0.00172126543881
tyrants 0.00127624561187 2.82863868937e-103 3.28947368421e-103 5.39160570412e-91 1.72127266293e-103
under 1.27624567906e-103 3.38799018976e-20 3.28947368421e-103 2.3643071164e-103 0.00172126543881
unkind 1.27624561247e-103 7.24958482949e-54 3.28947368421e-103 0.0023643071164 1.72126543881e-103
unperfect 1.27624561187e-103 1.05157376021e-29 3.28947368421e-103 2.3643071164e-103 0.00172126543881
unseen 1.27624561187e-103 2.82863868936e-103 0.00328947368421 2.3643071164e-103 1.72126543881e-103
unthrifty 1.73824440999e-67 0.00282863868936 3.28947368421e-103 2.3643071164e-103 1.72126543881e-103
untutored 1.2762456136e-103 1.16871855528e-92 3.28947368421e-103 0.0023643071164 6.50958682835e-99
unused 1.2762456136e-103 1.8368138088e-94 3.28947368421e-103 0.0023643071164 3.03188469658e-99
upon 1.27625312608e-103 0.00579649698503 3.28947368421e-103 1.44237907123e-23 0.00335781383771
urge 0.00127624561187 2.82863868936e-103 3.28947368421e-103 1.40905193423e-78 1.72126543881e-103
use 1.2840725672e-103 5.61878051738e-57 0.00986842105263 0.0023643071164 1.7212654395e-103
utmost 0.00127624561187 2.82863868936e-103 3.28947368421e-103 2.36435899219e-103 1.72126543881e-103
vacant 1.27624561239e-103 1.66728940067e-100 3.28947368421e-103 2.3643071164e-103 0.00172126543881
vassalage 1.27624561187e-103 2.82863868936e-103 0.00328947368421 2.3643071164e-103 1.72126543881e-103
verse 1.27645533615e-103 2.84062862924e-103 0.00328947368421 0.00472861423279 7.59906628752e-70
very 1.27624561505e-103 8.26390407844e-96 3.28947368421e-103 0.0023643071164 4.94482973688e-100
vex 1.30176438696e-87 4.85043439379e-35 3.28947368421e-103 2.3643071164e-103 0.00172126543881
vial 1.27624561194e-103 2.82863868936e-103 3.28947368421e-103 0.0023643071164 1.72126543881e-103
view 1.27624561187e-103 2.82863868936e-103 0.00328947368421 2.3643071164e-103 1.72126543881e-103
viewest 1.27624561187e-103 2.82863868936e-103 0.00328947368421 2.3643071164e-103 1.72126543881e-103
vile 1.2762456137e-103 1.64287563357e-22 3.28947368421e-103 0.00224699209863 0.00180667324566
violet 1.27624561194e-103 2.82863868936e-103 3.28947368421e-103 0.0023643071164 1.72126543881e-103
virtue 1.27624561272e-103 0.00282863868936 3.28947368421e-103 4.73272540678e-103 8.5310155949e-41
voice 1.2762490226e-103 2.82863868936e-103 3.28947368421e-103 2.36430711651e-103 0.00172126543881
vow 0.00127624561187 2.82863868936e-103 3.28947368421e-103 2.3643071164e-103 1.72126543881e-103
vowed 1.27624561187e-103 7.7078375448e-50 3.28947368421e-103 2.3643071164e-103 0.00172126543881
wailing 9.69837817672e-47 5.8159239251e-96 3.28947368421e-103 0.0023643071164 1.78538079296e-101
wane 1.27624561187e-103 9.91519608984e-49 3.28947368421e-103 2.364307165e-103 0.00172126543881
want 1.27624561187e-103 0.00282863868936 3.28947368421e-103 2.36989937644e-103 1.72126543881e-103
wantonness 1.27624561187e-103 2.82863868936e-103 0.00328947368421 2.3643071164e-103 1.72126543881e-103
war 1.27624561187e-103 2.82863868936e-103 0.00328947368421 2.3643071164e-103 1.72126543881e-103
warning 3.65985681895e-44 2.82863868937e-103 3.28947368421e-103 2.36430715883e-103 0.00172126543881
was 2.00372493366e-27 0.0034022101763 3.28947368421e-103 0.00661350375746 1.72126598075e-103
waste 1.11540344258e-73 2.83298965902e-103 3.28947368421e-103 2.38273160138e-103 0.00172126543881
wasted 0.00127624561187 2.82863868936e-103 3.28947368421e-103 2.36432393614e-103 3.39014985551e-91
waves 0.00127624561187 2.83188299294e-103 3.28947368421e-103 2.61902789245e-103 6.02244170876e-49
way 1.27624561187e-103 2.82863868936e-103 0.0131578947368 2.3643071164e-103 1.72126543881e-103
we 1.27624561225e-103 3.42141302436e-36 3.28947368421e-103 0.0023643071164 0.00344253087762
weak 1.27624561223e-103 8.91416457264e-76 3.28947368421e-103 0.0023643071164 2.07238932141e-55
wear 1.27624561187e-103 2.82863868936e-103 0.00328947368421 2.3643071164e-103 1.72126543881e-103
weary 2.65461657275e-68 0.00282863868936 3.28947368421e-103 2.3643071164e-103 1.72126543881e-103
well 0.00369001153469 6.79210088427e-35 3.28947368421e-103 0.000310562343598 0.00168226755409
were 0.00365487739922 1.76663052108e-12 3.28947368421e-103 9.93296330405e-89 0.00367701414236
weret 1.14115415198e-54 0.00282863868936 3.28947368421e-103 2.3643071164e-103 1.72126543881e-103
wert 0.00127624561187 2.82863868936e-103 3.28947368421e-103 2.3643071164e-103 1.72139155184e-103
wet 0.00127624561187 2.82863868936e-103 3.28947368421e-103 2.3643071164e-103 1.72126543881e-103
what 0.00158545525972 0.0331558726136 3.28947368421e-103 0.00539529149789 0.00301952844742
whats 1.3305376719e-59 0.00565727737872 3.28947368421e-103 2.3643071164e-103 1.72126543881e-103
when 1.32735777647e-46 0.0575028013587 3.28947368421e-103 0.0144514348058 0.00268323968959
where 2.20515350858e-47 0.00591556734423 3.28947368421e-103 0.00451272352684 1.06333623772e-18
wherefore 1.6789758078e-47 3.58381266569e-57 3.28947368421e-103 0.00472861423279 1.72126581552e-103
wherein 1.27624561187e-103 4.62787058637e-24 3.28947368421e-103 2.3643071164e-103 0.00172126543881
whereof 0.00127624561187 2.82863868936e-103 3.28947368421e-103 2.36435820338e-103 7.6661030623e-24
whether 2.00045788027e-75 1.42154473803e-75 3.28947368421e-103 0.00472861423279 1.72135637479e-103
which 0.00135125168599 0.0202731100795 3.28947368421e-103 0.0159660078132 3.64999471594e-05
whilst 0.0038287368356 2.82863878521e-103 3.28947368421e-103 2.3643071164e-103 1.72126543881e-103
white 1.27624561233e-103 1.24116285352e-56 3.28947368421e-103 2.36430713613e-103 0.00172126543881
who 2.04303138548e-73 0.0118148598078 3.28947368421e-103 0.00431043611931 1.72127532385e-103
whoever 1.27624561287e-103 0.00282863868936 3.28947368421e-103 2.3643071164e-103 1.72126543881e-103
whom 1.29087529642e-103 4.51978654208e-61 3.28947368421e-103 0.00472861423279 1.0558830462e-64
whose 1.27624561284e-103 0.00337638567311 3.28947368421e-103 2.3643071164e-103 0.00483048476417
why 0.00628800299628 0.00591474747261 0.00328947368421 0.00468611278043 2.37906128631e-55
widows 1.2762456136e-103 2.215488732e-93 3.28947368421e-103 0.0023643071164 9.3140779622e-103
will 0.0127624561187 1.19636421428e-60 0.00328947368421 1.44495552508e-29 3.71606320297e-38
wilt 0.00255249122373 2.82863868936e-103 3.28947368421e-103 3.37514220966e-77 1.72126598681e-103
winds 1.27624561245e-103 1.22253417585e-57 3.28947368421e-103 0.0023643071164 1.72126543881e-103
wink 1.27624561339e-103 2.82863886992e-103 3.28947368421e-103 0.0023643071164 1.72127008458e-103
winter 3.54375575759e-74 2.82863872649e-103 3.28947368421e-103 0.0023643071164 1.7212659356e-103
winters 1.27624561314e-103 4.56712618287e-61 3.28947368421e-103 0.00709292134919 1.74880139187e-103
wise 1.27624561324e-103 2.84135093377e-103 3.28947368421e-103 0.0023643071164 1.04928387164e-44
wish 2.21348845995e-79 0.00282863868936 3.28947368421e-103 2.36430786258e-103 1.72126543881e-103
with 0.00359847927637 1.46493522783e-28 3.28947368421e-103 1.17660724297e-59 0.0416209176354
within 1.27624561187e-103 1.53753066801e-48 3.28947368421e-103 2.38248761387e-103 0.00344253087762
womans 0.00127624556952 0.00282863878321 3.28947368421e-103 2.3643071164e-103 1.72126543881e-103
words 0.00127618255706 1.15558895988e-57 3.28947368421e-103 0.00472862624196 7.62987382701e-08
work 1.27624561595e-103 2.04073862143e-75 3.28947368421e-103 0.0023643071164 1.72127652397e-103
world 0.00127937704522 4.07980545974e-103 3.28947368421e-103 2.36431535538e-103 0.00171704209186
worlds 2.82944433375e-39 3.82099476632e-58 3.28947368421e-103 0.0023643071164 1.72126543881e-103
worst 1.27624574932e-103 2.19207913992e-54 3.28947368421e-103 2.36432226208e-103 0.00172126543881
worth 9.53268486802e-24 0.00296124818205 0.00328947368421 0.00225346596569 1.72126543891e-103
worthless 1.2762456136e-103 6.48698092263e-91 3.28947368421e-103 0.0023643071164 1.80663609371e-103
would 0.00255249122373 2.82863868936e-103 3.28947368421e-103 2.36431642556e-103 1.72126543881e-103
wound 1.73133134851e-27 0.00282863868936 3.28947368421e-103 2.3643071164e-103 1.72126543881e-103
writ 1.27624561648e-103 1.66224502187e-75 3.28947368421e-103 0.0023643071164 1.72127854166e-103
write 1.27624561187e-103 2.82863868936e-103 0.00328947368421 2.3643071164e-103 1.72126543881e-103
writers 0.00127624561187 2.82863884066e-103 3.28947368421e-103 2.36431992508e-103 2.4866955866e-49
written 1.2762456136e-103 4.75316825786e-93 3.28947368421e-103 0.0023643071164 2.82324147487e-101
wrong 1.27624561187e-103 2.82863868936e-103 0.00328947368421 2.3643071164e-103 1.72126543881e-103
wrongs 1.27624561187e-103 4.72145881473e-22 3.28947368421e-103 2.3643071164e-103 0.00172126543881
yea 0.00127624561187 1.34659175469e-47 3.28947368421e-103 2.95956141947e-77 1.72126543881e-103
year 2.2474867444e-39 9.87412725286e-57 3.28947368421e-103 0.0023643071164 1.72126543881e-103
years 3.1553312097e-75 0.00282863868936 3.28947368421e-103 9.76386585152e-76 4.43609259778e-84
yet 0.0025524912247 7.57336283499e-50 3.28947368421e-103 0.00236430711461 3.51707444955e-29
you 0.013478644429 5.76521839683e-47 0.00328947368421 0.0118954624103 0.00242279135175
young 1.27624583819e-103 3.45035073564e-45 3.28947368421e-103 2.3659374678e-103 0.00172126543881
youngly 1.2783996719e-103 1.46101483153e-45 3.28947368421e-103 0.0023643071164 1.72126543881e-103
your 0.0137371266132 0.000177301431611 3.28947368421e-103 0.00277479295876 1.08111264395e-85
youth 1.3632351585e-103 7.72191605931e-46 0.00328947368421 0.00251170243212 0.00161395854072
youths 0.00127624561187 2.82863869004e-103 3.28947368421e-103 2.3643071164e-103 1.03240780561e-81
