1.804589893046865401e-01 2.205826095168089418e-01 5.989528376180822677e-01 4.466687592826685337e-14 2.620015843564515696e-22 5.563560367332401449e-06 6.218210740504112004e-20 1.888191161396797682e-35 1.874746422700919568e-36 1.068255347391297591e-31 6.103669191051283875e-103 1.018765877545359954e-14
1.548838406388554215e-19 1.332653325637249692e-16 2.049296642415631197e-22 6.253279313855972265e-17 1.684481782639439139e-04 1.091022784880933379e-27 8.215750140036477411e-01 1.782565378180880900e-01 1.882325386073504669e-31 6.414387145072405707e-26 4.360898687938179701e-103 3.812693237182704012e-26
1.009485919071733444e-17 9.672040414828662598e-36 4.638589097307150771e-28 9.905429744067426601e-01 7.272686249688343081e-16 9.456263122590522277e-03 1.973396597799023643e-17 3.008343038664625987e-38 1.357408983659848770e-20 7.624706661073928770e-07 3.266502833059975540e-103 5.492951025450031648e-27
2.108913729785406171e-02 3.629650646659592436e-23 9.795123949314010758e-02 4.783125358664833347e-36 3.486679980924662584e-03 6.155637678827400802e-03 3.522613393098758718e-28 5.733141502626099817e-44 1.437446527685097492e-50 3.892711482859848648e-40 2.917369535946284997e-103 8.713173055492537955e-01
5.020054652996916620e-20 6.183570847580543013e-43 4.398260175339851336e-02 7.286373730749423967e-28 6.691208256196989371e-42 1.118529963476471513e-66 7.352878337532507691e-02 7.975751027154803038e-69 8.824886148712763889e-01 3.002624430935915752e-33 4.708934757097869303e-103 2.564144522824074599e-60
1.313626431488668923e-51 3.337499799753920193e-01 6.730112981315853905e-63 3.620773972940376428e-94 6.015124262093231655e-42 3.196017480837257185e-63 3.628026584618913031e-34 5.031098355945343902e-50 1.456114247809861350e-42 6.662500200246079807e-01 5.645483477568998407e-103 5.650233798121003404e-103
4.049967887467909515e-36 1.329471035331135191e-02 1.806843132841193245e-01 3.388953654677864232e-19 7.744250944337297549e-01 5.447176331506264901e-03 1.883209901143479431e-38 1.669345614506635844e-39 1.069394350549552808e-37 2.372445804514740822e-41 4.901707479462706713e-103 2.614870559733336111e-02
7.959630521388516478e-35 2.219289839772570050e-31 1.009939962466550337e-51 2.041282044321457560e-74 5.007877851321753345e-44 2.826312214376890149e-65 1.549359090407845273e-18 5.672436769588288667e-103 1.000000000000000000e+00 1.443264882890650749e-41 5.622115608183384002e-103 5.643063103157718149e-103
2.985333349719468954e-01 2.346681109713345537e-01 3.013285394265024508e-01 9.289560328876646234e-02 7.257441134144923534e-02 8.572609609999607957e-60 6.129490579801492032e-20 6.874041307859022819e-38 4.357155326868153021e-16 1.267130761006245259e-31 2.349890257811717086e-103 3.975568923924297952e-30
6.114350814399668310e-08 2.667242253047191203e-01 1.018828654883440162e-60 1.160832749853395349e-80 1.885645175763407677e-01 3.396623796717204019e-02 1.185877636573566641e-12 4.255603560362074515e-41 5.107449580065612782e-01 5.127964743821977440e-13 8.473504152669643207e-103 8.474821788936101555e-103
7.044841588499119305e-73 2.624300992399633409e-89 3.292024773232563410e-103 3.291378956698616143e-103 8.781724314187177088e-46 5.493655132346006997e-01 8.054678044512731364e-91 4.506344867653993003e-01 8.704589351383646492e-91 3.816888384027651696e-57 3.289473684210527112e-103 3.289473684210527112e-103
0.000000000000000000e+00 0.000000000000000000e+00 0.000000000000000000e+00 0.000000000000000000e+00 0.000000000000000000e+00 0.000000000000000000e+00 0.000000000000000000e+00 0.000000000000000000e+00 0.000000000000000000e+00 0.000000000000000000e+00 0.000000000000000000e+00 0.000000000000000000e+00
