 0 1 2 3 4
abide 1.82211827491e-103 1.8100566903e-103 2.912847767e-103 1.83282159062e-103 0.00272623800231
about 1.82211827491e-103 1.8100566903e-103 2.912847767e-103 1.83282159062e-103 0.00272623800231
absence 0.00182211827491 1.81005669901e-103 2.912847767e-103 1.83282240847e-103 2.72623800917e-103
absent 0.00364423654982 7.15161229858e-22 2.91284914623e-103 1.83282159062e-103 2.72675661235e-103
abundance 1.82211827491e-103 1.8100566903e-103 2.912847767e-103 0.00183282159062 2.72733755046e-103
action 0.00190896158664 1.39042452361e-31 0.0030958491121 0.00163032007595 2.72769747401e-103
active 1.82212335327e-103 1.81006143881e-103 0.002912847767 1.83282159062e-103 1.17760384396e-84
added 2.46149869855e-69 0.00181005669029 2.9128497378e-103 1.8329969561e-103 7.82853208713e-15
addition 1.82211827502e-103 1.81005669042e-103 0.002912847767 1.83282159062e-103 2.72779863522e-103
admit 2.20271893796e-96 1.81005669036e-103 2.912847767e-103 0.00183282159062 2.72623800231e-103
advantage 1.82375876598e-103 1.81163524389e-103 0.002912847767 1.83282159062e-103 2.72871228407e-103
advised 1.82307050541e-103 1.81097315588e-103 0.002912847767 1.83282159062e-103 2.72806126616e-103
affections 1.82845019698e-103 1.81615103524e-103 0.002912847767 1.83282159062e-103 2.72989837889e-103
after 1.82211827813e-103 1.81005740724e-103 0.00582569553399 1.84208981634e-103 2.72782616537e-103
afterwards 2.94792098076e-67 0.00180918511206 2.91284871984e-103 1.83282159519e-103 1.31273772651e-06
against 2.60526681839e-37 0.00181507893374 2.912847767e-103 0.00182773618293 2.72623819282e-103
age 1.82211827491e-103 1.8100566903e-103 2.912847767e-103 1.83282159062e-103 0.00272623800231
air 1.82211827491e-103 1.8100566903e-103 2.912847767e-103 1.83282159062e-103 0.00272623800231
alchemy 1.82211827491e-103 1.8100566903e-103 2.912847767e-103 1.83282159062e-103 0.00545247600462
all 0.0242639610847 0.00614648087776 4.3303873796e-31 0.00785897869387 2.68848358376e-49
allow 1.82211827491e-103 1.8100566903e-103 2.912847767e-103 1.83282159062e-103 0.00272623800231
alone 4.09601017443e-88 0.00540612062572 2.91291427407e-103 1.8333842779e-103 0.00276246035474
although 4.28517832877e-98 1.8100594133e-103 2.912847767e-103 0.00366564318123 2.72623800231e-103
am 0.00547154893767 1.81328856641e-103 0.00289919892968 0.00183618508606 2.72861003762e-103
among 1.82211827491e-103 0.0018100566903 2.912847767e-103 1.83282159062e-103 2.72623800231e-103
an 4.16967591047e-96 0.00543017007089 5.10039625052e-45 1.8330954923e-103 3.54230990422e-26
and 0.0179565222918 0.0144283790616 0.00638552597771 0.102604697152 3.0239798613e-25
annoy 1.82211827491e-103 1.8100566903e-103 2.912847767e-103 1.83282159062e-103 0.00272623800231
another 1.82211827491e-103 1.8100566903e-103 2.912847767e-103 1.83282159062e-103 0.00272623800231
appear 1.82211827491e-103 1.8100566903e-103 2.912847767e-103 1.83282159062e-103 0.00272623800231
appetite 1.82233081782e-103 1.8100566903e-103 2.912847767e-103 1.83282159062e-103 0.00545247600462
april 1.82211827491e-103 1.8100566903e-103 2.912847767e-103 0.00183282159062 2.72733755046e-103
are 0.0126959292547 2.62421992087e-15 0.00874005877492 0.00189111267099 2.44668290401e-59
aright 1.82211827491e-103 1.8100566903e-103 2.912847767e-103 1.83282159062e-103 0.00272623800231
array 1.82211827491e-103 1.8100566903e-103 2.912847767e-103 1.83282159062e-103 0.00272623800231
art 0.00391235052368 0.00687994520983 0.00277759358659 1.17811006405e-73 0.00844679560768
as 0.0126448412473 0.00372620235223 2.91315265249e-103 0.00733449587098 3.35714599911e-61
assistance 0.00182211827491 2.40763037138e-83 2.91284777467e-103 1.83282159062e-103 4.87919516566e-96
assured 1.82543358862e-103 1.81322445461e-103 0.002912847767 1.83282159062e-103 6.90181592775e-94
astronomy 1.82211827491e-103 1.8100566903e-103 2.912847767e-103 1.83282159062e-103 0.00272623800231
attaint 1.8248064368e-103 1.81246433767e-103 0.002912847767 1.83282159062e-103 2.72779748481e-103
audit 0.00182211827491 4.97978143827e-101 2.91284776771e-103 1.83282256998e-103 2.35946859347e-80
away 1.82211827491e-103 1.8100566903e-103 2.912847767e-103 1.83282159062e-103 0.00545247600462
bad 1.82231756254e-103 1.81005669855e-103 2.912847767e-103 0.00183282159062 2.72793838451e-103
bail 0.00182211827491 1.81006138297e-103 1.83661331164e-50 8.98272701188e-18 2.72623963955e-103
bare 0.00182212142106 1.81036767025e-103 2.91339990614e-103 0.00183281842598 2.72623800231e-103
bareness 1.82399950328e-103 1.8100566903e-103 2.912847767e-103 1.83282159062e-103 0.00272623800231
barren 2.40696369569e-100 0.00181065027148 0.00291189254188 1.83282435449e-103 6.23323055088e-63
bars 4.30612433802e-103 1.8100566903e-103 2.912847767e-103 1.83282159062e-103 0.00272623800231
base 3.05201281914e-88 0.0018100566903 2.912847767e-103 1.83282159198e-103 6.28171439681e-78
bastard 1.82272894517e-103 1.77836406909e-98 0.00582569553399 8.3299272117e-76 3.1412075374e-100
be 2.57744473812e-44 0.0106598775726 0.00572758682122 0.00355986427086 0.0087298077587
bear 1.82211827491e-103 0.00178737767586 2.91284911993e-103 1.83282159062e-103 3.41582621924e-05
bearer 8.59688642595e-56 0.0018100566903 2.9128837665e-103 1.83282170599e-103 2.72623800231e-103
bearing 1.82211827491e-103 1.8100566903e-103 2.912847767e-103 1.83282159062e-103 0.00272623800231
beauties 1.82211827491e-103 0.0018100566903 2.912847767e-103 1.83282159062e-103 2.72623800231e-103
beauty 0.00364651068867 0.00181261068645 0.00290510227866 1.83313781042e-103 2.72787041858e-103
beautys 1.59573329467e-43 1.0418658661e-50 0.017477086602 1.83282159062e-103 8.2802072352e-79
been 1.82211827491e-103 0.0018100566903 2.912847767e-103 1.83282161393e-103 2.72623800231e-103
before 1.82222146119e-103 1.81010083245e-103 3.79608665545e-38 0.00366564317179 0.00272623801635
beggar 1.82211827491e-103 1.81005669032e-103 0.002912847767 1.83282159062e-103 2.72779863522e-103
beguile 0.00182211827491 2.08109746646e-24 2.91285052527e-103 1.83282159062e-103 2.72646383448e-103
beguiled 1.82211827491e-103 1.8100566903e-103 2.912847767e-103 1.83282159062e-103 0.00272623800231
behold 8.60706496659e-22 9.15796489485e-12 3.63480340753e-55 0.00366564317196 2.72826148678e-103
being 0.00182054570243 1.81082857577e-103 2.9132719365e-103 0.00183440340056 0.00272623800231
believe 1.49260355283e-89 0.0018100566903 2.912847767e-103 1.83282159099e-103 2.72623803974e-103
bell 1.82211827491e-103 1.8100566903e-103 2.912847767e-103 1.83282159062e-103 0.00272623800231
beloved 1.82230375335e-103 1.81005731326e-103 2.03117366168e-39 0.00183282159062 2.72623800231e-103
bends 0.00182211827491 1.79891056048e-24 2.91302096844e-103 1.50138682753e-102 2.72623993749e-103
benefit 3.20467781137e-56 0.0018100566903 2.91326398782e-103 1.84220628671e-103 5.31173315681e-89
bent 7.79829877457e-68 0.0018100566903 2.912847767e-103 1.83880961017e-103 1.62904412028e-80
beside 2.18822874051e-73 0.00180415915545 2.912847767e-103 1.83282159062e-103 0.00273512064323
besmeared 0.00182211827491 1.26394698834e-99 2.91284776701e-103 1.83282159062e-103 2.72727541505e-103
best 0.00181614841854 0.00181598702897 3.61625390042e-100 1.71331811143e-49 1.65200918577e-66
better 0.00364423654982 2.46753013254e-77 1.42788370542e-29 1.64726880792e-44 1.1730325076e-81
beweep 1.82211827491e-103 1.81005669306e-103 2.912847767e-103 0.00183282159062 2.72733790971e-103
beyond 1.65929234024e-99 1.81360244116e-103 2.912847767e-103 0.00183282159062 2.72623800231e-103
birds 1.89330348506e-103 1.67823031688e-91 0.002912847767 1.83282159062e-103 2.3569663088e-61
black 0.00182211827491 1.8100566903e-103 2.91285052547e-103 1.83282159062e-103 2.72623800231e-103
blessed 1.62409167455e-15 0.00180913355209 4.50155105007e-56 0.00183375633904 2.72641088277e-103
blessing 7.34276850838e-72 0.0018100566903 2.91284776923e-103 1.83282159062e-103 2.7351211523e-103
blind 0.00182211827491 1.810091255e-103 2.912847767e-103 5.26950355578e-86 1.91060972599e-44
blood 1.82211827491e-103 1.8100566903e-103 2.912847767e-103 1.83282159062e-103 0.00272623800231
bloody 1.0420003247e-88 0.0018100566903 3.64838926232e-98 1.1152425565e-72 5.95946427519e-49
blunter 0.00182211827491 1.1367797868e-87 9.2434398837e-101 1.83282237047e-103 1.44922040929e-42
blunting 0.00182211827491 1.63932540184e-18 2.91325665627e-103 1.83424543001e-103 2.72623812853e-103
boast 1.82211827491e-103 1.8100566903e-103 2.912847767e-103 1.83282159062e-103 0.00272623800231
bodys 1.90321849032e-70 0.00182045685501 9.91914205369e-48 1.83282159213e-103 0.00271057367289
bonds 0.00364423654982 2.56043039135e-34 1.98407061598e-82 1.53018090524e-26 2.72624030436e-103
bones 0.00182210920357 9.01129189454e-09 2.91311083315e-103 1.83282243925e-103 2.72623800851e-103
book 4.54457592309e-41 1.81005669295e-103 2.912847767e-103 0.00170549214958 0.00291563470232
boot 1.82211984311e-103 1.81005673592e-103 3.26452004576e-39 0.00183282159062 2.72662203933e-103
bore 0.00182211827491 1.26292377537e-92 2.9128481102e-103 1.96105608167e-103 3.75529495023e-86
born 1.23627110237e-95 1.51189159856e-91 2.91284808795e-103 1.83282159289e-103 0.00545247600462
borne 1.82222694168e-103 1.81024257408e-103 0.002912847767 1.83282159062e-103 7.71529168485e-93
both 0.00182211827491 3.80231113584e-81 2.91284793421e-103 1.83282240851e-103 2.72623801845e-103
bound 4.75825466469e-57 0.00183501189178 2.912847767e-103 0.00180755253009 2.73500467576e-103
brains 1.82211827491e-103 1.81005669032e-103 0.002912847767 1.83282159062e-103 2.72779863522e-103
brand 1.82211827491e-103 1.8100566903e-103 2.912847767e-103 1.83282159062e-103 0.00272623800231
brass 0.00364423642494 3.76819562257e-101 2.91531293399e-103 1.25605700992e-10 2.72726757384e-103
brave 0.00182211827491 1.81005669966e-103 2.912847767e-103 3.38162332504e-41 2.72761244434e-103
bravry 0.00182211827491 2.81130688113e-90 2.91285329389e-103 4.23616558263e-27 2.72789355788e-103
breast 2.55964939571e-76 0.00180617786624 2.91285034081e-103 1.83297522029e-103 5.84213609994e-06
breathe 0.00182211827491 7.82622849942e-98 2.91284776732e-103 1.83282159062e-103 2.59124048668e-98
breathed 3.25506661656e-94 1.8100566903e-103 2.912847767e-103 0.00183282159062 2.72623800231e-103
breeds 1.82211827491e-103 1.8100566903e-103 2.912847767e-103 1.83282159062e-103 0.00272623800231
bright 0.00364423654982 7.17823196495e-57 2.91284914623e-103 1.83282159062e-103 2.72686901235e-103
brightness 2.02994887744e-18 0.0018100566903 2.91304452051e-103 1.83322584284e-103 3.8810045195e-52
bring 1.82293379833e-103 0.0018100566903 2.91349959137e-103 1.83282159062e-103 2.72623800327e-103
broke 1.82211827491e-103 1.81005669032e-103 0.002912847767 1.83282159062e-103 2.72779863522e-103
brood 1.82211827491e-103 1.8100566903e-103 2.912847767e-103 1.83282159062e-103 0.00272623800231
brow 1.82211827491e-103 1.8100566903e-103 2.912847767e-103 1.83282159062e-103 0.00545247600462
bud 1.82211827491e-103 1.8100566903e-103 2.912847767e-103 1.83282159062e-103 0.00272623800231
built 0.00182211827491 1.8100566903e-103 2.91285052459e-103 1.83282159062e-103 2.72623833109e-103
buried 1.82305835212e-103 1.8100566903e-103 2.912847767e-103 1.83282159062e-103 0.00545247600462
burn 0.0018218529266 4.81626007563e-19 0.00291327195418 1.8344075573e-103 2.72784144236e-103
burning 0.00182211243229 1.81060467655e-103 4.1128859513e-25 5.87693494312e-09 8.31350595738e-77
burthen 0.00182211827491 9.65910044783e-103 2.91284776704e-103 1.83282159062e-103 2.72727540149e-103
but 0.00494461104203 0.00201419418268 2.37197558439e-99 0.0168134979674 2.72666090337e-103
by 0.00254745408942 0.0156516768493 0.00628254315555 0.00329545698853 1.02027065416e-84
call 0.00182211827491 1.81006852721e-103 2.91549093303e-103 6.81388332139e-26 2.72771674086e-103
called 3.80258832254e-98 1.812611783e-103 2.912847767e-103 0.00183282159062 2.72623800231e-103
came 5.35108022777e-93 1.8100566903e-103 2.912847767e-103 0.00183282159062 2.72623800231e-103
can 0.00361710623342 1.81005669931e-103 0.0029128477677 0.00186011127292 1.08553010388e-75
canker 9.19948059094e-57 0.00362011338059 2.91497888716e-103 8.50279361458e-86 2.72624233409e-103
carry 8.43230861459e-65 0.0018100566903 2.91287367381e-103 1.83282159062e-103 3.19319521397e-82
censures 0.00182211827491 1.8100566903e-103 2.91359171815e-103 4.16327605593e-99 2.72623800231e-103
change 0.00182208639057 1.90985325753e-29 2.91285039857e-103 1.83282159062e-103 0.00272628570739
charactered 0.00182211827491 5.22583732752e-95 2.91284776786e-103 1.83282240848e-103 2.72623800231e-103
child 1.82238861756e-103 1.8100566903e-103 2.912847767e-103 1.83282159062e-103 0.00545247600462
choirs 0.00182211827491 1.81005669966e-103 2.912847767e-103 1.83282159062e-103 2.7272754183e-103
churl 3.64378272381e-11 1.81005670073e-103 2.912847767e-103 0.00183282155396 2.7288040965e-103
clearer 1.82211827491e-103 1.8100566903e-103 2.912847767e-103 1.83282159062e-103 0.00272623800231
cloak 1.82211827491e-103 1.8100566903e-103 2.912847767e-103 1.83282159062e-103 0.00272623800231
cold 0.00230785953468 0.00132753081417 2.9129053075e-103 5.95630576226e-86 2.72624812478e-103
coloured 5.64350728955e-25 0.0018100566903 3.91609081531e-23 1.83282159062e-103 2.72623800231e-103
come 1.82211827491e-103 1.8100566903e-103 2.912847767e-103 1.83282159062e-103 0.00272623800231
comfort 1.84894739635e-12 7.7859350673e-45 0.00304634107263 0.00174882495304 7.05648600943e-39
commend 1.82211827491e-103 1.8100566903e-103 2.912847767e-103 1.83282159062e-103 0.00272623800231
comment 0.00182142499084 1.21606831278e-71 2.912847767e-103 1.8328215908e-103 0.00272727528809
comments 0.00182211827491 5.9861639226e-35 2.91312238298e-103 1.8328224694e-103 2.72623800247e-103
compiled 1.82211827491e-103 1.8100566903e-103 2.912847767e-103 1.83282159062e-103 0.00272623800231
compounds 1.82416601977e-103 2.45710632736e-101 0.00309984778572 0.00171515746973 1.4879735256e-71
concord 1.82211827491e-103 1.81005671192e-103 2.58521853507e-44 0.00183282159062 2.7271961426e-103
confined 1.82211827927e-103 1.81005669032e-103 0.002912847767 1.83282159062e-103 2.72807016518e-103
confounds 1.82211827491e-103 1.8100566903e-103 2.912847767e-103 1.83282159062e-103 0.00272623800231
conquest 0.00182211827491 1.86397742024e-87 2.91334499491e-103 1.94183134771e-34 2.72773282574e-103
conscience 4.31326415812e-65 0.0018100566903 2.91341519681e-103 1.84449966653e-103 2.26520995877e-51
consumst 0.00182211827491 4.78787922824e-28 3.66393330333e-70 1.2151999076e-52 2.72667682341e-103
contend 1.82211827491e-103 1.8100566903e-103 2.912847767e-103 1.83282159062e-103 0.00272623800231
control 0.00182211827491 1.82510197328e-103 2.91310356751e-103 1.83282240899e-103 1.58043515456e-100
convertest 1.82211827491e-103 1.8100566903e-103 2.912847767e-103 1.83282159062e-103 0.00272623800231
coral 8.91344488921e-93 1.8123770562e-103 2.912847767e-103 0.00183282159062 2.72623800231e-103
correspondence 0.00182211827491 2.12070738952e-103 2.91284776786e-103 1.83292584564e-103 6.63526696939e-46
cost 9.72580447949e-41 1.81055990117e-103 2.91285077746e-103 0.00183282159062 2.72790536834e-103
costly 1.82211827491e-103 1.81072058636e-103 0.002912847767 1.83282159062e-103 1.6308494595e-72
could 1.82230684287e-103 1.81005717479e-103 4.46444051228e-43 0.00183282159062 2.72986547698e-103
cover 1.82211827491e-103 1.8100566903e-103 2.912847767e-103 1.83282159062e-103 0.00272623800231
creatures 1.9526299704e-83 0.0018100566903 2.912847767e-103 1.83282159062e-103 2.73511951909e-103
cross 1.82211827491e-103 1.8100566903e-103 2.912847767e-103 1.83282159062e-103 0.00272623800231
crow 1.16390883636e-98 1.83457068431e-103 2.912847767e-103 0.00183282159062 2.72623800231e-103
cruel 0.00182211827491 9.63792940654e-93 2.91284966548e-103 1.8328224089e-103 0.00272623800231
crushed 1.82211827491e-103 1.25656019538e-102 1.39373883972e-43 0.00183282159062 3.31317231336e-60
curls 1.82211827491e-103 1.81005669331e-103 3.09820358313e-103 0.00183282159062 2.72623800256e-103
curse 3.12488758061e-72 0.0018100566903 2.912847767e-103 1.83517402979e-103 8.31672017473e-87
dark 1.82238221248e-103 1.81031071759e-103 0.002912847767 1.83282159062e-103 2.72787089119e-103
darkening 2.27645651875e-93 1.81580991157e-103 2.912847767e-103 0.00183282159062 2.72623800231e-103
darkly 0.00182211827491 1.8100566903e-103 2.9132719445e-103 1.83440747256e-103 2.72623800231e-103
date 0.00182040931724 1.46822457394e-79 2.912847767e-103 3.02206218263e-09 0.00545502843751
day 4.60614754634e-28 0.00689748392149 0.00280178038191 1.83377709851e-103 0.0060726540542
days 1.60483968705e-73 0.00181005669013 2.9128483845e-103 1.83282159415e-103 2.49545888806e-13
dead 0.00182142989866 1.15400249117e-70 2.91284778931e-103 1.83282159062e-103 0.00272726794506
dear 9.40032853771e-70 0.00365287730614 0.0028601221657 1.83282159719e-103 7.73817221686e-27
dearer 1.82211827491e-103 1.8100566903e-103 2.912847767e-103 1.83282159062e-103 0.00272623800231
dearly 1.82211827491e-103 1.8100566903e-103 2.912847767e-103 1.83282159062e-103 0.00272623800231
dearths 0.00182204685222 2.85850261999e-83 2.91285057822e-103 7.1842235989e-08 2.72828585686e-103
death 1.82211894693e-103 0.00362011338059 2.912847767e-103 1.83282159065e-103 2.72623800232e-103
debarred 0.00182211827491 8.03052509214e-21 2.9128507709e-103 1.83282159141e-103 2.72623800231e-103
debt 1.82211827491e-103 1.8100566903e-103 2.912847767e-103 1.83282159062e-103 0.00272623800231
deceased 1.47749692792e-98 4.50712996192e-85 0.002912847767 1.83282159062e-103 1.95698731681e-40
deceived 0.00182211827491 1.81005669901e-103 2.912847767e-103 1.84372812261e-103 2.72624451326e-103
decembers 1.82213558941e-103 1.81007220017e-103 0.002912847767 1.83282159062e-103 2.7277986278e-103
deeds 4.32639198042e-79 1.05457324614e-16 2.912847767e-103 1.8328215927e-103 0.00817871400693
deep 0.00364423654981 1.81005669498e-103 5.18704446427e-50 4.6671731032e-16 2.72675661233e-103
defects 1.82211827491e-103 1.8100566903e-103 2.912847767e-103 1.83282159062e-103 0.00272623800231
defence 1.82211827491e-103 1.8100566903e-103 2.912847767e-103 1.83282159062e-103 0.00272623800231
delights 1.82211827491e-103 1.81005669072e-103 2.92417110085e-103 0.00183282159062 2.75141309115e-103
departest 1.82211827491e-103 1.8100566903e-103 2.912847767e-103 1.83282159062e-103 0.00272623800231
depends 0.00182211827491 4.07618749217e-28 2.912847767e-103 1.98139396857e-103 2.72742969663e-103
descriptions 0.00182211827491 1.46885726755e-44 2.91312038582e-103 1.8328256451e-103 2.72623800241e-103
desert 1.7373604891e-91 0.0018100566903 2.912847767e-103 1.83282159214e-103 2.72623800231e-103
deserts 1.82305835212e-103 1.8100566903e-103 2.912847767e-103 1.83282159062e-103 0.00545247600462
desire 1.82211827491e-103 1.8100566903e-103 2.912847767e-103 1.83282159062e-103 0.00272623800231
despite 2.24352087231e-67 2.31289621613e-90 3.79276136786e-41 0.00183282159062 2.72646749328e-103
determinate 1.82211827491e-103 1.8100566903e-103 2.912847767e-103 1.83282159062e-103 0.00272623800231
devour 8.82677132718e-100 0.0018100566903 2.912847767e-103 1.83866970041e-103 1.73786394045e-89
dial 0.00182211827491 2.668554792e-27 2.91410145631e-103 2.0419180045e-103 2.72623800231e-103
dians 2.07602723977e-06 1.81005670127e-103 2.91284854878e-103 0.00183073336857 2.7288159317e-103
did 1.82595881281e-103 1.81375282844e-103 0.002912847767 1.83282159062e-103 2.72884834744e-103
die 1.82211827491e-103 1.8100566903e-103 2.912847767e-103 1.83282159062e-103 0.00272623800231
died 0.00182211827491 3.05740695116e-25 2.91312171975e-103 1.83282246866e-103 2.72623912563e-103
dig 0.00182211827491 1.8100566903e-103 2.9132719445e-103 1.8344074733e-103 2.72623800231e-103
dignified 1.82211827491e-103 1.8100566903e-103 2.912847767e-103 1.83282159062e-103 0.00272623800231
directed 1.82211827491e-103 1.8100566903e-103 2.912847767e-103 1.83282159062e-103 0.00272623800231
disdain 1.82211827491e-103 1.8100566903e-103 2.912847767e-103 1.83282159062e-103 0.00545247600462
disease 1.82211827491e-103 1.8100566903e-103 2.912847767e-103 1.83282159062e-103 0.00272623800231
disperse 1.82211827491e-103 1.8100566903e-103 2.912847767e-103 1.83282159062e-103 0.00272623800231
distance 2.48957126815e-15 0.00181005669029 2.91299449399e-103 1.83282206022e-103 2.72623800231e-103
distilled 2.03653326838e-98 1.81005669396e-103 2.912847767e-103 0.00183282159062 0.00272623800231
divide 1.82226560752e-103 1.81005694757e-103 5.38418477669e-39 0.00183282159062 2.72647100394e-103
do 0.0144194171255 4.45861163208e-28 0.0146064942083 0.00196468808778 1.80394957741e-61
doom 1.82211827491e-103 1.8100566903e-103 2.912847767e-103 1.83282159062e-103 0.00272623800231
dost 0.00752490439671 6.57239668363e-45 0.00253488746375 2.74888083947e-69 4.17380041804e-31
dote 1.82211827491e-103 1.8100566903e-103 2.912847767e-103 1.83282159062e-103 0.00272623800231
doth 0.00182421490647 5.37717778636e-62 0.0279788552042 0.00255407790116 3.2085971109e-101
dreaming 1.82211832642e-103 0.0018100566903 2.912847767e-103 1.83282159062e-103 2.72623800234e-103
dressed 1.83934840943e-46 0.0018100566903 2.91287773461e-103 1.83282169326e-103 2.72623800231e-103
dressings 0.00182211827491 1.138062107e-101 2.91284889547e-103 3.35707171666e-63 2.72768775679e-103
drink 1.63603641271e-93 1.8100566903e-103 2.912847767e-103 0.00183282159062 2.72623800231e-103
drop 0.0018221182681 6.30174243425e-31 2.91461137529e-103 6.84588896161e-12 2.7278281926e-103
dull 1.45220884958e-83 1.81005669055e-103 2.912847767e-103 0.00183282159062 2.73510507475e-103
durst 0.00182211827491 1.8100566903e-103 2.91352104757e-103 4.02214421039e-103 2.72623800231e-103
dust 6.65320506369e-67 0.0018100566903 6.60656039165e-102 2.96300015849e-77 9.72694772643e-76
duty 7.57263821763e-88 0.00181005421265 5.50118285456e-100 0.00183282409942 8.53339206059e-19
dwell 1.82211827491e-103 1.8100566903e-103 2.912847767e-103 1.83282159062e-103 0.00545247600462
dyed 1.82211827491e-103 1.8100566903e-103 2.912847767e-103 1.83282159062e-103 0.00272623800231
each 9.34253484204e-25 0.005429778884 2.92066078847e-103 0.00183321769742 7.04125408783e-53
eager 1.82212031477e-103 0.0018100566903 2.912847767e-103 1.83282574862e-103 2.72625021208e-103
ear 1.82211827491e-103 1.81005786007e-103 0.002912847767 1.83282159062e-103 2.72795579875e-103
earth 0.00183103372206 0.00361125694959 2.07966372906e-85 1.78892362792e-40 2.32295420476e-47
edge 1.12768830419e-11 0.00181005667909 2.91351749646e-103 1.83837697046e-103 2.72624038076e-103
effectually 7.53482794114e-66 0.0018100566903 2.91284947231e-103 1.83282160117e-103 2.72623800232e-103
else 1.82211827491e-103 0.0018100566903 2.912847767e-103 1.83282159283e-103 2.72623800231e-103
enclose 1.82211827491e-103 1.8100566903e-103 2.912847767e-103 1.83282159062e-103 0.00272623800231
end 1.82211827491e-103 1.8100566903e-103 2.912847767e-103 1.83282159062e-103 0.00545247600462
enough 0.00182211827491 9.81150463282e-56 3.96221398022e-65 3.50516667651e-38 2.72623800231e-103
equal 1.83841558125e-103 2.4184336155e-100 4.32857484303e-28 1.83282159062e-103 0.00272623800231
ere 1.82211827491e-103 8.19332929415e-41 0.00291884367817 0.00182904884438 1.37780718364e-68
errors 1.82211827491e-103 1.81005669032e-103 0.002912847767 1.83282159062e-103 2.72779863522e-103
estimate 1.82211827491e-103 1.8100566903e-103 2.912847767e-103 1.83282159062e-103 0.00272623800231
eternal 0.00182211827491 1.8100566903e-103 2.91285052547e-103 1.83282159062e-103 2.72623800231e-103
eternity 1.82211827491e-103 1.8100566903e-103 2.912847767e-103 1.83282159062e-103 0.00272623800231
even 9.42670591297e-72 0.00362011316247 5.25145228973e-93 0.00183282181148 2.73271677729e-103
ever 1.85116882549e-103 2.45334337051e-100 0.00582569553399 6.31415119883e-52 2.72899519592e-103
every 0.001822953417 0.00361954948742 0.0116509634549 1.83440757035e-103 1.52520063995e-62
everywhere 1.82211827491e-103 1.8100566903e-103 2.912847767e-103 1.83282159062e-103 0.00272623800231
evident 1.82211827491e-103 1.8100566903e-103 2.912847767e-103 1.83282159062e-103 0.00272623800231
example 0.00182211827491 8.14751399407e-102 2.9128606804e-103 1.83282159154e-103 2.72917377367e-103
excel 1.82211827491e-103 1.8100566903e-103 2.912847767e-103 1.83282159062e-103 0.00272623800231
expiate 1.82211827491e-103 1.8100566903e-103 2.912847767e-103 1.83282159062e-103 0.00272623800231
expired 1.82211827491e-103 1.8100566903e-103 2.912847767e-103 1.83282159062e-103 0.00272623800231
express 2.52897919767e-19 0.0018100566903 2.912847767e-103 1.83282159062e-103 2.72688356721e-103
extern 3.70548429125e-80 1.81050216896e-103 4.23417141692e-81 0.00183282159062 2.73549966424e-103
extreme 1.82211827491e-103 0.0018100566903 2.912847767e-103 1.83282159062e-103 2.72623800231e-103
eye 4.1577463982e-72 1.10061909183e-17 5.83083841877e-37 0.0018325797947 0.0136315496719
eyed 1.82211827491e-103 1.8100566903e-103 2.912847767e-103 1.83282159062e-103 0.00272623800231
eyelids 4.668574021e-32 8.77321551373e-64 2.912847767e-103 0.00183282159062 2.72856709707e-103
face 2.22160652237e-72 0.00110728814011 2.91285607249e-103 1.83296586995e-103 0.00378472105348
fair 0.00672882971588 9.56389278277e-39 1.71802068171e-78 1.707009364e-12 0.00628980971501
fairest 1.76132874235e-18 0.00183418394372 0.00287402079729 2.78119789166e-65 6.30057792541e-46
fairly 7.79026321166e-84 0.0018100566903 2.91284786558e-103 1.83282159246e-103 2.72623800232e-103
faith 4.54780129989e-84 0.0018100566903 2.912847767e-103 1.83282159062e-103 2.73511951907e-103
false 3.23887037971e-85 0.00181005669032 0.00291284776695 1.83482901536e-103 1.53080542635e-47
falsehood 1.14396648313e-31 0.0018100566903 7.38784590292e-95 2.6847379898e-34 2.72623800231e-103
falsely 0.00182211827491 7.67810763481e-20 2.91284943267e-103 1.83282159062e-103 2.72664888842e-103
fame 1.82211827491e-103 1.8100566903e-103 2.912847767e-103 1.83282159062e-103 0.00272623800231
far 0.00911059137446 7.9897540491e-14 2.91757661889e-103 1.09545668772e-44 2.72709950392e-103
fashion 1.82211827491e-103 1.8100566903e-103 2.912847767e-103 1.83282159062e-103 0.00272623800231
fate 1.82211827491e-103 1.8100566903e-103 2.912847767e-103 1.83282159062e-103 0.00272623800231
faults 0.00364423654982 1.09831812817e-39 1.91895681375e-56 1.88785944309e-19 2.72785645183e-103
fear 0.00182211827491 3.95662226773e-53 2.85649587274e-70 5.5463145748e-38 5.97888108803e-47
feathered 0.0018221182749 1.8100566969e-103 2.912847767e-103 1.83282221081e-103 1.31005290619e-14
feel 1.82211827491e-103 1.8100566903e-103 2.912847767e-103 1.83282159062e-103 0.00272623800231
feeling 1.82211827491e-103 1.81005671976e-103 4.78180991034e-39 0.00183282159062 2.72623814024e-103
few 2.37895744442e-67 0.0018100566903 2.91357923903e-103 1.84307823935e-103 4.6909694933e-83
field 1.82211827491e-103 1.8100566903e-103 2.912847767e-103 1.83282159062e-103 0.00272623800231
figured 0.00182211827491 7.72312989021e-24 2.912847767e-103 1.11814154439e-96 5.88125954304e-52
filed 1.82211827491e-103 1.8100566903e-103 2.912847767e-103 1.83282159062e-103 0.00272623800231
filled 1.80650477912e-15 4.45179675085e-44 4.36134050681e-68 0.00183282159062 2.72813290227e-103
find 0.00182211827491 1.31361629019e-53 2.91285052547e-103 1.83282159062e-103 2.72623800231e-103
fine 0.00182211827491 1.8100566903e-103 2.06905167397e-66 9.3277797659e-43 2.72623800231e-103
first 2.64487459197e-72 0.0018100566903 2.91287411035e-103 1.83330237931e-103 2.72760646469e-103
flame 5.2294404271e-27 0.00362011338059 2.91293024605e-103 1.8328218571e-103 1.66385784486e-30
flatter 4.61486110566e-93 1.81699001701e-103 2.912847767e-103 0.00183282159062 2.72623800231e-103
flattery 1.82211827491e-103 1.8100566903e-103 2.912847767e-103 1.83282159062e-103 0.00272623800231
fleeting 4.99532950162e-93 7.35584673531e-79 0.002912847767 1.83282159062e-103 9.32722145977e-45
flies 2.69849694473e-47 0.0018100566903 2.65058977797e-89 3.07364992975e-38 2.72623800234e-103
flower 1.82211827491e-103 1.8100566903e-103 2.912847767e-103 1.83282159062e-103 0.00272623800231
flowers 0.00183010939176 0.0018074807781 0.00290421842975 1.81127501642e-12 1.70662286666e-78
foes 1.04155406485e-97 1.9590982758e-83 0.002912847767 1.83282159062e-103 2.73373683519e-103
follows 0.00182211827491 1.81126680091e-103 2.91392864513e-103 1.83282235563e-103 5.7265998421e-27
for 0.0108506887309 0.00371353523992 2.91316068593e-103 0.0293130513513 4.72459550643e-27
force 1.82211827491e-103 1.8100566903e-103 2.912847767e-103 1.83282159062e-103 0.00272623800231
forests 1.82211827491e-103 0.0018100566903 2.912847767e-103 1.83282159649e-103 2.72623800231e-103
forfeit 0.00182211827491 6.7819771992e-93 2.912847767e-103 2.94212619155e-44 2.72755330719e-103
forgotten 1.82211827491e-103 1.8100566903e-103 2.912847767e-103 1.83282159062e-103 0.00272623800231
form 9.177753509e-18 2.90940391468e-94 5.0269288101e-89 1.83282159062e-103 0.00545247600462
former 1.82604387153e-103 1.81383421252e-103 0.00873854330099 1.83282159062e-103 3.59228044941e-101
forsworn 1.17459645611e-78 1.8100566903e-103 2.912847767e-103 1.83282159062e-103 0.00817871400693
forth 0.00364423654982 9.60638814008e-30 2.91298506739e-103 1.83282203e-103 2.72719820152e-103
fortunes 1.07047260841e-88 0.0018100566903 2.912847767e-103 1.83282159395e-103 2.72623800763e-103
forwards 6.88908922576e-69 0.0018100566903 2.91305342807e-103 1.83569564154e-103 2.7372201783e-103
foul 0.00182211827491 2.06316227953e-103 2.91284778201e-103 1.83282240848e-103 2.72623800231e-103
found 1.82211827535e-103 0.00362011338044 2.912847767e-103 1.83282159107e-103 0.00545247600485
fountain 1.82211827491e-103 1.81005669035e-103 3.38538894479e-93 0.00183282159062 2.72732184141e-103
fountains 1.82399950328e-103 1.8100566903e-103 2.912847767e-103 1.83282159062e-103 0.00272623800231
fragrant 8.0799369968e-100 3.97523668416e-85 0.002912847767 1.83282159062e-103 9.12197567316e-99
frank 0.00182211827491 1.8100566903e-103 2.91285123129e-103 1.83282159138e-103 2.72623800231e-103
free 1.82211827491e-103 1.8100566903e-103 2.912847767e-103 1.83282159062e-103 0.00272623800231
freedom 0.00182211827491 1.22404889418e-85 2.91360798956e-103 1.48283205737e-36 2.72942290754e-103
friend 2.71859259634e-62 1.41654299137e-19 2.91284952676e-103 1.83282160104e-103 0.00817871400693
friends 1.82211827491e-103 1.81005669067e-103 2.912847767e-103 0.00183282159062 2.72733755044e-103
from 1.53499372238e-23 0.014481957351 2.26095964477e-76 0.00916258521097 2.73008389061e-103
frown 0.00182211827491 5.21268555841e-96 2.912847767e-103 1.90666212707e-30 2.01397512152e-94
fulfil 1.82211827491e-103 1.8100566903e-103 2.912847767e-103 1.83282159062e-103 0.00272623800231
full 1.82636642679e-103 1.8100566903e-103 2.912847767e-103 0.00366564318123 2.72678813051e-103
gathered 1.82211827491e-103 1.8100566903e-103 2.912847767e-103 1.83282159062e-103 0.00272623800231
gay 1.82211827491e-103 1.8100566903e-103 2.912847767e-103 1.83282159062e-103 0.00272623800231
gaze 0.00182211827491 1.81145125462e-103 2.91285939638e-103 1.83282159062e-103 1.07144829104e-97
gentle 2.70943962787e-101 2.74727366686e-87 0.00582569553399 1.83282159062e-103 1.45541036497e-57
gilding 5.92489967236e-93 1.8100566903e-103 2.912847767e-103 0.00183282159062 2.72623800231e-103
give 1.39880979247e-23 1.8100566936e-103 2.912847767e-103 1.83282190084e-103 0.00817871400693
gives 1.11696727694e-33 0.00362011338059 2.30724153427e-99 5.1034090754e-67 2.73106049905e-103
go 1.822119061e-103 1.81005669158e-103 0.002912847767 1.83282159062e-103 2.72893892496e-103
goddess 0.00182211827491 3.61698149335e-54 2.91285051966e-103 1.83282159062e-103 2.72624018558e-103
good 0.0018221144498 1.8100567e-103 0.00291284681611 1.83282216026e-103 6.61306032833e-09
governs 1.82295461569e-103 0.0018100566903 2.92679997184e-103 1.8328718311e-103 2.72624534761e-103
grace 0.00120698036115 0.00237187645062 0.00288275814293 5.2682885367e-36 0.00282857272752
graces 1.68789313447e-21 0.0018100566903 2.91284904286e-103 1.83282159062e-103 2.72625692939e-103
great 2.89043280501e-80 3.68916783501e-69 0.002912847767 1.83282159062e-103 5.30227551278e-65
green 1.82211827491e-103 1.8100566903e-103 2.912847767e-103 0.00183282159062 2.72733755046e-103
grew 1.82211827491e-103 1.8100566903e-103 2.912847767e-103 1.83282159062e-103 0.00545247600462
ground 1.82211827491e-103 1.8100566903e-103 2.912847767e-103 1.83282159062e-103 0.00545247600462
grounded 0.00182048964457 0.00181167453985 2.912847767e-103 1.83282234298e-103 2.72632107112e-103
grow 0.00182211827491 2.70390118658e-101 2.912847767e-103 1.83282159062e-103 2.7272754183e-103
guilty 0.00364423654982 1.81007481702e-103 2.91326528362e-103 2.86234581551e-102 2.72623800231e-103
had 1.82211827491e-103 1.81012691445e-103 1.19113125549e-40 0.00183282159062 2.72623847538e-103
hadst 7.02532946819e-57 0.00183203463183 0.00287747959413 1.83723513814e-103 7.38323494199e-85
hairs 1.82212008835e-103 0.0018100566903 2.912847767e-103 1.8328215907e-103 2.72623800291e-103
half 1.50021136261e-73 0.0018100566903 2.91311587023e-103 1.83786537567e-103 1.32065704676e-46
hammered 1.82812289935e-103 1.95762262382e-103 0.002912847767 1.83282159062e-103 2.72944094076e-103
hand 1.82211827491e-103 0.0018100566903 2.912847767e-103 1.83282159062e-103 0.00272623800231
hands 0.00182211827491 8.80603848898e-49 2.91480544048e-103 1.54061104832e-88 2.72623800231e-103
hang 1.82211827491e-103 1.8100566903e-103 2.912847767e-103 1.83282159062e-103 0.00272623800231
harmful 1.83016121028e-103 1.81695612071e-103 0.002912847767 1.83282159062e-103 2.09688390539e-45
hast 0.00181236851381 4.2247611067e-46 2.91358820066e-103 0.00184262862284 2.72624054437e-103
hasten 0.00182211827491 8.02316682236e-98 2.912847767e-103 1.83282235597e-103 4.17148219174e-33
hate 2.93039981061e-75 0.00181195461178 2.912847767e-103 0.00182976085635 0.00272793212748
hath 1.29573941917e-05 0.00722652815109 2.91339417766e-103 0.00183365897945 2.72623839457e-103
have 6.80058862137e-83 0.00547017071926 0.0058256955339 0.00179231785818 2.72779870565e-103
having 1.42049795483e-102 0.0018100566903 2.912847767e-103 1.83282159323e-103 2.72623800232e-103
hawks 0.00182211827491 2.11365482678e-30 2.9190035374e-103 4.26622197305e-78 2.72623800553e-103
head 0.00182142490791 1.03278380906e-89 2.912847767e-103 1.83282159062e-103 0.00272727541217
hear 0.00182211827491 2.52178461262e-92 2.9128477674e-103 1.83282159062e-103 3.04188899244e-103
heart 0.0072807129825 2.75032208089e-08 2.92901075348e-103 2.09871020027e-42 0.0190952352137
hearts 8.78982412255e-66 0.0018100566903 2.913893399e-103 1.85264542406e-103 1.58025947748e-85
heavenly 1.82325525972e-103 1.81115096882e-103 0.002912847767 1.83282159062e-103 2.72811073367e-103
heavens 4.26226406034e-94 0.0018100566903 2.912847767e-103 1.83282159218e-103 2.72623800241e-103
heavy 0.00182211826613 0.00181005669901 2.912847767e-103 3.19339483409e-93 2.72624077666e-103
heir 1.82215220795e-103 1.81008662566e-103 0.002912847767 1.83290492757e-103 2.72779867092e-103
held 1.82211827491e-103 1.8100566903e-103 2.912847767e-103 1.83282159062e-103 0.00272623800231
hell 2.67383794348e-98 1.96949234113e-83 0.002912847767 1.83282159062e-103 2.73323721505e-103
help 0.00182211827491 2.76827106534e-71 2.91285781298e-103 5.23032075035e-30 2.72919156512e-103
her 1.29413171558e-13 1.81022273755e-103 0.0217979312348 0.00277970362584 7.28384429906e-100
here 1.83787182578e-103 4.51625080826e-96 0.002912847767 1.83282159062e-103 5.35224564912e-80
hideous 1.82240186504e-103 1.81032963205e-103 0.002912847767 1.83282159062e-103 2.72787627022e-103
hides 0.00182211827491 3.86644213037e-34 2.9132218833e-103 1.83387680875e-103 2.72623838658e-103
hiding 1.31967133502e-93 1.81515376371e-103 2.912847767e-103 0.00183282159062 2.72623800231e-103
high 1.82211827491e-103 1.810615102e-103 0.002912847767 1.83282159062e-103 7.16241242152e-78
him 1.82211827491e-103 1.8100566903e-103 2.912847767e-103 0.00183208220761 0.00272733780061
himself 1.1291986524e-86 0.0018100566903 2.91284786558e-103 1.83282159246e-103 2.72623800231e-103
his 3.57356797821e-06 0.00725200470979 0.0301410170613 0.00851147744639 7.47686330507e-75
holds 2.27639031495e-99 1.81005669314e-103 2.912847767e-103 0.00183282159062 2.72623800231e-103
honour 1.37697811902e-20 0.00180616738381 0.00291910666362 4.75791608927e-21 2.72989194778e-103
honouring 1.82211827491e-103 1.8100566903e-103 2.912847767e-103 1.83282159062e-103 0.00272623800231
horse 1.82211827491e-103 1.8100566903e-103 2.912847767e-103 1.83282159062e-103 0.00272623800231
hounds 6.63802654921e-78 0.0018100566903 1.03588898117e-90 1.83282485352e-103 2.72631147785e-103
hours 3.70768878444e-10 0.00181005632198 2.20511792565e-71 1.9460107873e-44 2.72628657716e-103
how 0.00364424475069 4.35852648078e-44 2.9131225756e-103 0.00183281334157 2.72623800423e-103
husband 1.82322336492e-103 0.0018100566903 2.91285641341e-103 1.83282159062e-103 2.73486633136e-103
idol 1.82211827491e-103 1.81005669032e-103 0.002912847767 1.83282159062e-103 2.72779863522e-103
if 0.00181370958765 7.16796956009e-49 2.91352099805e-103 0.00367410126201 2.72623809106e-103
ill 1.82211827491e-103 1.8100566903e-103 2.912847767e-103 1.83282159062e-103 0.00272623800231
impediments 3.70446418418e-20 0.0018100566903 2.91332008324e-103 1.83282185003e-103 2.72623800231e-103
impiety 1.82211827491e-103 1.8100566903e-103 2.912847767e-103 1.83282159062e-103 0.00272623800231
in 0.00272703781614 0.060437946151 4.45131382404e-60 0.0295327762961 2.20084140367e-75
inflaming 1.822313205e-103 1.81090834225e-103 0.002912847767 1.83282159062e-103 4.67522381312e-76
influence 1.82399950328e-103 1.8100566903e-103 2.912847767e-103 1.83282159062e-103 0.00272623800231
inhabit 0.00182211827491 2.04997475889e-101 2.912847767e-103 1.83282159062e-103 2.7272754183e-103
injurious 1.81164224348e-24 1.8100566931e-103 2.912847767e-103 0.00366564318123 2.72920116585e-103
insufficiency 2.81621797553e-76 0.0018100566903 2.912847767e-103 1.83300413959e-103 2.72642769641e-103
into 1.83058677794e-74 0.0018100566903 2.912847767e-103 1.83282159495e-103 2.7262390324e-103
inward 1.45737231887e-39 6.40353777307e-101 2.91287451417e-103 0.00183282159062 2.72857450363e-103
is 0.0133424870097 0.00958109588362 0.0119005878157 0.00238024418131 7.95326654797e-55
ist 6.09022703742e-18 0.0018100566903 4.38470694328e-77 8.849544017e-64 2.72623801107e-103
it 0.0196321568346 0.00171966757199 0.00292201048846 0.00416496304218 3.68832922872e-45
jewel 1.82211827491e-103 1.8100566903e-103 2.912847767e-103 1.83282159062e-103 0.00272623800231
joy 1.77859757132e-55 0.00362010327473 2.91560365241e-103 1.8718835137e-103 0.00272625322337
killed 1.82211827491e-103 1.8100566903e-103 2.912847767e-103 1.83282159062e-103 0.00272623800231
knights 1.82211827491e-103 1.8100566903e-103 2.912847767e-103 1.83282159062e-103 0.00272623800231
knit 1.82211827491e-103 1.8100566903e-103 2.912847767e-103 1.83282159062e-103 0.00272623800231
know 2.32308435346e-62 0.0018100566903 2.91284779334e-103 1.83282159062e-103 2.73511951806e-103
knowing 3.92721676623e-97 1.81260167626e-103 2.912847767e-103 0.00366564318123 2.72623800231e-103
knows 0.00182211765223 6.18556303292e-10 2.91285052586e-103 1.83282159062e-103 2.72623800231e-103
knowst 2.57633416471e-62 0.0018100566903 2.91321667101e-103 1.83907659629e-103 1.34709524271e-100
lace 0.00182211827491 5.117566034e-46 2.91326634502e-103 1.83440603535e-103 2.72623805446e-103
lacking 3.14928664603e-38 1.81023353659e-103 2.912847767e-103 0.00183282159062 2.72774279656e-103
ladies 0.00182211827491 1.81065817687e-103 5.18516966425e-45 7.16326795352e-23 1.71715149405e-100
laid 8.78661877684e-97 1.810063393e-103 2.912847767e-103 0.00183282159062 2.72623800231e-103
lasting 1.82325525972e-103 1.81115096882e-103 0.002912847767 1.83282159062e-103 2.72811073367e-103
late 8.11694641536e-25 9.87614525654e-43 1.10724687047e-38 0.00183282159062 2.72623801214e-103
laughed 1.82211827491e-103 1.81005673951e-103 2.16389881076e-39 0.00183282159062 2.72623800232e-103
lays 0.00182211827491 1.56177651053e-84 2.912847767e-103 1.83282159062e-103 2.7272754183e-103
leaped 2.31014391046e-50 0.0018100566903 2.91351887576e-103 1.87681215724e-103 2.74263514528e-103
learning 2.9803056744e-48 1.81005669283e-103 1.05244606099e-77 0.00183282159062 1.60507456071e-83
lease 1.82243007293e-103 1.81005669881e-103 2.91350503529e-103 0.00183282159062 2.72827235425e-103
leaves 1.82211827491e-103 1.8100567145e-103 1.28110838973e-39 0.00183282159062 2.72638086981e-103
legacy 1.82211827491e-103 1.8100566903e-103 2.912847767e-103 1.83282159062e-103 0.00272623800231
leisure 1.82211827491e-103 1.8100566903e-103 2.912847767e-103 1.83282159062e-103 0.00272623800231
lend 3.07498513244e-69 1.81005669434e-103 2.912847767e-103 0.00164122443422 0.00301122997948
lends 1.82211829728e-103 0.0018100566903 2.912847767e-103 1.83282159062e-103 2.72623800232e-103
less 0.00364423654982 1.8443617172e-20 4.10109137208e-59 6.27197383363e-25 2.72994101193e-103
lest 8.78109261725e-94 1.8100566903e-103 2.912847767e-103 0.00183282159062 2.72623800231e-103
lie 1.82211827491e-103 1.8100566903e-103 2.912847767e-103 1.83282159062e-103 0.00272623800231
lies 1.82211827491e-103 1.8100566903e-103 2.912847767e-103 1.83282159062e-103 0.00272623800231
life 0.00363874900709 4.47245586621e-06 4.99847923195e-54 3.15420917697e-24 0.00272771217589
lifts 7.53516080327e-94 1.81005669036e-103 2.912847767e-103 0.00183282159062 2.72623800231e-103
light 1.82211827491e-103 1.8100566903e-103 2.912847767e-103 1.83282159062e-103 0.00272623800231
like 0.00720193289063 0.00189515314712 2.91295505459e-103 0.00183370343959 3.12405741517e-21
limbecks 1.82211887204e-103 1.8100566903e-103 5.68574834369e-37 0.00183282159062 2.72623800231e-103
limbs 0.00182211827491 8.71515979936e-93 2.91288174455e-103 1.12828693291e-67 2.72759548497e-103
limits 0.00182211827491 1.8100566903e-103 2.91480544049e-103 1.19791833789e-89 2.72623800231e-103
lines 0.00178787525718 0.001844073035 2.91372689111e-103 1.37817889263e-96 2.72623800231e-103
lips 1.82992354704e-103 1.81535119081e-103 2.91756813081e-103 1.83282159062e-103 0.00272623800231
little 3.64077432221e-99 2.06792775346e-83 0.002912847767 1.83282159062e-103 2.73202627939e-103
live 1.82211827491e-103 1.8100566903e-103 2.912847767e-103 1.83282159062e-103 0.00545247600462
lived 1.63635973159e-20 0.00543017007089 7.93532398209e-81 3.51674603887e-41 2.72692250274e-103
lives 1.82211827491e-103 1.8100566903e-103 2.91284790228e-103 0.00183282159062 2.7273375496e-103
living 1.82211827491e-103 1.81005669032e-103 0.002912847767 1.83282159062e-103 2.72779863522e-103
loathsome 0.00182211827491 1.81005669901e-103 2.912847767e-103 1.83442007373e-103 2.7262388866e-103
locked 1.85987703456e-103 3.49478244204e-91 0.002912847767 1.83282159062e-103 2.73021658277e-103
long 0.00364423654982 1.8754887203e-30 2.91298417072e-103 5.49996202609e-48 2.72692077644e-103
longer 0.00364423654982 1.81005669901e-103 2.912847767e-103 5.60811805438e-54 2.72628841148e-103
look 0.00364423654982 1.99778441877e-61 2.912847767e-103 3.20624733652e-97 2.72624067276e-103
looking 1.6283823993e-98 1.81005669208e-103 2.912847767e-103 0.00183282159062 2.72623800231e-103
looks 0.00235277889939 5.61371793046e-53 2.91288275163e-103 0.00129904380943 2.72765107915e-103
losing 1.17341223708e-59 0.0018100566903 2.91302163442e-103 1.83428302485e-103 2.72623800231e-103
loss 1.08242854036e-99 1.81160594604e-103 2.912847767e-103 0.00183282159062 0.00272623800231
love 0.00245650704553 0.00513430388298 0.00556872274407 0.0100903563957 0.00926416512879
loved 1.96046394456e-89 0.00181005624916 2.912847767e-103 1.83282225217e-103 6.64426144718e-10
lovely 0.00365834824081 4.52013826082e-62 0.00289028874425 3.97953047426e-21 3.98220752137e-72
lover 1.82211827491e-103 1.8100566903e-103 2.912847767e-103 1.83282159062e-103 0.00272623800231
loves 3.43651768298e-45 0.00192067147147 4.88872012037e-36 1.83282159873e-103 0.00255963425908
loving 1.82211827491e-103 1.8100566903e-103 2.912847767e-103 1.83282159062e-103 0.00272623800231
lovst 2.68489961355e-45 0.0018100566903 2.91329302736e-103 1.83820132247e-103 2.73565637521e-103
lust 0.00182210219195 9.16715073079e-18 2.91306684168e-103 1.87608793038e-103 0.00272626206549
made 7.40672487255e-40 0.00180984798757 2.912847767e-103 0.00183303291817 2.72623847005e-103
maid 3.30082574853e-99 1.81006103006e-103 2.912847767e-103 0.00183282159062 2.72623800231e-103
maiden 1.82992344966e-103 1.81535110381e-103 2.91756805333e-103 1.83282159062e-103 0.00272623800231
majesty 1.82211827491e-103 1.8100566903e-103 2.912847767e-103 1.83282159062e-103 0.00272623800231
make 4.34030011879e-14 0.00723953761952 2.9135943463e-103 0.0018335193995 2.72623835825e-103
makeless 3.56954487349e-100 3.4540567998e-84 0.002912847767 1.83282159062e-103 2.73455061449e-103
making 5.95425502156e-63 0.0036422538834 2.912847767e-103 0.00181040262893 5.45593979611e-102
makst 0.00182211827491 1.8100566903e-103 2.91381268361e-103 1.84015914458e-103 2.72623800231e-103
manner 0.00182211827491 1.81005695974e-103 2.912847767e-103 6.70151292887e-101 2.72624131835e-103
manners 1.83474226215e-103 1.82220446085e-103 0.002912847767 1.83282159062e-103 2.73123563368e-103
mark 0.00182211827491 1.15245942916e-93 2.912847767e-103 1.83282159062e-103 2.7272754183e-103
master 0.00182211827491 1.8100566903e-103 4.36451285354e-68 1.98554861956e-44 2.72623800231e-103
may 0.00364423654982 1.81005684423e-103 2.91284778412e-103 5.61136290516e-90 2.72680258291e-103
mayst 0.00372802830558 0.0017268195974 2.91332416216e-103 8.60149993243e-48 2.7268703611e-103
me 2.82614633791e-31 0.00551702868722 0.00691878653821 0.0157793472373 0.00808991524101
means 0.00182190516351 0.00181026839099 2.9192439951e-103 1.54608351765e-66 2.72623930508e-103
measured 0.00182211827491 8.59895757006e-79 2.912847767e-103 1.83282159062e-103 2.72727766374e-103
memorial 3.15068230747e-07 0.00180974370767 2.95319301902e-61 8.07946259703e-70 2.72923801384e-103
memory 1.82211827491e-103 1.8100566903e-103 2.912847767e-103 1.83282159062e-103 0.00545247600462
mend 1.82211827491e-103 1.8100566903e-103 2.912847767e-103 1.83282159062e-103 0.00272623800231
merit 0.00541440323747 8.13091994189e-68 2.91284783119e-103 1.61354650766e-89 0.00280396752921
merits 5.54674260551e-55 0.0018100566903 2.91306210875e-103 1.83653687432e-103 4.26475384365e-103
methinks 2.43729141142e-65 0.0018100566903 2.912847767e-103 1.83282159062e-103 2.7351179736e-103
methods 1.82211827491e-103 4.52987204042e-92 8.91941559744e-39 0.00183282159062 2.7262387142e-103
might 2.84638855666e-15 0.00204414905919 2.91312483714e-103 1.83462901084e-103 0.0132786090589
miles 0.00182211827491 1.66554787763e-50 4.30879792644e-66 1.31101186767e-42 2.72653090524e-103
millions 0.00182211827491 5.68616424646e-35 2.91359171784e-103 4.81744277864e-99 2.72623859499e-103
mind 3.34772645109e-57 0.0018100566903 2.91288388217e-103 1.83282170732e-103 2.72629180235e-103
mine 2.88307845993e-97 0.00723701083431 7.30313670961e-78 1.83353549886e-103 0.00273108170809
minutes 1.82786246486e-103 1.81533396304e-103 0.00309984783441 0.0017151574391 1.51083591412e-49
miser 0.00182211827491 1.18486251214e-29 2.91284776945e-103 1.83282159062e-103 2.72727459696e-103
mistress 0.00182211827491 3.82104233189e-95 2.9128477758e-103 1.83282159062e-103 2.72727210611e-103
mock 5.11229801908e-70 0.0018100566903 2.912847767e-103 1.83282159062e-103 2.68969248954e-73
moment 1.82211827491e-103 1.8100566903e-103 2.912847767e-103 1.83282159062e-103 0.00272623800231
monarchs 5.70505888614e-89 1.72778085251e-82 0.002912847767 1.83282159062e-103 8.05557664719e-62
more 0.00536251611616 0.00362452255797 0.00598037282904 4.20912311269e-24 0.00273019167757
morn 1.82211827491e-103 1.8100566903e-103 2.912847767e-103 1.83282159062e-103 0.00272623800231
mortal 1.82211827927e-103 1.81005669032e-103 0.002912847767 1.83282159062e-103 1.98732173255e-100
mortality 0.00182211827491 1.81005669966e-103 2.912847767e-103 1.83282159062e-103 2.7272754183e-103
mortgaged 0.00182211827491 2.35378456416e-75 2.912847767e-103 1.83282159128e-103 2.72769676123e-103
most 4.2686628342e-70 0.00564521077114 1.11384971869e-90 1.83644747699e-103 0.00785482794733
mother 1.82211827491e-103 1.8100566903e-103 2.912847767e-103 1.83282159062e-103 0.00272623800231
motion 1.82211827491e-103 1.81005669032e-103 0.00582569553399 1.83282159062e-103 2.72779863522e-103
motley 0.00182211827491 1.26528363167e-73 2.912847767e-103 6.61134657198e-16 2.72785587347e-103
mountain 0.00182211827491 1.8100566903e-103 6.46834476715e-65 2.39675413077e-39 2.72623800231e-103
much 1.82399321371e-103 1.81186118632e-103 0.002912847767 1.83282159062e-103 2.72831155269e-103
mud 1.82211827491e-103 1.8100566903e-103 2.912847767e-103 1.83282159062e-103 0.00272623800231
muse 2.9002727258e-84 0.0018100566903 2.91284786558e-103 1.83282159246e-103 2.72623800231e-103
muses 1.60272726483e-98 6.14668216126e-84 0.002912847767 1.83282159062e-103 1.76504939268e-70
must 1.82211827491e-103 1.81072058636e-103 0.002912847767 1.83282159062e-103 1.59623208376e-72
my 7.46822847926e-16 0.0339144413868 0.0534503984821 0.0456619078242 1.14385704516e-53
name 1.82211827491e-103 1.8100566903e-103 2.912847767e-103 1.83282159062e-103 0.00545247600462
nearly 1.82211827491e-103 1.8100566903e-103 2.912847767e-103 1.83282159062e-103 0.00272623800231
need 1.82211827491e-103 1.8100566903e-103 2.912847767e-103 1.83282159062e-103 0.00272623800231
neglect 0.00182211827491 1.04082642761e-35 1.11617961543e-61 1.57962384456e-31 2.72699676838e-103
nerves 1.8223037534e-103 1.8100566903e-103 1.04890662124e-55 0.00183282159062 2.72623800243e-103
never 1.82211827491e-103 1.81063469821e-103 0.002912847767 1.83282159062e-103 1.06676053464e-75
new 0.00177732197277 1.81005669903e-103 5.48462642406e-23 0.00370847692473 0.00545578662656
newer 1.82443937482e-103 1.81218724124e-103 0.002912847767 1.83282159062e-103 1.36121069461e-97
night 0.00334997754099 8.00406659985e-08 2.91314877507e-103 7.73136830801e-31 0.00589262329882
no 5.31675754595e-10 0.00181389645312 0.0059343091376 0.00542623434821 2.05470833966e-32
none 0.00338618053133 0.000256347806375 4.0423590643e-59 7.97586188395e-22 1.6031975043e-94
nor 2.485325723e-99 1.81005669418e-103 2.912847767e-103 0.00366564318123 2.72623800231e-103
not 0.0162309959559 0.00930277689948 0.00584554234217 0.00539936350439 1.62084273747e-26
note 1.82211827491e-103 1.8100566903e-103 2.912847767e-103 1.83282159062e-103 0.00272623800231
nothing 8.71569991469e-29 0.00362011338059 2.9129126596e-103 1.83282187354e-103 1.23728839324e-94
now 2.21161575789e-103 1.82162440876e-103 2.912847767e-103 0.00549821845504 0.00272660438727
nurseth 1.02481890669e-59 0.0018100566903 2.91284779494e-103 1.83282159062e-103 2.73512284815e-103
odour 4.92399502159e-56 0.0018100566903 2.912847767e-103 6.9870068011e-75 2.73890998422e-103
oer 1.26592908624e-66 0.00362011338059 2.91284777428e-103 1.83282163674e-103 2.73068535462e-103
oerlook 1.82211827491e-103 1.8100566903e-103 2.912847767e-103 1.83282159062e-103 0.00272623800231
oersways 5.58750412691e-70 0.0018100566903 2.91284777058e-103 1.83282159062e-103 2.73512015285e-103
oerworn 1.82211827491e-103 1.8100566903e-103 2.912847767e-103 1.83282159062e-103 0.00272623800231
of 0.0383109595509 0.0382709213872 0.0263118326171 0.0124594721968 1.02600526105e-68
offence 1.82211827491e-103 1.8100566903e-103 2.912847767e-103 1.83282159062e-103 0.00272623800231
offences 1.82864236224e-103 1.81005974418e-103 2.91285077745e-103 0.00183282159062 2.72733753132e-103
old 1.00452429198e-26 0.00362010478065 2.912847767e-103 0.00183283029872 2.72771008813e-103
on 4.33914433952e-71 0.00904866561069 2.91295224947e-103 0.00183445977882 2.73825887831e-103
one 0.00663579660669 2.56721340596e-27 0.00288898874399 0.00250192183473 0.0027298416725
oppressed 1.82211827491e-103 1.8100566903e-103 2.912847767e-103 1.83282159062e-103 0.00272623800231
or 0.00554557708899 0.0054460902694 0.00291039010108 0.0145683110876 2.38214406922e-66
ornament 1.8227217523e-103 0.0018100566903 2.912847767e-103 1.83300720396e-103 2.72627105759e-103
other 1.82220603892e-103 1.81036007709e-103 0.00870490708421 1.83282159062e-103 0.00275771933597
others 1.82356107679e-103 1.81138312805e-103 0.002912847767 1.83282159062e-103 7.2362719843e-95
our 1.7737525477e-99 0.00905028345148 2.912847767e-103 1.83282259425e-103 2.72993770616e-103
out 1.82211827491e-103 1.8100566903e-103 2.912847767e-103 1.83282159062e-103 0.00272623800231
outcast 1.82211886336e-103 1.81005669393e-103 0.002912847767 1.83282159062e-103 2.7286478468e-103
outlive 0.00182211827491 1.81005669966e-103 2.91284776702e-103 1.83282159062e-103 2.72727889688e-103
outward 3.47267708858e-63 0.00182897977751 0.00288239564214 1.83390775232e-103 9.73178350735e-101
outworn 1.82845019698e-103 1.81617526097e-103 0.002912847767 1.83282159062e-103 2.72989837889e-103
over 1.82238503654e-103 1.81031343558e-103 0.002912847767 1.83282159062e-103 2.72787166415e-103
own 1.3700273023e-90 3.16253693411e-88 1.13601586145e-70 0.001831356891 0.00545465467808
owners 0.00182211827491 1.81005669901e-103 2.912847767e-103 3.07158473181e-100 2.72624131835e-103
pain 1.82211827491e-103 1.8100566903e-103 2.912847767e-103 1.83282159062e-103 0.00545247600462
painted 1.78820875665e-38 1.8100566903e-103 1.69857790081e-67 0.00183282159062 2.72623883893e-103
painters 1.82799976096e-103 1.81574346744e-103 0.002912847767 1.83282159062e-103 2.72940473272e-103
painting 3.22700877513e-75 1.81451858356e-103 0.00291284773281 0.00183282159062 3.19992640007e-11
palate 1.82211827491e-103 1.81005669032e-103 0.002912847767 1.83282159062e-103 2.72779863522e-103
pale 0.00182211827491 1.8100566903e-103 2.91312238334e-103 1.83282246936e-103 2.72623800231e-103
paper 9.13454479171e-75 7.46068237548e-20 2.912847767e-103 1.83282159062e-103 0.00272623800231
part 1.61356896907e-53 0.00179831863374 0.00290938985201 3.06020705985e-52 0.00547339180129
partake 1.82211827491e-103 1.8100566903e-103 2.912847767e-103 1.83282159062e-103 0.00272623800231
parts 1.82211827491e-103 1.8100566903e-103 2.912847767e-103 1.83282159062e-103 0.00272623800231
passion 1.82211827491e-103 1.8100566903e-103 2.912847767e-103 1.83282159062e-103 0.00272623800231
past 1.82211827491e-103 1.8100566903e-103 2.912847767e-103 1.83282159062e-103 0.00272623800231
patience 0.00182196868185 1.4860281993e-07 2.91312237786e-103 1.83282246934e-103 2.72623800231e-103
perfection 5.38575692215e-66 1.81130487556e-103 6.45642724861e-94 0.00183282159062 2.72739219045e-103
perspective 0.00182211827491 3.25135066576e-47 2.91326595673e-103 1.83440593432e-103 2.72623805525e-103
phoenix 1.82211827491e-103 1.8100566903e-103 2.91284790228e-103 0.00183282159062 2.7273375496e-103
phrase 0.00181875884084 1.10797340009e-33 3.61219137796e-61 3.37916773901e-06 2.72953136217e-103
pied 1.82211827491e-103 0.0018100566903 2.912847767e-103 1.8328232263e-103 2.72623800231e-103
pity 5.36693140127e-88 0.00181005668869 2.912847767e-103 1.8352177909e-103 2.41715517559e-12
place 1.82229871828e-103 0.00181005594308 2.912847767e-103 1.83282192643e-103 0.00545247713006
plague 3.42038332963e-98 1.8100566903e-103 2.912847767e-103 1.83282159062e-103 0.00272623800231
plagues 0.00182211827491 1.05984592094e-38 2.91735710187e-103 1.86824580946e-103 2.72624214862e-103
please 1.82211827491e-103 1.8100566903e-103 2.912847767e-103 1.83282159062e-103 0.00272623800231
pleased 7.98043562584e-66 0.0018100566903 2.912847767e-103 1.83980985526e-103 7.70974679247e-70
pleasure 0.00180328188755 3.38937665546e-41 0.00293853031757 2.44958423044e-34 0.00545662163451
plus 1.82211827491e-103 1.8100566903e-103 2.912847767e-103 1.83282159062e-103 0.00272623800231
poesy 1.83583144074e-103 7.21742797428e-95 0.002912847767 1.83282159062e-103 3.36161506207e-93
poets 1.828450197e-103 1.81615017175e-103 0.002912847767 1.83282159062e-103 2.72989838011e-103
point 0.00182211827491 3.06355976585e-102 2.91284776704e-103 1.83282159062e-103 2.72727540149e-103
poor 1.82211827491e-103 0.0018100566903 2.912847767e-103 1.83282159062e-103 2.72623800231e-103
posting 0.00182211731625 1.77467305345e-102 1.3359101382e-99 9.64288501476e-10 2.72828148998e-103
pourst 2.11937756108e-07 1.8100567e-103 2.912847767e-103 0.00183260840792 2.72841551026e-103
power 0.00275930206858 0.00268781953584 2.035719156e-49 7.30966690857e-09 0.00272820588945
powerful 1.82364483668e-103 1.81152590268e-103 0.002912847767 1.83282159062e-103 2.72822066869e-103
powers 1.82211827491e-103 1.81005669032e-103 0.002912847767 1.83282159062e-103 2.72779863522e-103
praise 0.000729604386693 0.00471962125049 0.00580280236037 3.96989880191e-90 1.51604484025e-22
precious 0.00181920794162 0.00181429577513 0.0058235262278 1.87258629953e-103 7.51832133783e-84
presence 1.53382781956e-75 5.25457006914e-22 3.71537465017e-78 1.83387636697e-103 0.00272623800231
present 0.00182211827491 1.8100566903e-103 2.91312238334e-103 1.83282246936e-103 2.72623800231e-103
pretty 5.50734762386e-26 1.8100566903e-103 6.32746290561e-38 0.00183282159062 2.72623800231e-103
pride 1.82211827491e-103 1.8100566903e-103 2.912847767e-103 1.83282159062e-103 0.00545247600462
princes 0.00182211827491 1.57913955014e-59 3.07817949847e-103 1.86824520365e-103 2.7262419855e-103
prize 0.00182211827491 1.38564632745e-43 3.68282868839e-73 1.38356296309e-42 2.73730527942e-103
proud 0.00182213417551 0.00362009758524 2.912847767e-103 1.83347547492e-103 2.78614057569e-103
proudly 1.82211827491e-103 1.8100566903e-103 2.912847767e-103 0.00183282159062 2.72733755046e-103
prove 1.3610903948e-25 0.00181005636903 2.91301273746e-103 1.83343819522e-103 0.00545247648849
proves 0.00182211827491 1.81026849999e-103 2.91347941687e-103 1.83410618342e-103 2.72623803898e-103
public 0.0036346257469 0.00181960387412 2.912847767e-103 4.48255815236e-89 2.72713214762e-103
publish 3.10043385512e-98 1.6373780462e-75 2.91284779656e-103 1.83282159107e-103 0.00272623800231
purest 0.00182211827491 1.81005669901e-103 2.912847767e-103 1.83430908014e-103 2.7262388866e-103
purge 1.82211827491e-103 1.8100566903e-103 2.912847767e-103 1.83282159062e-103 0.00272623800231
pursuit 0.00182211827491 6.10804075791e-40 2.91436318233e-103 5.79795826622e-87 2.72624462003e-103
put 0.00182211827491 2.13172959351e-85 2.15918077114e-17 2.77526909733e-23 1.47323641879e-100
pyramids 0.00182211827491 1.8100566903e-103 2.91410145631e-103 2.44423395447e-103 2.72623800231e-103
qualify 1.82211827491e-103 1.8100566903e-103 2.912847767e-103 1.83282159062e-103 0.00272623800231
quality 1.82211827491e-103 1.8100566903e-103 2.912847767e-103 1.83282159062e-103 0.00272623800231
quick 1.82857168007e-103 1.83706821607e-103 0.002912847767 1.83282159062e-103 2.72984839686e-103
rage 1.82211827491e-103 1.8100566903e-103 2.912847767e-103 1.83282159062e-103 0.00272623800231
reasons 0.00182211827491 4.64189466018e-91 2.912847767e-103 1.71907811172e-28 2.72880670759e-103
rebel 2.97384991897e-91 0.0018100566903 2.912847767e-103 1.83282159214e-103 2.72623800231e-103
receives 4.52003774718e-17 1.81005670512e-103 2.912847767e-103 0.00183282159062 1.291393456e-42
receivst 1.82211827491e-103 1.81005669083e-103 2.91390113636e-103 0.00183282159062 2.72773794276e-103
red 4.5215931094e-24 1.96081065817e-77 2.912847767e-103 0.0018308889946 0.00272911265019
rehearse 1.82211827491e-103 1.8100566903e-103 2.912847767e-103 1.83282159062e-103 0.00545247600462
remembrance 0.00182211827491 2.74019835997e-98 2.91301450076e-103 1.67677630237e-42 2.72789726418e-103
remote 0.00182211827491 1.81069349018e-103 2.91285555988e-103 1.83282159065e-103 2.72652297972e-103
remove 1.82211827491e-103 1.8100566903e-103 2.912847767e-103 1.83282159062e-103 0.00272623800231
remover 1.60384560532e-66 0.0018100566903 2.912847767e-103 1.83362621218e-103 1.33184088432e-30
repay 1.82211827491e-103 1.8100566903e-103 2.912847767e-103 1.83282159062e-103 0.00272623800231
reproach 4.45554540388e-66 0.0018100566903 2.91284998935e-103 1.83282160568e-103 2.72623800231e-103
reproving 1.82211827491e-103 1.8100566903e-103 2.912847767e-103 1.83282159062e-103 0.00272623800231
require 1.82211827491e-103 1.8100566903e-103 2.912847767e-103 1.83282159062e-103 0.00272623800231
resort 1.82211827491e-103 1.8100566903e-103 2.912847767e-103 1.83282159062e-103 0.00272623800231
respects 1.82211827491e-103 1.8100566903e-103 2.912847767e-103 1.83282159062e-103 0.00272623800231
respose 1.82239625339e-103 1.81005671541e-103 1.41273356665e-39 0.00183282159062 2.72623800231e-103
rest 1.82211827491e-103 1.8100566903e-103 2.912847767e-103 1.83282159062e-103 0.00272623800231
restore 0.00182211827491 1.75490686837e-18 2.912847767e-103 1.83282159062e-103 2.7287507463e-103
return 0.00182211827491 1.46926483124e-38 2.91522079036e-103 1.94918280812e-95 2.72624064965e-103
rhyme 1.82211827491e-103 1.8100566903e-103 2.912847767e-103 1.83282159062e-103 0.00545247600462
rich 0.00260158423433 4.61527343764e-75 1.3930108263e-82 0.0010487769656 2.72827152782e-103
richly 1.82314388935e-103 1.81099326232e-103 0.002912847767 1.83282159062e-103 5.23776968658e-77
right 1.82211827491e-103 1.8100566903e-103 2.912847767e-103 1.83282159062e-103 0.00272623800231
rose 4.30306229885e-56 1.8100566903e-103 2.912847767e-103 1.83282159062e-103 0.00545247600462
roses 8.3622207739e-100 1.81005669222e-103 2.912847767e-103 0.00183282159062 2.72623800231e-103
rotten 1.82880613601e-103 1.8152178781e-103 2.53045826364e-72 1.83282159062e-103 0.00545247600462
rude 1.82211827491e-103 1.8100566903e-103 1.1304645588e-24 0.00366564318123 2.72644184751e-103
ruined 0.00182211827491 1.8100566903e-103 2.91312238274e-103 1.83282246936e-103 2.72623800231e-103
ruining 1.82211827491e-103 1.8100566903e-103 2.912847767e-103 1.83282159062e-103 0.00272623800231
ruth 0.00182211827491 1.74781160518e-80 2.912847767e-103 1.83282240848e-103 2.72623800231e-103
sable 1.82211827491e-103 0.0018100566903 2.912847767e-103 1.83282159145e-103 2.72623800231e-103
sacred 1.82212402927e-103 1.81006117437e-103 0.002912847767 1.83282159062e-103 9.40422591643e-89
sad 0.00182211827491 1.8100566903e-103 2.91324991121e-103 1.83417381562e-103 2.72623800231e-103
said 1.50149062184e-101 0.00181543787693 0.00290418876058 0.00183282114393 1.66480530741e-99
sake 1.82211827491e-103 1.8100566903e-103 2.912847767e-103 1.83282159062e-103 0.00272623800231
sang 1.82211827491e-103 1.8100566903e-103 2.912847767e-103 1.83282159062e-103 0.00272623800231
saturn 1.82211827491e-103 0.0018100566903 2.912847767e-103 1.83282240848e-103 2.72623800231e-103
savage 1.46128195987e-97 1.81005669036e-103 2.912847767e-103 0.00183282159062 2.72623800231e-103
saw 0.00182182614104 0.00181034689038 2.912847767e-103 1.83282159219e-103 1.01653652099e-76
say 0.00182211827491 7.12114905673e-25 2.91311697236e-103 1.83283415162e-103 2.72623800528e-103
scandal 1.82211827491e-103 0.0018100566903 2.912847767e-103 1.83282159062e-103 2.72623800231e-103
scope 1.86579092833e-60 0.00181005621593 2.912847767e-103 1.83282159566e-103 7.14474311774e-10
scorn 1.82211827491e-103 1.8100566903e-103 2.912847767e-103 1.83282159062e-103 0.00272623800231
seasoned 0.00182211827491 1.8100566903e-103 5.83122959956e-63 5.89388950382e-32 2.72623800231e-103
seasons 1.82812291691e-103 2.01074290469e-103 0.002912847767 1.83282159062e-103 2.7294409567e-103
second 0.00182211827491 1.8100566903e-103 2.91368293483e-103 1.85124257514e-103 2.72623800231e-103
secret 1.82238221248e-103 1.81031071759e-103 0.002912847767 1.83282159062e-103 2.72787089119e-103
see 0.00696974055019 5.76708930148e-07 0.00173424374614 0.00217820308333 0.00379161271286
seeing 5.92277415639e-24 0.0018100566903 2.91294323161e-103 1.83282189612e-103 0.00272623800231
seek 9.58112535842e-77 0.0018100566903 2.912847767e-103 1.8391443884e-103 2.7417248619e-103
seemed 1.82211828268e-103 0.0018100566903 2.912847767e-103 1.83282159062e-103 2.72623800232e-103
seems 7.71767808503e-97 1.81005669036e-103 2.912847767e-103 0.00183282159062 2.72623800231e-103
seldom 1.8280098439e-103 1.81698696427e-103 0.002912847767 1.83282159062e-103 2.72941093382e-103
self 0.0126232127191 0.00498536538474 0.00626383916126 0.00213992020657 3.39611196105e-25
semblance 2.6073335626e-38 0.0018100566903 2.912847767e-103 2.21372521913e-62 2.58647537006e-91
sequent 1.82211827491e-103 0.0018100566903 2.912847767e-103 1.83282160271e-103 2.72623800231e-103
services 8.70864402806e-39 0.0018100566903 2.912847767e-103 1.83282180915e-103 2.72623800231e-103
serving 2.25328908863e-94 1.81520500863e-103 2.912847767e-103 0.00183282159062 2.72623800231e-103
set 1.82211827491e-103 1.8100566903e-103 2.912847767e-103 1.83282159062e-103 0.00272623800231
shadow 1.82506781749e-103 1.81289536033e-103 0.002912847767 1.83282159062e-103 3.26265490629e-94
shadows 0.00364423654982 5.49754813406e-57 2.91297860275e-103 1.83282202856e-103 2.72694371993e-103
shall 0.00770890367454 3.64167662609e-46 0.00502480235495 4.78113530807e-75 0.000120539778087
shalt 0.00182211827491 1.8100566903e-103 2.90018350396e-69 9.00188798172e-55 2.72623800231e-103
shame 1.82211827491e-103 1.8100566903e-103 2.912847767e-103 1.83282159062e-103 0.00272623800231
sharpened 3.62069088781e-46 0.0018100566903 2.91287774527e-103 1.83282169019e-103 2.72623800231e-103
she 0.00544840987178 1.8100566966e-103 0.00294153466226 2.25489349432e-36 2.72847790261e-103
shifting 0.00182211827491 1.81008525187e-103 2.91698711049e-103 2.81813879539e-89 2.72623817666e-103
shook 1.82211827491e-103 1.8100566903e-103 2.912847767e-103 0.00183282159062 2.72733755046e-103
short 8.85891321527e-81 0.00181199512541 0.00290972832525 1.82292762307e-95 2.08587672995e-64
should 0.00364472970963 3.88082391769e-77 0.00896427018008 0.00718875847622 1.71347383557e-79
show 8.28004865144e-78 1.21948003185e-32 0.00288491530012 1.83767391986e-103 0.0109310950002
showers 0.00182211827491 2.09349724086e-103 2.91285052547e-103 1.83282159062e-103 2.72623800231e-103
shows 0.00182211340955 4.83314767843e-09 1.09318197335e-62 3.05316230602e-58 2.72623800232e-103
shun 1.82211975049e-103 1.8100566903e-103 2.912847767e-103 0.00183282159062 2.72750453383e-103
sick 1.82494100564e-103 1.81005669031e-103 2.912847767e-103 0.00183282159062 2.72826149927e-103
sicken 0.00182211827491 1.81005707131e-103 2.912847767e-103 1.83282259589e-103 2.726238007e-103
sickly 1.82211827491e-103 1.81005669032e-103 0.002912847767 1.83282159062e-103 2.72779863522e-103
sickness 7.3718572596e-53 0.0018100566903 2.91288127228e-103 1.83282169784e-103 2.72623800231e-103
side 1.294290206e-74 2.49570372222e-23 2.91284777778e-103 1.83315041987e-103 0.00272623800231
sighs 4.3437701569e-26 1.81005669253e-103 2.912847767e-103 0.00183282159062 2.72878016338e-103
sight 1.82211827491e-103 1.8100566903e-103 2.912847767e-103 1.83282159062e-103 0.0109049520092
silver 1.90122842237e-103 7.57261126127e-89 0.002912847767 1.83282159062e-103 2.73019516844e-103
silvered 0.00182211786808 1.81005669966e-103 2.912847767e-103 4.09218904096e-10 2.72751421954e-103
sin 0.000145959678802 1.81005669031e-103 3.22288001585e-63 0.0016860045292 2.72651868017e-103
sinful 0.00182320439095 3.23738262647e-93 0.00291111149624 1.61145791817e-87 2.72780285119e-103
single 1.82342776232e-103 1.81124742815e-103 0.002912847767 1.83282159062e-103 2.72787123764e-103
sins 6.5274406086e-102 1.44919765265e-87 0.002912847767 1.83282159062e-103 6.70983346166e-67
slandered 3.12583067827e-33 1.81208062737e-103 2.9128483495e-103 0.00183282159062 2.73071780068e-103
slanders 0.00182211827491 1.8100566903e-103 2.91325665639e-103 1.83424534306e-103 2.72623800231e-103
slave 0.00364423654982 5.94456814847e-93 2.912847767e-103 1.83345061432e-103 2.72675698965e-103
slavery 1.82211975049e-103 1.81005669032e-103 2.912847767e-103 0.00183282159062 2.72934209519e-103
slay 5.69236285209e-86 0.0018100566903 1.68002367638e-94 1.83362007927e-103 2.72724769484e-103
slide 1.82211827491e-103 1.8100566903e-103 2.912847767e-103 1.83282159062e-103 0.00272623800231
slow 1.82211827491e-103 1.8100566903e-103 2.912847767e-103 1.83282159062e-103 0.00272623800231
sluttish 1.82325525972e-103 1.81115096882e-103 0.002912847767 1.83282159062e-103 2.72811073367e-103
small 3.22034877105e-70 0.0018100566903 2.912847767e-103 1.84102775508e-103 9.75134194853e-85
smoke 1.82211827491e-103 1.8100566903e-103 2.912847767e-103 1.83282159062e-103 0.00272623800231
smother 1.82211827491e-103 1.8100566903e-103 2.912847767e-103 1.83282159062e-103 0.00272623800231
so 1.07315088803e-21 4.17469151168e-102 0.00558858467395 0.0129407596196 0.0055092764789
society 1.82211827491e-103 1.8100566903e-103 2.912847767e-103 1.83282159062e-103 0.00272623800231
some 1.20107580401e-59 5.06876165131e-06 0.00291137303822 0.00916378934095 0.00272045779995
sometime 0.00182211827491 1.8100566903e-103 2.91285055895e-103 1.83282159073e-103 2.72623800231e-103
sorrow 1.82255048155e-103 0.0018100566903 2.912847767e-103 1.83307587075e-103 2.72624432934e-103
soul 1.66175662901e-27 0.00543017007089 3.63075435279e-58 1.05503256847e-16 2.74173426901e-103
sound 0.00182211827491 1.91185815602e-67 2.91301286752e-103 9.62533689513e-38 2.72759985489e-103
sounds 1.82211827491e-103 1.8100566903e-103 2.912847767e-103 1.83282159062e-103 0.00272623800231
sovereign 1.82325525972e-103 1.81115096882e-103 0.002912847767 1.83282159062e-103 2.72811073367e-103
speak 0.00182211827491 3.55007516862e-43 2.91540440432e-103 7.87128602344e-83 2.72623800233e-103
speaking 0.00182211827491 1.93440658059e-91 2.91284866146e-103 1.83282240868e-103 2.72623800231e-103
speed 1.82211827491e-103 1.8100566903e-103 2.912847767e-103 1.83282159062e-103 0.00272623800231
spirit 2.70649149805e-93 0.00361717216731 2.91284776746e-103 1.83282159062e-103 0.00273066794501
spirits 1.82211827491e-103 1.81005669148e-103 4.73065016345e-42 0.00183282159062 2.72623800231e-103
sport 1.82211827491e-103 1.8100566903e-103 2.912847767e-103 1.83282159062e-103 0.00272623800231
stamped 1.82211827491e-103 1.81005669033e-103 2.912847767e-103 0.00183282159062 2.72733755046e-103
stars 0.00182211827491 9.70836324113e-96 2.91284780441e-103 1.47823184627e-32 2.72774517188e-103
state 1.82211827491e-103 1.8100566903e-103 2.912847767e-103 1.83282159062e-103 0.00545247600462
stay 1.87733741872e-103 9.74835974161e-39 2.91284787502e-103 1.83282159124e-103 0.0109049520092
steel 1.82211827491e-103 1.8100566903e-103 2.912847767e-103 1.83282159062e-103 0.00272623800231
still 4.87750812236e-96 0.00362042555943 6.87099601698e-63 0.00366247331255 0.00545672084701
stirred 1.44241499324e-98 1.81005669155e-103 2.912847767e-103 0.00183282159062 2.72623800231e-103
stone 0.00182211827491 1.8100566903e-103 2.91285052547e-103 1.83282159062e-103 2.72623800231e-103
stop 3.02744999243e-69 0.0018100566903 2.912847767e-103 1.83750154038e-103 3.59690541241e-100
strange 0.00182211824752 1.8100566903e-103 9.06956649844e-44 2.75483229502e-11 0.00272623800231
streams 0.00182211827491 3.11588124893e-101 2.91284776701e-103 1.83282159062e-103 2.72727541505e-103
strengths 1.82211827491e-103 0.0018100566903 2.912847767e-103 1.83282159257e-103 2.72623800231e-103
stronger 3.26116708845e-71 0.00181005669028 2.912847767e-103 1.83521482761e-103 1.88480827674e-14
strongly 1.82212326245e-103 1.81006115803e-103 0.002912847767 1.83282159062e-103 2.72779863309e-103
subject 0.00182211827491 1.8100566997e-103 2.912847767e-103 1.83282159062e-103 2.72930726961e-103
subjects 1.82211827491e-103 1.81005669032e-103 0.002912847767 1.83282159062e-103 2.72779863522e-103
subtleties 1.82211827491e-103 1.8100566903e-103 2.912847767e-103 1.83282159062e-103 0.00272623800231
such 1.82211836227e-103 1.81023530428e-103 8.16423543982e-08 0.00549841340086 2.73139049125e-103
suggest 1.2880373051e-68 0.0018100566903 2.91285860578e-103 1.83282159062e-103 2.73925714065e-103
suit 2.50904711596e-63 0.0018100566903 2.91427713661e-103 2.00748786451e-103 1.12016527346e-30
sullen 1.82399950328e-103 1.8100566903e-103 2.912847767e-103 1.83282159062e-103 0.00272623800231
summer 1.82211833667e-103 0.0018100566903 2.912847767e-103 1.83282407822e-103 2.72693029941e-103
summers 1.82211827491e-103 0.00181005669032 0.00291284776695 1.83282159145e-103 2.72779863522e-103
summon 2.29452697879e-93 1.8100566903e-103 2.912847767e-103 0.00183282159062 2.72623800231e-103
sunk 1.8221187516e-103 1.81005702753e-103 2.91284790254e-103 0.00183282159062 2.727460316e-103
supposed 4.58935553986e-93 1.81641769762e-103 0.002912847767 0.00183282159062 2.72837196341e-103
sure 0.00182211827491 1.81005669901e-103 2.912847767e-103 1.83391445108e-103 2.72623800232e-103
surly 2.83730588976e-98 9.82245401035e-86 0.002912847767 1.83282159062e-103 2.64201734883e-99
survive 9.45714867104e-22 0.0018100566903 2.91487572928e-103 4.83723518044e-61 2.72723054686e-103
sway 1.82211827491e-103 1.8100566903e-103 2.912847767e-103 1.83282159062e-103 0.00272623800231
swear 1.50784231312e-18 0.00182256046541 2.91305705012e-103 0.00182016055678 2.72623800231e-103
swearing 1.82211827491e-103 1.8100566903e-103 2.912847767e-103 1.83282159062e-103 0.00272623800231
sweet 0.0108353867565 0.00367928555686 0.00588605313409 1.23974179422e-21 1.28420395903e-60
sweetest 1.82226005898e-103 1.81019315089e-103 0.00582569553399 1.83282159062e-103 2.72783745217e-103
sweets 6.1288873939e-08 3.251302912e-79 2.44901303718e-77 0.00549840312296 2.7267911713e-103
sweetst 1.82211886336e-103 1.81005669393e-103 0.002912847767 1.83282159062e-103 2.7286478468e-103
swift 2.78514207178e-86 0.0018100566903 2.912847767e-103 1.85105176914e-103 8.67289883082e-74
table 1.82211827491e-103 1.81005669031e-103 3.1379024786e-103 0.00183282159062 2.72733377936e-103
take 3.56622734105e-05 8.55480626491e-29 1.38758622277e-62 0.00362977142385 2.72623800252e-103
taste 1.82211827491e-103 1.8100566903e-103 2.912847767e-103 1.83282159062e-103 0.00272623800231
tattered 1.8221815263e-103 1.8100566903e-103 1.08566425547e-36 0.00183282159062 2.72623800231e-103
taught 0.0018221182749 3.51132811535e-75 1.35093684041e-37 3.52115703854e-15 2.86223355064e-103
temperate 1.82211827491e-103 1.8100566903e-103 2.912847767e-103 1.83282159062e-103 0.00272623800231
temptation 1.82501038779e-103 1.81053357408e-103 0.00309984864949 0.00171515692623 1.23299343883e-82
tend 1.82211827491e-103 1.8100566903e-103 2.912847767e-103 1.83282159062e-103 0.00272623800231
tender 5.65436318345e-79 0.00181004008915 2.91285077741e-103 0.00183283840055 2.72903939954e-103
term 0.00182211827491 3.90863255003e-33 2.91325655223e-103 1.83424560054e-103 2.7262384073e-103
th 1.91836182196e-98 1.81005669036e-103 2.912847767e-103 0.00183282159062 2.72623800231e-103
than 3.07712919726e-14 0.00182493802687 0.00880337707891 0.0146067095282 1.24141546026e-46
that 0.0165133934006 0.0173042919224 0.0114892466713 0.0392825670174 2.73331880455e-103
the 0.0469031540131 0.0151404221587 0.0238900671577 0.0287620383195 1.7574774e-73
thee 0.00533579322626 0.00166128470823 0.0120514776488 0.014659151808 0.00277629099382
their 0.00377916050228 0.00181014530466 0.0149706614364 0.0032741077802 2.52950614489e-15
them 1.82211827567e-103 1.810056691e-103 0.002912847767 1.83282159062e-103 2.72779863522e-103
then 0.00110409736139 0.00181003859506 2.91308300403e-103 0.00255507855784 2.72758640836e-103
thereby 5.00717295851e-91 0.0018100566903 2.912847767e-103 1.8328302175e-103 2.7262634495e-103
therefore 0.0028231829641 0.000815618588752 2.913117996e-103 1.83435085402e-103 2.72623908742e-103
therein 6.83233940587e-66 2.3528126614e-48 0.002912847767 1.83282159062e-103 5.99281883222e-53
these 1.18362342068e-38 1.81005669204e-103 2.912847767e-103 0.00549846477185 2.72679501183e-103
they 0.00341209175027 0.00314421071861 0.00986052806949 0.0018422430044 5.15120834952e-99
thine 5.67187116281e-07 0.00543644152867 2.05089011381e-55 2.32496737393e-11 0.00544218152015
thing 0.0036409581724 3.25667606896e-06 1.14127922222e-70 2.43054957777e-44 1.59816707068e-96
things 8.83872844241e-72 0.00181370201455 0.00581982926767 1.83282159592e-103 1.12842072433e-79
this 0.0026335603636 0.0100704669924 0.00871247724218 6.37523753307e-97 9.05331604001e-73
thorns 1.82225224153e-103 1.81005669384e-103 2.02611232571e-100 0.00183282159062 2.72774135628e-103
those 5.36944568372e-48 0.00724022676118 2.91314357435e-103 1.83559137103e-103 2.00763966645e-30
thou 0.0257970269883 0.00792434540513 0.00813644200639 0.0122268232882 3.39734862856e-22
though 0.00546636667804 9.70037603951e-49 2.91284874658e-103 0.00183280966767 2.56279206188e-34
thought 0.00116535360149 1.99478062461e-49 0.00309942784701 0.00237604428216 2.72769424829e-103
thousand 2.92234001092e-85 0.0018100566903 2.912847767e-103 1.83295634263e-103 2.72175608255e-17
three 2.25703000117e-74 0.0018100566903 2.912847767e-103 1.83282159489e-103 2.72623800231e-103
thrust 1.82211827491e-103 1.8100566903e-103 2.912847767e-103 1.83282159062e-103 0.00272623800231
thus 1.95373794982e-94 1.8100566903e-103 2.912847767e-103 0.00366564318123 0.00272623800231
thy 0.0316792516893 0.0127819132462 0.02329903203 0.0138446414931 1.56532281855e-60
tie 6.65487798585e-95 0.0018100566903 2.91285117791e-103 1.83282159062e-103 2.72769885842e-103
tied 1.82211827491e-103 1.8100566903e-103 4.13735623722e-38 0.00366564318123 2.72623804743e-103
till 4.1769945257e-54 0.00361712727001 2.91303997345e-103 0.00183584525721 1.24240263981e-90
time 1.26133036874e-23 0.00161744882028 8.99965762797e-93 3.06719505408e-63 0.00574257459523
times 0.00183033831101 0.00361186850422 0.0029129753057 5.2856509896e-70 3.91153870339e-74
tired 1.82211827491e-103 1.8100566903e-103 2.912847767e-103 1.83282159062e-103 0.00272623800231
titles 1.82529231592e-103 1.81311142135e-103 0.002912847767 1.83282159062e-103 2.72866643693e-103
to 1.27550824207e-16 0.0443463301457 0.0558333548339 0.020769663717 4.88433073106e-64
toil 1.82211827491e-103 1.8100566931e-103 1.53468457679e-41 0.00183282159062 2.72623800231e-103
tomb 0.00182211827491 7.52990550807e-26 9.11259269494e-59 1.22516324113e-29 2.72825138582e-103
tomorrow 2.19724252005e-99 1.81005669036e-103 2.912847767e-103 0.00183282159062 2.72623800231e-103
tongue 1.86772581888e-99 0.00543017007089 2.9128477673e-103 1.83282159246e-103 2.72919212201e-103
too 0.00176428025818 0.00548762522655 2.91286664223e-103 8.3587808921e-57 6.35659184728e-79
tops 0.00182211827491 1.41101061076e-100 2.91284776701e-103 1.83282159062e-103 2.72727541505e-103
torment 0.00182211827491 4.76466528015e-37 3.08637442009e-24 6.79842559266e-23 2.73018949073e-103
touches 4.97742363284e-06 4.45012677189e-39 9.10911420838e-11 0.00182781487175 1.0483473429e-98
travel 0.00182296242952 1.8111507683e-103 0.00291149829703 1.83296056909e-103 2.72811039049e-103
travels 1.82211827491e-103 1.81072058466e-103 0.002912847767 1.83282159062e-103 1.26249231626e-79
treasure 1.82211913324e-103 1.8100566903e-103 2.912847767e-103 1.83282159062e-103 0.00545247600462
trenches 1.21698831534e-41 0.0018100566903 2.91284804729e-103 1.83282159062e-103 2.72624200709e-103
trifle 0.00182211827491 1.81005669901e-103 2.912847767e-103 5.03696389759e-85 2.7262566316e-103
trim 1.82211827491e-103 1.8100566903e-103 2.912847767e-103 1.83282159062e-103 0.00272623800231
tripping 0.00182211827491 5.60695344355e-50 2.91286142202e-103 1.83282241151e-103 2.72623800231e-103
true 1.82268695787e-103 1.81060366462e-103 0.00582569553399 1.83282159062e-103 2.72848702822e-103
truest 1.8221182777e-103 1.81005669032e-103 0.002912847767 1.83282159062e-103 2.72780268554e-103
trust 1.82211827491e-103 1.8100566903e-103 2.912847767e-103 1.83282159062e-103 0.00545247600462
truth 0.0036398141101 0.00181342683598 2.91288460377e-103 2.42384861678e-19 0.00272777883508
turns 1.82237107225e-103 0.0018100566903 2.91285238299e-103 1.83282159062e-103 2.72633128468e-103
twice 1.82543257874e-103 1.81322509066e-103 0.002912847767 1.83282159062e-103 1.91019346074e-95
twixt 0.00182211827491 1.8100566903e-103 2.91366352519e-103 1.83862940202e-103 2.72623800231e-103
two 1.82211827491e-103 0.0018100566903 2.912847767e-103 1.8328218073e-103 2.72623800231e-103
tyrant 0.00182144531281 7.15833415105e-40 0.00291392356771 2.963926141e-22 2.72894054737e-103
unbless 2.54186069992e-73 0.0018100566903 2.91285636807e-103 1.83282159062e-103 2.73540928477e-103
uncertain 2.39734034754e-89 0.0018100566903 2.912847767e-103 1.83282159214e-103 2.72623800231e-103
under 1.14694840909e-33 0.00362001677067 0.00291300323727 1.83316319075e-103 2.73223732731e-103
undivided 1.82211827491e-103 1.81005669032e-103 2.24381549461e-101 0.00183282159062 2.72885678195e-103
unfair 1.82211827588e-103 0.0018100566903 2.912847767e-103 1.83282245346e-103 2.72623800231e-103
unfathered 1.82211827491e-103 1.8100566903e-103 2.912847767e-103 1.83282159062e-103 0.00272623800231
unhappily 1.82211827491e-103 1.81005669032e-103 0.002912847767 1.83282159062e-103 2.72779863522e-103
unkindness 0.00182211827491 1.8100566903e-103 4.01857697226e-60 1.61973974696e-32 2.72623800231e-103
unlearned 2.33379603496e-98 1.81952033592e-103 2.912847767e-103 0.00183282159062 2.72623800231e-103
unless 1.09097852795e-99 1.810056698e-103 2.912847767e-103 0.00183282159062 2.72623800231e-103
unlooked 5.60497848307e-96 1.83790346256e-103 2.912847767e-103 0.00183282159062 2.72623800231e-103
unmoved 4.4668240638e-93 1.81005669034e-103 2.912847767e-103 0.00183282159062 2.72623800231e-103
unprovident 1.82211827491e-103 1.8100566903e-103 2.912847767e-103 1.83282159062e-103 0.00272623800231
unrespected 1.82211827491e-103 1.8100566903e-103 2.912847767e-103 1.83282159062e-103 0.00272623800231
unswept 0.00182211827491 1.8100566903e-103 2.91325538213e-103 1.83423318922e-103 2.72623800231e-103
unto 4.35820369456e-66 0.0018100566903 2.91285272972e-103 1.83282160451e-103 2.72681004749e-103
up 0.00546419401945 0.00362225988233 2.91293941577e-103 1.83323013543e-103 2.47954301826e-99
upon 1.48124962683e-37 0.0108768890698 2.30275778121e-93 0.00731452930027 2.73125719719e-103
urge 1.82211827491e-103 1.8100566903e-103 2.912847767e-103 1.83282159062e-103 0.00272623800231
use 4.17228914013e-73 4.8941802385e-75 2.9128478668e-103 0.00183282159118 0.00272623800147
uttering 2.41626371857e-94 1.82111135763e-103 2.912847767e-103 0.00183282159062 2.72623800231e-103
valley 1.82211827491e-103 0.0018100566903 2.912847767e-103 1.83282205929e-103 2.72623800231e-103
variation 1.82211827493e-103 1.81005669034e-103 2.912850835e-103 0.00183282159062 2.72733753095e-103
vassal 0.00182211827491 1.83902337732e-82 2.912847767e-103 2.49176453348e-76 2.72807610509e-103
verse 0.00182210888562 1.81005669901e-103 2.912847767e-103 2.06467915594e-86 0.00817872805511
view 0.00182244453649 2.5987685843e-32 6.26188064221e-40 1.65362202688e-07 0.0054517418861
vile 8.41602450848e-84 1.8100566903e-103 7.50478134408e-40 0.00183282159062 2.72623800231e-103
vilest 1.63090476012e-26 1.81005669227e-103 2.912847767e-103 0.00183282159062 2.72755739917e-103
virtuous 0.00182211827491 1.1706899532e-51 2.91318159412e-103 1.83282258927e-103 2.72623800231e-103
vowing 2.2761486792e-41 0.0018100566903 2.92903924857e-103 1.84601652156e-103 2.72624499648e-103
vulgar 0.00182528942321 7.12454906463e-84 0.0029077783528 3.14572106369e-103 2.73124906782e-103
wail 1.41521855446e-36 0.00362011338059 2.91296740866e-103 1.83282159065e-103 2.72625287066e-103
walls 1.82224514492e-103 1.81005669038e-103 0.002912847767 1.83282159546e-103 6.05219703574e-61
want 7.90438797626e-101 1.81005669036e-103 2.912847767e-103 0.00183282159062 2.72623800231e-103
wanting 1.82211827491e-103 1.81005669033e-103 0.002912847767 1.83282159062e-103 2.7277986353e-103
war 2.21598371021e-09 0.00362011117928 2.91333603607e-103 1.83282316456e-103 2.72623800231e-103
wards 1.84961407665e-103 0.0018100566903 2.91284778778e-103 1.83282159062e-103 9.50635649945e-95
was 2.89338991025e-67 0.00362011337535 2.91284943884e-103 0.00183282159593 9.90359766826e-74
waste 8.80083947411e-59 8.92390321008e-08 2.91285009439e-103 1.83282160591e-103 0.00817857959852
way 1.82211827491e-103 1.8100566903e-103 2.912847767e-103 1.83282159062e-103 0.00272623800231
we 0.0036442293438 1.47663158787e-08 6.07538357429e-18 0.00183281388693 4.58220270161e-45
weakens 2.93194853274e-70 0.0018100566903 2.91284776727e-103 1.8328215932e-103 2.72623800231e-103
wealth 6.95901152692e-47 0.00362011285923 2.91453827437e-103 2.28822072074e-84 7.8524718682e-10
weary 8.55111178966e-65 4.74850322624e-09 2.6055350005e-55 1.83282159156e-103 0.00545246885261
weed 0.00182211827491 1.23748551067e-59 2.91312238334e-103 1.83282246936e-103 2.72623800231e-103
weeds 1.82212043432e-103 1.81005670256e-103 1.83580711719e-55 0.00366564318123 2.72632105959e-103
were 0.00348491216369 0.00377838311259 9.84477591568e-100 5.22117932545e-90 2.72626018737e-103
what 0.00598895998194 0.00491338878605 2.9129677945e-103 0.0054960705675 2.18046730767e-96
when 0.00364242419655 0.00197292255755 2.0645914971e-55 0.0328276974155 2.72984729966e-103
where 0.00164949152757 0.00740674420411 2.9128479098e-103 1.83282159062e-103 0.00273371849697
wherein 3.68653988008e-57 0.00183027575764 2.91284777188e-103 0.0018123482301 2.73502472597e-103
whereon 1.8684505923e-93 1.81699001701e-103 2.912847767e-103 0.00183282159062 2.72623800231e-103
whereto 5.13369738712e-98 1.81360577625e-103 2.912847767e-103 0.00183282159062 2.72623800231e-103
wherever 3.65115383297e-79 2.40199691865e-65 5.44000416152e-20 1.83282159062e-103 0.00272623800231
which 5.12902731471e-19 0.00328852401396 2.1789346068e-59 0.0351593699544 1.05055073986e-98
while 0.00182211967392 8.75082348176e-22 2.91312238237e-103 0.00549846336462 2.72623800231e-103
white 1.82211827491e-103 1.8100566903e-103 2.912847767e-103 1.83282159062e-103 0.00272623800231
who 0.00182211988416 1.23214776516e-92 2.9131223817e-103 0.00549846315315 2.72623800231e-103
whose 9.24050231686e-86 0.00181292815619 2.912847767e-103 0.00549555719182 4.1810861221e-103
wide 0.00182211827491 1.8100566903e-103 2.11687828131e-66 5.16679198531e-43 2.72623800231e-103
wife 1.82211827491e-103 1.8100566903e-103 2.912847767e-103 1.83282159062e-103 0.00272623800231
wights 1.82211827491e-103 1.8100566903e-103 2.912847767e-103 1.83282159062e-103 0.00272623800231
will 0.00869045156741 3.0960554414e-95 2.91639859006e-103 0.00223964376393 0.00820219433204
wilt 0.00182211827491 1.8100566903e-103 2.91381268283e-103 1.84015914458e-103 2.72623800231e-103
win 1.82211827491e-103 1.8100566903e-103 2.912847767e-103 1.83282159062e-103 0.00272623800231
wires 0.00364423654982 1.8100566903e-103 7.45837212236e-102 1.83282201851e-103 2.72623800231e-103
wiry 1.82211827491e-103 0.0018100566903 2.912847767e-103 1.83282159373e-103 2.72623800231e-103
wit 1.82211827491e-103 1.8100566903e-103 2.912847767e-103 1.83282159062e-103 0.00272623800231
with 0.00889197269406 0.0461210631499 0.00875763217869 0.0139898811531 8.63887196761e-72
within 1.82211827491e-103 1.8100566903e-103 2.912847767e-103 1.83282159062e-103 0.00272623800231
without 3.11453354714e-59 0.00362741763256 2.912847767e-103 0.00365824706442 2.73710990421e-103
witness 1.03761066598e-82 0.0018100566903 2.912847767e-103 1.83290035213e-103 2.72623804953e-103
woeful 1.83006768779e-103 8.51483428333e-102 0.002912847767 1.83282159062e-103 8.89301520378e-39
woes 6.32784235811e-45 0.0018100566903 7.50318508195e-49 3.99703096495e-36 2.7263282604e-103
woman 1.82211827491e-103 1.8100566903e-103 2.912847767e-103 0.00183282159062 2.72744156871e-103
womb 0.00182211827491 9.60431074481e-84 2.912847767e-103 1.22405186969e-39 2.7276039387e-103
womens 1.82235514229e-103 1.81005669032e-103 0.002912847767 1.83282159062e-103 1.17477219427e-49
wood 0.00182211827491 3.5120243548e-63 2.912847767e-103 4.21052456848e-23 2.72729913018e-103
work 1.82211828326e-103 0.0018100566903 2.912847767e-103 1.83282160338e-103 2.72623800231e-103
works 1.82211827491e-103 1.81005669032e-103 0.002912847767 1.83282159062e-103 2.72779863522e-103
world 0.00911059137454 7.46355576799e-55 3.6548632835e-95 1.65043767103e-50 2.72671861895e-103
worlds 3.57326772872e-68 0.0018100566903 2.912847767e-103 1.83303246658e-103 2.96856746295e-18
worms 2.91738791792e-72 0.0018100566903 2.912847767e-103 1.83282159566e-103 2.72623800231e-103
worser 0.00182211827491 1.81005669901e-103 2.912847767e-103 4.91035666538e-100 2.72624131835e-103
worst 1.00931697539e-66 0.0018100566903 2.912847767e-103 1.83573976257e-103 1.91630520595e-93
worth 1.55682320402e-42 0.00180959364546 0.00291359292549 4.31826790874e-91 8.35820361485e-34
worthy 1.82211827491e-103 1.81005669032e-103 0.002912847767 1.83282159062e-103 2.72779863522e-103
would 9.88953465219e-67 0.0018100566903 2.912847767e-103 1.83282159062e-103 3.18673718278e-85
wound 0.00182211827491 8.14001947326e-50 2.91285052547e-103 1.83282159062e-103 2.72623800231e-103
wrinkles 2.11850939937e-51 0.0018100566903 2.91593336169e-103 1.54374229053e-102 2.72623941347e-103
year 1.82211827491e-103 1.8100566903e-103 2.912847767e-103 1.83282159062e-103 0.00272623800231
yellow 1.82211827491e-103 0.0018100566903 2.912847767e-103 1.83282159097e-103 2.72623800231e-103
yet 0.00364402344156 5.35599957925e-54 2.91305964573e-103 0.00366869411583 0.00272201872789
you 0.0141470183922 0.00158551626629 0.00857541425048 5.60786854047e-57 0.00658660283487
your 0.0130310489475 0.00259047590122 0.0245181658681 3.07430317553e-13 1.03391390341e-65
yours 6.31172785307e-73 0.0018100566903 2.912847767e-103 1.83282159062e-103 2.72643617903e-103
youth 0.00354823369783 3.89277663504e-09 0.002926868082 1.34207152372e-39 0.00285674868467
youthful 1.82212457745e-103 1.81006126851e-103 0.002912847767 1.83282159062e-103 2.73004688824e-103
