 0 1 2 3 4
abused 0.00286722558383 1.20117351261e-103 2.23929544658e-103 1.53132674682e-103 3.26675604013e-103
accessary 2.86722558383e-103 1.20117351261e-103 0.00223929544658 1.53132674682e-103 3.26675604013e-103
add 0.00286722558383 1.14127563485e-62 2.23929544658e-103 1.53132674682e-103 3.26675604013e-103
adjunct 2.86722771701e-103 1.38654188038e-103 0.00223929544658 1.53132674682e-103 3.26675604013e-103
admiring 6.00349051737e-17 0.00120117351261 2.23929544658e-103 1.53132674682e-103 3.26675604013e-103
advance 0.00286722558383 1.20117351261e-103 2.23929544658e-103 1.53132674682e-103 3.26675604013e-103
after 2.92921228365e-103 7.59122519082e-07 2.26571710058e-103 0.00153035897271 3.26675646719e-103
again 0.00288112075745 1.63252039968e-77 0.00222844335347 1.53203107774e-103 3.26761337147e-103
against 2.86722588273e-103 4.57018722276e-52 2.24333111236e-103 0.00306265349363 3.26721017437e-103
age 8.5309878076e-38 0.00131495419822 2.34879903144e-103 0.00138627242676 1.7376716925e-100
ah 2.86722558383e-103 1.20117351261e-103 2.23929544658e-103 1.53132674682e-103 0.00326675604013
alive 2.86723276759e-103 1.70768170867e-42 0.00223929544658 1.53132674682e-103 3.26675604013e-103
all 0.00566495298271 0.00538539965767 0.000203282281788 0.0163677445607 0.0188211114604
allege 6.6784745883e-82 0.00120117351261 2.23930057018e-103 1.53483483742e-103 3.26675814214e-103
alone 0.00861443666984 1.41346607579e-70 2.35863057474e-103 0.00305583868131 5.20553289612e-103
am 5.04175821068e-48 0.00545332797017 0.00408875443586 0.00161079510573 0.0051686405028
an 2.86722558383e-103 1.20117351261e-103 0.00447859089317 1.53497838078e-103 3.54208159849e-103
and 5.74204218728e-78 0.0492325130114 0.0308858076487 0.00499769173372 0.104394768238
angel 2.94144146227e-59 0.00120117351261 2.23929544658e-103 1.53409782109e-103 3.28066623653e-103
another 2.86772935313e-103 9.98016937839e-28 2.24560796143e-103 0.00153132674682 3.26705843663e-103
answer 2.87104148915e-103 3.02005291597e-71 0.00223929544658 1.53162088957e-103 3.26759544524e-103
any 2.86722558383e-103 1.20171161968e-103 2.24149070427e-103 0.00306265349363 1.18691258042e-69
appeal 2.86722558383e-103 1.20118121629e-103 0.00223929544658 1.55835611965e-103 4.7565891753e-93
apple 2.86722558383e-103 9.52177224615e-45 2.24386408271e-103 0.00153132674682 3.26711511044e-103
are 4.4093446747e-53 0.00577649949954 2.42227049832e-103 0.0110116991456 9.90696531097e-83
arise 0.00286722558383 1.20117351261e-103 2.23929544658e-103 1.53132674682e-103 3.26675604013e-103
art 0.00327799800825 0.00429959374149 2.24446833483e-103 0.00654985343328 2.16761420828e-79
as 1.07951376248e-67 0.00439935406691 2.45781332465e-11 0.014323243769 0.0260816723875
assure 1.07140502952e-14 0.00120117351261 2.23929651883e-103 1.53132674682e-103 3.26675604013e-103
awakes 2.86722558383e-103 1.20117351261e-103 1.6472317881e-55 1.53132674682e-103 0.00326675604013
awards 0.00286722558383 1.38590869662e-103 2.23929544658e-103 1.53132674682e-103 3.26675604013e-103
away 0.00860168260066 8.36791882682e-15 0.00432155740009 0.00163870989407 3.34121387476e-103
babe 2.86735294579e-103 1.20250833539e-103 0.00223929544658 1.53132923383e-103 3.2679066959e-103
back 2.86740081847e-103 0.00240041777878 0.00224289205551 7.90827356381e-13 3.26704453079e-103
bad 0.00287860416407 0.00239758017002 2.75028944781e-103 5.97262545608e-17 3.2678563695e-103
badges 2.86722558405e-103 0.00120117351261 2.26166711577e-103 8.48566814808e-95 3.26691840041e-103
badness 1.23108026903e-17 0.00120117351261 2.23929577345e-103 1.53132674682e-103 3.26675604013e-103
bath 2.87673794007e-103 5.56616809928e-15 0.00223929544657 1.53358180347e-103 3.27008513982e-103
be 0.0248012807465 0.0100045051838 0.0232581807347 0.00403466484758 1.35835183303e-17
bear 0.00286722535173 1.59568775764e-64 1.15017900502e-17 2.24913075838e-103 0.00326675630458
beauteous 2.6905037336e-86 0.00240234702522 2.07789980896e-101 1.54675206239e-103 3.26952161796e-103
beauty 4.5545858872e-52 0.00260266558124 2.43955152048e-103 0.0119952360799 1.74820632549e-92
beautys 2.87410896757e-103 3.29042169936e-50 0.00447859089317 1.53164265465e-103 3.26778398971e-103
because 2.86722558383e-103 1.20117351261e-103 1.03743016503e-05 1.53132674682e-103 0.00325162167605
becomes 7.89886340291e-07 0.00120084260368 2.23929545001e-103 1.53132674682e-103 3.26675604013e-103
becoming 2.86722558383e-103 3.04197170475e-14 2.25496724149e-103 0.00153132674678 3.26687011595e-103
before 2.86722558383e-103 1.01077441867e-27 2.24963719748e-103 0.00153132674682 3.26678480238e-103
begin 0.00286722558383 1.20117351261e-103 2.23929544658e-103 1.53132674682e-103 3.26675604013e-103
behind 0.00286722558383 1.20117351261e-103 2.23929544658e-103 1.53132674682e-103 3.26675604013e-103
behold 2.93538479977e-103 0.00120117351261 2.23930888003e-103 1.5362175689e-103 3.26706858724e-103
being 2.9023372768e-103 0.00320000049721 2.63649030605e-103 0.00657122978433 0.0066796598351
belied 0.00287604248535 1.90726470724e-24 2.25239902938e-103 0.00152661781942 3.26969020936e-103
belong 0.00286722558383 1.20117351261e-103 2.23929544658e-103 1.53132674682e-103 3.26675604013e-103
belongs 2.86722558383e-103 1.20158760372e-103 0.00223929544658 1.53133157533e-103 3.26836465178e-103
beloved 0.00288305331226 5.8943048252e-18 0.00222693403338 1.5320411813e-103 3.26675615051e-103
beseechers 1.14090585877e-30 0.00120117351261 2.23995196158e-103 1.53132674682e-103 3.26675604013e-103
besides 2.86722558383e-103 1.20244240469e-103 2.23929544659e-103 0.00153132674682 3.26740443734e-103
best 0.00286722558383 1.2023229453e-103 0.00447859089317 1.53163571117e-103 3.27244984433e-103
better 3.96103453741e-31 0.00240234702522 2.23978379448e-103 1.53132674682e-103 3.26675604013e-103
black 0.00292781190145 0.00114001367095 2.24001945784e-103 0.00463959249168 8.27436605336e-102
blame 2.8672256288e-103 1.20463269505e-103 0.00223929544658 1.53132674682e-103 3.26675604013e-103
blessed 2.870726292e-103 1.87470779893e-103 0.00225941980368 1.53146766489e-103 0.00323739798236
blessings 1.44591515376e-14 0.0012011735126 2.23929544658e-103 1.53132674682e-103 3.26675604013e-103
blind 0.00573445116767 1.20117351261e-103 2.23929544658e-103 1.53132674682e-103 3.26675604013e-103
blood 2.86722558383e-103 1.19917465509e-60 2.24210098685e-103 0.00306265349363 3.27860706514e-103
blot 0.00286722558383 1.20117351261e-103 2.23929544658e-103 1.53132674682e-103 3.26675604013e-103
boast 2.86722558383e-103 1.21002562716e-103 0.00223929544658 1.53297275877e-103 3.27541899511e-103
book 0.00286722558383 1.20117351261e-103 2.23929544658e-103 1.53132674682e-103 3.26675604013e-103
born 2.86722558383e-103 1.20117351261e-103 0.00223929544658 1.53132674682e-103 3.26675604013e-103
bosom 2.99440927809e-19 0.00120117351261 2.23929676994e-103 1.53132674682e-103 3.26675604013e-103
both 2.86722558383e-103 1.20170461258e-103 2.64901102945e-83 0.00306265349363 3.36286338493e-103
brass 2.90702071866e-103 0.00120117351261 8.01814323031e-24 1.53312118309e-103 3.26675604013e-103
brave 2.86722558383e-103 1.20415515128e-103 2.23929544658e-103 0.00153132674682 3.27452401129e-103
breast 0.00286722558383 1.20117351261e-103 2.23929544658e-103 1.53132674682e-103 3.26675604013e-103
breath 2.89856865635e-103 0.00117416428062 0.00228964758103 2.18163978415e-15 9.92291659014e-75
breathe 2.91378231415e-103 0.00120117351222 2.24262965244e-103 4.96915201471e-13 3.27541647767e-103
breathes 2.86722558383e-103 1.20293295133e-103 0.00223929544658 1.53132674682e-103 3.26675604013e-103
bred 0.00573445116767 1.20117351261e-103 2.23929544658e-103 1.53132674682e-103 3.26675604013e-103
breed 2.86722558383e-103 1.20117351261e-103 2.24059885802e-103 0.00153132674682 2.18335189236e-56
bright 0.00573445116767 1.20223615476e-103 2.23929544658e-103 0.00153132674682 3.26740443734e-103
bring 7.53347398931e-19 0.00120117351261 2.23929564405e-103 1.53132674682e-103 3.26675604013e-103
brings 0.00286722558383 1.20117351261e-103 2.23929544658e-103 1.53132674682e-103 3.26675604013e-103
but 2.86765843034e-103 5.40306608746e-49 0.0157268181632 0.00732365884246 0.0725034685365
by 2.89696067373e-103 0.00473524986865 1.63250619064e-63 0.0151707802065 0.00702634095947
call 0.00573445116767 1.20117383641e-103 0.00392106443824 0.000381260620963 3.37633380535e-103
came 2.86722558383e-103 1.20117351261e-103 2.28579794468e-103 1.53132674682e-103 0.00326675604013
can 2.14523971691e-39 0.00693621635809 1.61616317336e-86 0.00187659004921 6.98683225706e-87
cannot 9.53802929961e-19 0.00120117351261 2.23929572357e-103 1.53132674682e-103 3.26675604013e-103
care 0.00286722558383 1.20117351261e-103 2.23929544658e-103 1.53132674682e-103 3.26675604013e-103
carved 2.86723699771e-103 7.43080039366e-29 0.00223929544658 1.53132674683e-103 3.26675604014e-103
cast 0.00286722464337 3.93989540398e-10 2.23930890441e-103 1.53132674682e-103 3.26675604013e-103
cause 0.00286722558383 1.20117351261e-103 2.23929544658e-103 1.53132674682e-103 3.26675604013e-103
change 2.87663358199e-103 2.56646633191e-24 0.00223929544658 1.53194599482e-103 3.26758130889e-103
cheeks 2.86722558383e-103 1.20117351261e-103 2.23929544658e-103 0.00153132674682 3.44917257526e-60
cheer 0.00286722558383 1.20117351261e-103 2.23929544658e-103 1.53132674682e-103 3.26675604013e-103
child 2.86722558383e-103 1.20117351261e-103 0.00223929544658 1.53132755425e-103 3.26710211208e-103
choose 0.00286722558383 1.20117351261e-103 2.23929544658e-103 1.53132674682e-103 3.26675604013e-103
cold 0.00286722558383 1.20117351261e-103 2.23929544658e-103 1.53132674682e-103 3.26675604013e-103
commits 0.00286722558383 1.20117351261e-103 2.23929544658e-103 1.53132674682e-103 3.26675604013e-103
common 1.5191518399e-17 0.00120117351261 2.23929545764e-103 1.53132674682e-103 3.26675604013e-103
compare 0.00286722558383 1.20117351261e-103 2.23929544658e-103 1.53132674682e-103 3.26675604013e-103
compared 2.86722558383e-103 1.20117351261e-103 2.23941612876e-103 1.53132674682e-103 0.00326675604013
complexion 4.532959999e-14 0.00120117351259 2.23929649514e-103 1.53132674682e-103 3.26675604013e-103
conceit 2.92835886716e-103 0.00120117351261 2.23929544658e-103 1.53407101412e-103 3.26916169771e-103
conquest 2.86722559351e-103 1.20272730515e-103 0.00223929544658 1.53132674682e-103 3.26675604013e-103
conscience 2.86722558383e-103 1.20117351261e-103 0.00223929544658 1.53133358023e-103 3.26968719359e-103
constancy 2.86722708026e-103 1.3258295254e-103 0.00223929544658 1.53132674682e-103 3.26675604013e-103
constant 2.51149837866e-45 0.00120117351261 2.2392976172e-103 1.53132674682e-103 3.26675604013e-103
contains 0.00286722558383 1.20117351261e-103 2.23929544658e-103 1.53132674682e-103 3.26675604013e-103
content 0.00286722558383 1.20117351261e-103 2.23929544658e-103 1.53132674682e-103 3.26675604013e-103
control 0.00286722558383 1.20117351261e-103 2.23929544658e-103 1.53132674682e-103 3.26675604013e-103
cools 2.8672397532e-103 6.48101175047e-39 0.00223929544658 1.53132674682e-103 3.26675604013e-103
copy 6.40198476187e-45 0.00120117351261 2.24007679591e-103 1.53132674682e-103 3.26675604013e-103
count 2.86722559133e-103 2.27910118608e-14 2.24956193165e-103 0.00153132674679 3.26675605251e-103
countenance 2.86722558383e-103 1.20117351261e-103 0.00223929544658 1.53138540085e-103 3.27610138275e-103
crests 2.86722558383e-103 1.20176318176e-103 0.00223929544658 1.53132674682e-103 3.26675604013e-103
crime 0.00286722558383 1.20117351261e-103 2.23929544658e-103 1.53132674682e-103 3.26675604013e-103
crooked 6.34720021085e-19 0.00120117351261 2.23929653036e-103 1.53132674682e-103 3.26675604013e-103
cruel 3.82558829176e-17 0.00120117351261 2.2392956784e-103 1.53132674682e-103 3.26675604013e-103
crying 0.00286722558383 2.99107890039e-68 2.23929544658e-103 1.53132674682e-103 3.26675604013e-103
cunning 2.86722558383e-103 1.20117351261e-103 0.00223930673868 1.53132896743e-103 0.00326673956687
cupid 2.86722558383e-103 1.20117351261e-103 0.00223929544658 1.53989068443e-103 4.62118444288e-95
cure 1.83521118709e-78 0.00225363982759 0.00251652379613 6.17182501935e-14 3.45790221383e-103
curious 1.33518090103e-19 0.00120117351261 2.23929558045e-103 1.53132674682e-103 3.26675604013e-103
curse 0.00286722558383 1.20117351261e-103 2.23929544658e-103 1.53132674682e-103 3.26675604013e-103
daily 2.87115582615e-103 1.20871111734e-103 0.00223928424416 0.00153133440752 3.27834225944e-103
dare 2.86722558383e-103 1.20140774281e-103 0.00223929544658 1.53162439622e-103 3.26679291271e-103
dark 2.87899455434e-103 1.5289792145e-09 2.24975709161e-103 0.00153132479758 3.26675604013e-103
date 0.00286722558383 1.20117351261e-103 2.23929544658e-103 1.53132674682e-103 3.26675604013e-103
day 0.00286723457986 1.63039145304e-53 2.24328464334e-103 0.00459397543585 9.95670647949e-82
days 0.0114689023353 1.20197566904e-103 2.23952768218e-103 0.00459398024044 4.10095477053e-64
dead 0.0114689023353 7.38392494938e-57 2.23929544658e-103 1.53132674682e-103 3.26675604013e-103
dear 0.00318905376862 0.0058710433297 1.98521389969e-18 6.29558978953e-26 3.26839514588e-103
death 2.91717405837e-103 0.00153722030407 9.11526677729e-68 0.00263424124966 3.26754396212e-103
deaths 2.86722558383e-103 1.20117351261e-103 0.00223929544658 1.53245403313e-103 3.26691339125e-103
debate 0.00286722558383 1.20117351261e-103 2.23929544658e-103 1.53132674682e-103 3.26675604013e-103
decay 0.00286722558383 1.20117351261e-103 2.23929544658e-103 1.53132674682e-103 3.26675604013e-103
deeds 0.0086016767515 1.20117351261e-103 2.23929544658e-103 1.53132674682e-103 3.26675604013e-103
defence 0.00286722558383 1.20117351261e-103 2.23929544658e-103 1.53132674682e-103 3.26675604013e-103
delight 0.00286722558383 1.20117351261e-103 2.23929544658e-103 1.53132674682e-103 3.26675604013e-103
denied 0.00286722558383 1.20117351261e-103 2.23929544658e-103 1.53132674682e-103 3.26675604013e-103
despite 6.73675795535e-37 0.00360352053783 5.27562520314e-36 8.93345266631e-48 3.26843588373e-103
devise 0.00286722558383 1.20117351261e-103 2.23929544658e-103 1.53132674682e-103 3.26675604013e-103
did 1.54976666365e-17 0.00120117340353 0.00223929564993 1.53132674682e-103 3.26675604013e-103
die 0.0028722185272 1.46561893922e-64 1.94196108943e-75 0.00270073202958 0.00403314891079
died 2.87201763169e-103 2.54025320092e-12 2.27929914324e-103 0.00153132674358 3.27112989424e-103
dies 2.86723276925e-103 4.95367023076e-35 0.00223929544658 1.53132674682e-103 3.26675604013e-103
diest 2.86722558383e-103 1.20117351261e-103 0.00223929544658 1.53688771277e-103 3.26702574552e-103
disdaineth 0.00286722558383 1.20117351261e-103 2.23929544658e-103 1.53132674682e-103 3.26675604013e-103
distilled 2.86722558383e-103 1.20593381231e-103 0.00223929544658 1.53132674682e-103 3.26675604013e-103
distills 2.92835886716e-103 0.00120117351261 2.23929544658e-103 1.53406538614e-103 3.26675658624e-103
do 2.86724170051e-103 8.63101859498e-34 0.00279521727055 0.014933104163 5.61172144196e-69
doom 2.86723276874e-103 5.95890552846e-38 0.00223929544658 1.53132674682e-103 3.26675604013e-103
dost 2.86527078863e-48 0.00697838009868 2.24116191366e-103 0.00182283722913 3.2902814569e-103
doth 2.90069966701e-35 0.00794732132747 2.24379550811e-103 0.0067128808642 3.2672395944e-103
doubt 0.00286722558383 1.20117351261e-103 2.23929544658e-103 1.53132674682e-103 3.26675604013e-103
draw 2.86722560154e-103 6.52464639239e-52 2.25124549845e-103 0.00306265349363 2.07708889621e-59
drawn 2.87216235556e-103 7.97553704255e-60 2.24152870132e-103 0.00153132674682 3.27031097479e-103
dreading 2.86722662657e-103 1.28526545448e-103 0.00223929544658 1.53132674682e-103 3.26675604013e-103
dream 2.88598026098e-103 0.00120116078556 2.25093414062e-103 1.62251913393e-08 3.26675604013e-103
dreams 2.86722558383e-103 1.20224070259e-103 2.24167602676e-103 0.00153132674682 3.26756073168e-103
drugs 2.86722558383e-103 1.20117351261e-103 2.23929544658e-103 1.53132674682e-103 0.00326675604013
due 2.8953806986e-103 0.00240234702522 2.09350843607e-19 1.53224499918e-103 3.2711707136e-103
dull 2.40408197637e-71 0.00240234702522 1.57047175599e-29 1.5347308963e-103 3.27934345217e-103
dumb 2.86722558383e-103 1.20117351261e-103 0.00223929544658 1.58158358624e-103 3.069515802e-64
dwell 2.92719144566e-103 0.00120117351261 2.24999145244e-103 2.91247574951e-103 3.27078121105e-103
dying 0.00286722558383 1.7005920778e-53 2.23929544658e-103 1.53132674682e-103 3.26675604013e-103
eat 2.86722558383e-103 1.2011736264e-103 0.00223929544658 1.0159269645e-55 2.35170102512e-77
edge 0.00286722558383 1.20117351261e-103 2.23929544658e-103 1.53132674682e-103 3.26675604013e-103
effect 0.00286722558383 1.20117351261e-103 2.23929544658e-103 1.53132674682e-103 3.26675604013e-103
eithers 1.30395529756e-09 0.00120117296634 2.23929544658e-103 1.53132674682e-103 3.26675604013e-103
elements 3.44621596954e-93 0.00120117351261 2.244625692e-103 1.11398604453e-49 3.26675629418e-103
else 2.93288869349e-103 8.28848606928e-20 1.31109461599e-75 0.00306265349363 3.36170829483e-103
elsewhere 0.00286722558383 1.20117351261e-103 2.23929544658e-103 1.53132674682e-103 3.26675604013e-103
end 0.00286722558383 1.20117351261e-103 0.00223929544658 1.53479736336e-103 3.52699755305e-103
enfeebled 2.16057937239e-46 0.00120117351261 2.23930012036e-103 1.53132674682e-103 3.26675604013e-103
engraft 5.27441222762e-77 0.00120117351261 2.24637969057e-103 1.2247790266e-28 3.26675604013e-103
enough 2.87127875102e-103 7.13509160726e-90 0.00223929544658 1.53172192863e-103 3.26808331438e-103
enrich 3.04055014044e-103 0.00120117351261 2.24556106806e-103 1.53406194363e-103 3.26675693172e-103
ere 2.92170123966e-36 0.00120117351261 2.23929556289e-103 1.53132674682e-103 0.00326675604013
erred 0.00286722558383 1.20117351261e-103 2.23929544658e-103 1.53132674682e-103 3.26675604013e-103
error 2.8789218465e-103 4.22376305072e-08 0.00223921670481 3.37552919592e-62 3.26749895433e-103
even 2.86723134164e-103 1.25039744292e-66 0.00278297935563 0.000212150956218 0.00855454618535
ever 1.55696045926e-56 0.00360352053783 2.23973885571e-103 1.53223853807e-103 3.26675604013e-103
every 2.86722558383e-103 1.20123365888e-103 2.23929544658e-103 0.00153132674682 3.83654378449e-59
eves 2.86722558383e-103 1.20290868489e-103 2.23929544658e-103 0.00153132674682 3.26740443734e-103
evil 2.86723276856e-103 2.45803790962e-40 0.00223929544658 1.53132674682e-103 3.26675604013e-103
example 2.86722558383e-103 1.1513826205e-72 2.24030033423e-103 0.00153132674682 3.26734069259e-103
executor 2.86722558383e-103 6.78254062183e-18 2.2495678516e-103 0.00153132674682 3.26675617761e-103
external 2.86722558383e-103 1.20209884067e-103 2.25542957398e-103 0.00153132674682 5.19770449498e-90
eye 2.86722558383e-103 1.20117351261e-103 0.00223929544658 1.5313269941e-103 3.26686202029e-103
eyes 0.00966740193746 0.00395881763923 0.0119410792776 8.76186530628e-91 2.84714922675e-95
fade 2.88007622309e-103 6.20647222078e-13 1.38971595759e-83 0.00153132674602 3.27227453972e-103
fair 0.00324421605139 0.00432200890819 0.00508401123592 4.41956825658e-63 1.73816510047e-23
fall 0.00286722558383 1.20117351261e-103 2.23929544658e-103 1.53132674682e-103 3.26675604013e-103
false 7.25042810329e-61 0.00169927303973 2.24245966028e-103 0.00549030037045 2.36138234023e-98
fame 2.86722558383e-103 1.20492131663e-103 2.23929544658e-103 0.00153132674682 3.28462136537e-103
far 2.70001393134e-61 1.46438099265e-09 2.23929544658e-103 0.00459397837357 5.94736137125e-19
faster 2.86722558383e-103 1.74998928698e-15 2.24956134622e-103 0.00153132674681 3.26675604013e-103
father 2.86722558383e-103 1.20222972453e-103 2.26130657768e-103 0.00153132674682 3.26794051047e-103
faults 2.9282672458e-103 0.00120078953064 2.23929903342e-103 0.00153181626964 3.26744300485e-103
fear 0.00286722558422 1.20120231185e-103 4.65447945511e-64 0.00153132674661 3.43839343882e-103
fears 2.91587920984e-103 0.00240234702522 2.25112120917e-24 1.53452182884e-103 3.26675777469e-103
fee 0.00286722558383 1.20117351261e-103 2.23929544658e-103 1.53132674682e-103 3.26675604013e-103
feed 2.8678215176e-103 2.32853245131e-101 2.24389437604e-103 0.00153132674682 3.27051970861e-103
feeds 2.90865874217e-103 0.00120117351261 2.25308353427e-103 3.37748111769e-34 3.26675990585e-103
feelst 2.88755633703e-103 0.00109880962757 2.25063684173e-103 0.000130499510211 3.26675604013e-103
feil 2.86722558392e-103 1.20261595182e-103 2.23929544666e-103 0.00153132674682 3.27247286049e-103
fester 2.8672315136e-103 1.43345656717e-11 0.00223929541986 1.4508915521e-100 3.26675604013e-103
filled 2.86722558383e-103 1.20117351261e-103 0.00223929544658 1.53132674682e-103 3.26675604013e-103
find 0.00584849665095 0.00136688467259 0.00184129813596 1.53436623579e-103 3.27004958926e-103
finding 2.86722558383e-103 1.20117351261e-103 2.66763562208e-65 1.53132674682e-103 0.00326675604013
fine 2.86757396048e-103 0.00120117351261 1.91694130804e-90 1.53132674682e-103 3.26675604013e-103
fingers 2.86722607475e-103 1.20134139114e-103 0.00223929544658 1.53133504396e-103 3.26847020196e-103
fire 5.99476617987e-61 0.00143895163287 0.00403531150313 1.5346313835e-103 3.27115722879e-103
first 3.60143186502e-42 0.00240234702522 1.35992151999e-59 5.50098625414e-34 3.26675604013e-103
flatter 0.00286722558383 1.20117351261e-103 2.23929544658e-103 1.53132674682e-103 3.26675604013e-103
flattered 2.86722558383e-103 0.00120117351261 2.23929932188e-103 1.53132674682e-103 3.26675604013e-103
flattery 2.86722558383e-103 1.20183279392e-103 0.00223929544658 1.53132674682e-103 3.26675604013e-103
flowers 2.86722558383e-103 1.20117351261e-103 0.00223929544658 1.53939600282e-103 3.9426393339e-103
foes 0.00286722558383 1.20117351261e-103 2.23929544658e-103 1.53132674682e-103 3.26675604013e-103
fond 2.86722558383e-103 1.20117351261e-103 3.74218220836e-103 0.00153132674682 2.03866238366e-60
fool 2.86778372647e-103 7.72729857073e-18 2.28606627671e-103 0.00153132674682 3.26762872358e-103
fools 2.87181060213e-103 3.07817648303e-25 0.00223929544658 1.53153550921e-103 3.26675607672e-103
for 1.74311999761e-65 0.0150858082201 1.71550747246e-05 0.0168312787244 0.0537113809091
forgetfulness 2.86723277018e-103 9.44071667814e-25 0.00223929544658 1.53132674682e-103 3.26675604013e-103
form 6.81725938374e-57 0.00120117351261 2.23929544658e-103 1.53407380645e-103 3.27035634287e-103
former 2.94505665658e-12 0.00120117351138 2.23929544658e-103 1.53132674682e-103 3.26675604013e-103
forth 0.00286722558383 1.20117351261e-103 2.23929544658e-103 1.53132674682e-103 3.26675604013e-103
foul 2.94555192022e-103 0.0036035205378 4.3819352136e-41 4.28126686383e-14 3.27488547185e-103
found 2.86722558383e-103 1.20117352324e-103 0.00223929544658 1.53939694218e-103 3.94264020897e-103
free 0.00286722558383 1.20117351261e-103 2.23929544658e-103 1.53132674682e-103 3.26675604013e-103
friend 0.00292414472279 0.00237850175735 9.99111773085e-74 1.53441239927e-103 3.27023359432e-103
from 9.83137619759e-56 0.00252509658171 2.24089204452e-103 0.00401990797983 0.00415758140857
full 2.92809292123e-103 0.00119884666497 0.00224363328727 1.55000366865e-103 3.33482991977e-103
gain 0.00286722558383 1.20249027168e-103 2.23929544658e-103 0.00153132673877 1.71593112614e-11
gainst 2.86722558384e-103 1.20224313212e-103 2.23929544699e-103 0.00153132674682 3.2674513197e-103
gavst 2.86722558383e-103 1.20117351261e-103 0.00223929544658 1.54780918381e-103 3.28865331573e-81
general 2.86722558383e-103 1.20117351261e-103 0.00223929544658 1.53132888552e-103 3.26767286332e-103
get 6.82535082314e-21 0.00120117351261 2.23929544668e-103 1.53132674682e-103 3.26675604013e-103
give 2.87243289123e-103 6.58665355182e-47 0.00842964318094 8.00851572187e-20 0.0105698583628
given 2.88599521048e-103 0.00120117351261 2.24936805989e-103 1.51356825715e-28 3.26675604013e-103
gives 2.87310582334e-42 0.00240234702522 2.25489911962e-103 1.57407392298e-103 3.26675604013e-103
glad 0.00286722558383 1.20117351261e-103 2.23929544658e-103 1.53132674682e-103 3.26675604013e-103
glass 2.86724922713e-103 1.20534050885e-103 2.23932536844e-103 0.00153132674682 3.26862350918e-103
glutton 1.01647185539e-45 0.00120117351261 2.2393008336e-103 1.53132674682e-103 3.26675604013e-103
gluttoning 2.86722558383e-103 1.20117351261e-103 2.9350763477e-103 0.00153132674682 6.46580381061e-61
go 0.00573445116767 1.63386127942e-31 2.23929544658e-103 1.53132674682e-103 3.26675604013e-103
going 2.86723125668e-103 1.20355661719e-103 2.23929788877e-103 0.00153132674682 3.27163372312e-103
gone 0.00573445116767 1.20117351261e-103 2.23929544658e-103 1.53132674682e-103 3.26675604013e-103
good 9.09902435745e-15 0.00360352053783 2.23942929239e-103 1.53240940596e-103 3.26675604013e-103
goodness 2.86722558383e-103 1.20383394359e-103 2.23929544658e-103 0.00153132674682 1.81122718966e-100
got 2.86722568097e-103 1.20150857231e-103 0.00223929544658 1.53132674682e-103 3.26675604013e-103
grace 2.87863113753e-103 6.22108659522e-17 0.00224076376877 0.00306164939163 1.3965921714e-68
grave 2.92738717617e-103 0.00120117351261 2.25641123294e-103 1.56112176001e-103 3.26675671299e-103
green 0.00286722558383 1.20117351261e-103 2.23929544658e-103 1.53132674682e-103 3.26675604013e-103
grief 2.86722558383e-103 1.20124664194e-103 2.23929544658e-103 0.00153132674682 8.73453439708e-60
griefs 2.88106971773e-103 1.54187594837e-12 2.25711161656e-103 0.00153132674485 3.26675604013e-103
groan 2.86722558383e-103 1.20336526093e-103 2.23930907879e-103 0.00153132674682 3.26740357217e-103
gross 2.86722558383e-103 1.20143315353e-103 0.00223929544658 1.53279729734e-103 3.39050132778e-103
grow 0.0114689023353 7.73109931487e-20 2.23998595964e-103 1.53132674682e-103 3.26675604013e-103
growth 2.86886155862e-103 1.02281674845e-100 0.00223929544658 1.53155274024e-103 3.26795930768e-103
had 0.00286722558383 1.23662053141e-103 2.24178929091e-103 0.00459398024045 3.16967567977e-63
hand 0.00286722558383 1.20117351261e-103 2.23929544658e-103 1.53132674682e-103 3.26675604013e-103
happy 2.86817796303e-103 0.00137277923945 5.21986626984e-60 0.00284388040494 7.81761288068e-81
hardest 2.86722718891e-103 1.20673410859e-103 0.00223929544658 1.53132674682e-103 3.26675604013e-103
hast 2.86890322486e-103 1.39821218094e-76 2.24835055208e-103 0.00459398024045 3.26969450598e-103
hate 0.00286722838291 1.21931264675e-103 2.47707451313e-103 0.00301030776519 0.00337842119672
hath 2.59784992092e-39 0.00240234702522 2.24650398036e-103 1.53269088799e-103 3.26675613709e-103
have 2.15105283371e-41 0.00697887181892 2.65459808665e-14 0.0138603415046 0.00372004241656
he 2.93561236894e-103 0.00253169386238 3.45512242714e-24 0.0119518648007 0.00355229664902
head 2.86722558383e-103 3.16346447669e-94 2.23929544658e-103 0.00153132674682 1.81180008444e-88
hear 2.92985857831e-103 0.00119969493792 0.00224205188895 1.58209321655e-103 1.28171963663e-77
hearsay 2.1503828096e-25 0.00120117351261 2.23975249092e-103 1.53132674682e-103 3.26675604013e-103
heart 0.00961862086855 0.00398359094841 0.00297581157352 4.07175248098e-18 3.31431744865e-103
hearts 3.03408443064e-103 0.00360352053783 1.92160993612e-70 9.65041535011e-25 3.28189828203e-103
heats 2.86722558383e-103 1.20117351261e-103 0.00223929544658 1.53132782093e-103 3.26721643033e-103
heaven 2.89562899171e-103 0.00210727320614 0.00278938871166 2.15178247774e-19 3.27535315611e-103
heavens 2.86723276591e-103 2.18317934085e-103 0.00223929544658 1.53132674682e-103 3.26675604013e-103
heavy 2.86722558383e-103 1.20119522518e-103 2.23929545102e-103 0.00153132674682 4.5688301744e-103
heed 2.86722558383e-103 1.20117351261e-103 3.58938097748e-78 0.00153132674682 3.26675604013e-103
heir 0.00286722558383 1.20117351261e-103 2.23929544658e-103 1.53132674682e-103 3.26675604013e-103
hell 0.00573446146182 1.20515658827e-103 2.23929926392e-103 0.00153132124892 3.27151205807e-103
help 3.31577065792e-16 0.00120117351261 2.23929600714e-103 1.53132674682e-103 3.26675604013e-103
hence 0.00370674427365 0.000888642605149 2.23994722004e-103 0.00148105052927 0.0032674796623
her 2.92522092514e-103 0.00282228759983 0.0039605515934 4.60247484388e-101 0.00288040242712
here 2.86722558383e-103 1.20251754249e-103 2.23929544658e-103 0.00153132674682 3.29387264859e-103
heres 2.8672255978e-103 1.20222710522e-103 0.00223929544658 1.64618416074e-53 1.69694054798e-86
hers 2.86722558383e-103 1.20117351261e-103 2.25253488357e-103 1.53132674682e-103 0.00326675604013
herself 2.87546215875e-103 4.78873793001e-08 2.24956429121e-103 0.00153126569716 3.26675639996e-103
hide 0.00286722558383 1.20117351261e-103 2.23929544658e-103 1.53132674682e-103 3.26675604013e-103
high 2.86722558383e-103 1.20117351261e-103 2.23970204191e-103 0.00153132674682 3.36307632534e-61
him 2.86722601626e-103 1.35102419723e-82 2.36409255867e-103 0.0149624904327 0.00728181939061
himself 2.86770638372e-103 1.11156536278e-17 0.00223929544658 7.52395501055e-30 3.26685061607e-103
his 7.82352143483e-37 0.00720626987705 2.24745072613e-103 1.09344115801e-54 0.00326885342047
hold 2.86723291824e-103 9.26269271391e-33 0.00447859089317 1.53132674682e-103 3.26675604013e-103
hope 0.0029137681284 0.00118167533567 2.24349962803e-103 1.15081413401e-29 3.27092831674e-103
how 0.00286722558383 3.69134603879e-46 0.00225472448314 0.00152035921187 0.00326764454196
if 2.86722558699e-103 1.20142578047e-103 4.63066124488e-14 0.000337287810125 0.0417482975703
ignorance 0.00286722558383 1.20117351261e-103 2.23929544658e-103 1.53132674682e-103 3.26675604013e-103
ill 0.00312322393122 0.00950214211511 4.05973952368e-50 2.05845815981e-61 3.26780717848e-103
ills 2.86722558383e-103 1.20117351261e-103 0.00223929544658 1.99726836116e-75 6.74686777466e-16
image 2.86722558383e-103 1.20117351261e-103 0.00223929544658 1.5313343141e-103 3.26871094236e-103
images 2.86722558383e-103 1.20122961043e-103 2.23929544658e-103 0.00153132674682 2.85076839062e-61
impeached 2.86722558383e-103 1.20363402339e-103 2.23929544658e-103 0.00153132674682 3.26740443734e-103
import 2.86722558383e-103 1.20117351261e-103 0.00223929544658 1.53132826199e-103 3.26740551399e-103
in 5.26263531285e-82 0.0429092973685 1.59484221784e-24 0.0117896397531 0.0182226701736
incapable 2.86722558383e-103 1.20117351261e-103 3.09368863242e-13 1.53132674682e-103 0.00326675603968
informer 2.86722558383e-103 0.000249217077945 2.25009344988e-103 0.00121361013617 3.26675604013e-103
ink 2.87299211497e-103 3.51516285754e-25 2.24867355653e-103 0.00153132674682 3.26796175359e-103
into 2.93056406662e-103 0.00120117351261 2.25033658298e-103 1.53457236238e-103 3.26675660085e-103
inward 2.93182675019e-103 0.00120117351261 2.23971904319e-103 1.53792386322e-103 3.27344746262e-103
is 4.18806243642e-59 0.0133890958163 0.0220644963863 3.68607026206e-13 1.71661045975e-100
it 0.00327600686492 0.0151711049831 1.91582857189e-10 0.00187923431479 4.26649517705e-73
jacks 2.86722558383e-103 1.22028551069e-103 2.23986218967e-103 0.00153132674682 3.26754275737e-103
joy 2.93004131959e-28 0.00148220810783 0.00395467034147 1.53143469658e-103 3.26689886053e-103
judgment 2.87885403313e-103 3.6596545581e-19 1.07183952931e-51 0.00153132674682 3.27039337333e-103
keep 2.86722558383e-103 1.20117351261e-103 0.00223929544658 1.53829601666e-103 3.83419664799e-103
keeps 2.92834775722e-103 0.00120117351261 2.23929957798e-103 1.53445910556e-103 3.26880361493e-103
keepst 2.91130439597e-44 0.00120117351261 2.24237022281e-103 2.18115846578e-103 3.2667562649e-103
kept 2.86722558383e-103 1.20223264606e-103 2.23929544658e-103 0.00153132674682 3.27046873195e-103
kill 0.00286722558383 1.20117351261e-103 2.23943172142e-103 1.53132674682e-103 0.00653351208027
kind 2.86722971259e-103 9.75199497103e-51 0.00223929544658 1.53132674682e-103 3.26675604013e-103
king 2.86722558383e-103 1.20314790773e-103 0.00223929544658 1.53751896383e-103 3.26707562336e-103
kingdoms 2.86733850903e-103 5.21821096222e-14 2.25496681785e-103 0.00153132674675 3.26687010704e-103
kings 0.00286722558383 1.20117351261e-103 2.23929544658e-103 1.53132674682e-103 3.26675604013e-103
kiss 0.00286722558383 1.20117351261e-103 2.23929544658e-103 1.53132674682e-103 3.26675604013e-103
knife 0.00286723341934 2.8871629458e-30 0.00223928932708 1.53132674682e-103 3.26675604013e-103
know 0.00290074739261 8.58590997103e-07 2.29589440289e-103 0.00610630909003 3.26752361782e-103
knows 2.86762850534e-103 0.00120631419954 0.00222971188792 1.53162856728e-103 3.26913883033e-103
lack 0.00286722558383 1.20117351261e-103 0.00223929544658 1.53132674682e-103 3.26675604013e-103
lacked 2.87658073794e-103 2.30034008772e-32 2.24447416722e-103 0.00306265349363 5.83303314866e-82
large 9.96894213323e-14 0.00120117351257 2.23929611489e-103 1.53132674682e-103 3.26675604013e-103
lascivious 2.86722558383e-103 1.20117351261e-103 2.23975695395e-103 1.53132674682e-103 0.00326675604013
last 1.77344133141e-35 0.00120117351261 2.23952945088e-103 1.56359890142e-103 3.26675688589e-103
laws 0.00286722558383 1.20117351261e-103 2.23929544658e-103 1.53132674682e-103 3.26675604013e-103
leads 2.87122548083e-103 1.20885350666e-103 0.00223929544658 1.53368369136e-103 3.27373599787e-103
learn 2.86722629839e-103 1.50633159578e-87 0.00230349269655 6.74465502955e-67 0.00317310303227
learning 2.87526903318e-103 4.94181825306e-18 2.24806436185e-103 0.00153132674682 3.26775043081e-103
least 2.86722558383e-103 4.20438003689e-25 2.247146418e-103 0.00153132674682 3.26690800989e-103
leave 2.90843286607e-103 0.00176441038132 2.27083702472e-103 0.00387593270377 8.69358814804e-87
leaves 2.86722558383e-103 1.2011941715e-103 0.00223929544658 1.5387078665e-103 3.94045622677e-103
leese 2.86722558383e-103 1.20117351261e-103 2.53596248608e-32 1.53132674682e-103 0.00326675604013
length 2.86722558394e-103 0.00120117351261 2.2536488923e-103 3.21951258492e-102 3.26675604013e-103
lesser 1.28716464309e-39 0.00120117351261 2.23930644547e-103 1.53132674682e-103 3.26675604013e-103
lesson 3.74201779871e-51 0.00120117351261 2.64136780525e-103 1.53132674682e-103 3.26675604013e-103
lest 2.86722558383e-103 1.20117351261e-103 2.06948802457e-48 1.53132674682e-103 0.00653351208027
let 2.87378977235e-103 3.19610428273e-11 0.00286507465674 0.00152243631494 0.00563957102789
lie 2.86722558383e-103 1.20117351562e-103 0.00223929544658 1.22734506408e-101 4.9410647012e-103
lies 0.00286722558383 1.20248884659e-103 2.23929544658e-103 0.00306265349363 3.26928808193e-103
life 0.00292176428601 0.00358067251191 2.2551665524e-103 1.45415457984e-84 3.26776869861e-103
like 2.87608041414e-103 3.67507834489e-45 0.00449847524947 0.00304905571372 3.14645371197e-63
lilies 2.86722558383e-103 1.20117351261e-103 3.15257071326e-15 1.53132674682e-103 0.00326675604013
limbs 2.86745286691e-103 1.21260751886e-103 2.23933189705e-103 0.00153132674682 3.28535948831e-103
line 0.00286722558383 1.20117351261e-103 2.23929544658e-103 1.53132674682e-103 3.26675604013e-103
lines 5.45055566753e-34 0.00120117351261 2.23960964207e-103 1.58167633418e-103 3.26675767176e-103
lips 2.90271909608e-103 9.28244541128e-21 0.00223929544658 1.53308886228e-103 3.26675731197e-103
live 1.46126851744e-48 0.0034385041002 5.64842165661e-103 0.00939833315557 3.33808365241e-103
lived 1.12542871646e-51 0.00240234702522 2.24432272444e-103 1.39097288516e-32 3.2667560404e-103
lives 0.00286722552676 2.66328220598e-11 5.01915106777e-51 0.00459398023698 4.17398607126e-86
lo 2.86722558383e-103 1.20117351261e-103 2.23929544658e-103 1.53132674682e-103 0.00326675604013
long 0.002868428694 1.22622410675e-103 2.24047822893e-103 0.00612466443064 1.1549261908e-69
longer 0.00332772805684 0.00100825413571 3.48881129809e-100 1.53132674682e-103 3.26675604013e-103
look 0.00300161069276 0.00354213974808 0.00280753599196 2.44268466377e-14 0.00245161111742
looks 2.89126562873e-103 0.00120117351261 2.2596197613e-103 1.62446958692e-18 3.26843575406e-103
lose 0.00292817988754 0.00117563778375 2.23933659365e-103 1.54027018644e-103 3.26675604013e-103
loss 2.8672267881e-103 3.9747779905e-09 8.65150823314e-93 0.00153132167953 3.2668619629e-103
losses 2.86722558762e-103 1.20145942026e-103 2.69132883146e-103 0.00153132674682 3.56329871997e-74
lost 2.86722558383e-103 1.20262445849e-103 2.23930990923e-103 0.00153132674682 3.30082279259e-103
loud 2.43936326761e-14 0.0012011735126 2.2392965288e-103 1.53132674682e-103 3.26675604013e-103
love 0.00906433581413 0.0290036988997 0.00836498897356 0.0137160290724 1.8713051265e-22
loved 0.00286722558383 1.20223615476e-103 2.23929544658e-103 0.00153132674682 3.26740443734e-103
lovely 2.31091731103e-15 0.00120117351261 2.23929653036e-103 1.53132674682e-103 3.26675604013e-103
lovers 1.77028963329e-22 0.00120117351261 2.23929566519e-103 1.53132674682e-103 3.26675604013e-103
loves 2.86950418768e-103 1.95596475778e-72 0.0111964772329 1.53149608631e-103 3.91625627361e-58
loving 2.86757389862e-103 0.00120117351261 7.26596996285e-97 1.53132674682e-103 3.26675604013e-103
lovst 2.8768887946e-103 2.76195880302e-28 2.25479301818e-103 0.00306265349363 3.27712532374e-103
made 2.86722558383e-103 1.2052853378e-103 0.00223929544658 1.53132674682e-103 3.26675604013e-103
maintain 0.00286722558383 1.20117351261e-103 2.23929544658e-103 1.53132674682e-103 3.26675604013e-103
make 0.004072244562 0.00127935602473 0.00231162057062 0.00349370996944 0.0071896325826
makes 8.18526920503e-85 0.00360207633789 4.93404295599e-15 1.58656454299e-103 0.00327068373984
maketh 2.86722558383e-103 4.11695135393e-12 2.24974385523e-103 0.00153132674157 3.2667561879e-103
man 2.87896495546e-103 1.33394953796e-29 0.00223929544658 1.53186055266e-103 3.26675604013e-103
many 2.88572311786e-103 0.00120117351261 2.24951601549e-103 2.51167783484e-102 3.26675604013e-103
map 2.88895107777e-103 3.2415154505e-18 2.24902416244e-103 0.00153132674682 3.27383908044e-103
masked 2.93350661272e-103 0.00120117351261 2.23929544658e-103 1.5361472675e-103 3.28052622107e-103
matcheth 2.86722830209e-103 3.99585664212e-83 0.00223929544658 1.53132674682e-103 3.26675604013e-103
matter 0.00286722558383 7.36808104888e-38 2.25286108553e-103 0.00153132674682 3.26720343787e-103
may 3.44751068614e-68 0.00222417563168 0.00896845797366 0.000219432244418 2.34617761071e-68
mayst 1.62829026863e-84 0.00224731390305 2.31580887307e-103 0.00479162559654 4.11006835623e-78
me 0.0496695328216 0.00331501792903 0.0101050024069 0.00948501423091 0.00395412907156
meant 1.70224654707e-15 0.00120117351261 2.23929653036e-103 1.53132674682e-103 3.26675604013e-103
meet 0.00286722558383 1.20117351261e-103 2.23929544658e-103 1.53132674682e-103 3.26675604013e-103
men 0.00574376580913 3.88565618253e-63 0.00244164146204 0.00291930580638 9.5093942326e-85
methinks 2.86722558383e-103 1.70929794705e-15 2.24956134622e-103 0.00153132674681 3.26675604013e-103
might 0.0028672343412 3.26270024811e-58 0.00447858405369 1.53132674682e-103 3.26675604013e-103
mind 0.0086016767515 1.20885285465e-103 2.23929544658e-103 0.00153132674682 3.28595363855e-103
mine 0.00289403301494 0.00678619636864 0.0119601031456 2.90445429581e-19 1.13111366806e-11
miracle 2.88337115582e-103 1.62903666242e-18 0.00223929544658 1.53206000994e-103 3.26675604013e-103
mistress 2.04251363051e-19 0.00120117351261 2.23948266539e-103 1.53132674682e-103 3.26675604013e-103
moan 0.00286722558383 1.20117351261e-103 2.23929544658e-103 1.53132674682e-103 3.26675604013e-103
mock 2.86722558426e-103 1.20127246596e-103 2.24072397959e-103 0.00153132674682 4.22891855194e-57
monument 0.00286722558383 1.20117351261e-103 2.23929544658e-103 1.53132674682e-103 3.26675604013e-103
more 5.76497963117e-24 0.00687718549834 0.0162900035077 8.79871076936e-38 8.10576518511e-58
most 2.88365639176e-103 4.44324021863e-39 0.00890623008449 0.00309749646353 7.82756166918e-62
mourn 2.86722558383e-103 1.20238612782e-103 2.23929544659e-103 0.00153132674682 3.27579265289e-103
mouths 2.92822810814e-103 0.00120117351261 2.23932586801e-103 1.53864749788e-103 3.26675651836e-103
much 2.92131892813e-103 0.00273064076979 0.00162727172175 1.65419323935e-103 3.26678686081e-103
murdrous 2.90686123049e-103 0.00120117351261 1.22453000641e-15 1.53311398039e-103 3.26675604013e-103
muse 2.86722558383e-103 1.75616647155e-38 2.24441672036e-103 0.00306265349363 3.26708019582e-103
must 2.88431283922e-103 0.00445440942946 6.5871300235e-24 0.00504054370815 5.6882024052e-77
my 9.59637905086e-38 0.0480549401753 0.00865625108016 0.0192004826137 0.0117252505064
name 2.9099349114e-103 0.00240234702522 8.20594918835e-60 5.81027244229e-31 3.28107168802e-103
nature 4.31090074645e-41 0.00120117351261 2.23929732473e-103 1.53132674682e-103 3.26675604013e-103
near 0.0086016767515 4.18153813727e-18 2.23930044819e-103 1.53132674682e-103 3.26675604013e-103
need 2.86722558383e-103 1.20223615476e-103 2.23929544658e-103 0.00153132674682 3.26740443734e-103
needs 2.86723277018e-103 2.00681219521e-28 0.00223929544658 1.53132674682e-103 3.26675604013e-103
neer 2.86722559699e-103 1.20393666383e-103 2.23931262563e-103 0.00306265349363 3.27353194985e-103
never 2.86722558383e-103 1.20373347104e-103 3.98909374708e-26 0.00152627509267 0.00327753265702
new 0.00286722845298 2.73980655009e-71 0.00671788409896 1.53188708517e-103 3.2670186167e-103
next 2.8672302221e-103 2.05026887468e-51 0.00223929544658 1.53132674682e-103 3.26675604013e-103
night 0.00287312646773 3.96267655277e-31 2.24528902289e-103 0.00305950195181 1.20205438304e-80
nightly 2.86724396319e-103 1.20780269911e-103 2.23929964019e-103 0.00153132674682 3.27731382327e-103
nights 2.86723850243e-103 1.2043253142e-103 2.23930447066e-103 0.00306265349363 3.89583857496e-69
no 3.1603480096e-16 0.00825308498606 0.0159640277297 1.53245135581e-103 3.52680101072e-07
none 0.00286723157204 6.49742844133e-72 0.00273384175391 0.00301913459847 0.00590488343476
noon 0.00286722558383 1.20117351261e-103 2.23929544658e-103 1.53132674682e-103 3.26675604013e-103
nor 2.87789594517e-103 1.62836158685e-32 0.00671788633975 1.53858938627e-103 3.26675604013e-103
not 0.00311468949723 0.0133702314816 0.0198026366286 0.00909527486226 1.46871468938e-45
nothing 7.82974267719e-65 0.00120119043274 6.64533698368e-98 0.00459395866967 3.50188105067e-67
nought 2.86722558383e-103 1.20117351261e-103 2.52914358725e-103 0.00153132674682 3.38355045741e-70
now 0.0029814328715 0.00477714055787 2.23956676615e-103 0.00303678452429 3.27187589892e-103
odour 2.86722558383e-103 1.20117351261e-103 0.00223929544658 1.53133041455e-103 3.26832862925e-103
of 1.66748177782e-53 0.0330325233525 0.0145549510656 8.29860135906e-23 3.48886660558e-103
off 2.86722558439e-103 1.42033166161e-95 2.24015850484e-103 0.00153132674682 3.2673732366e-103
office 2.86722558383e-103 1.2060610362e-103 2.23929544658e-103 0.00153132674682 3.29402938759e-103
offices 2.86722558383e-103 1.20117351261e-103 2.23952005682e-103 0.00153132674682 1.1508192805e-60
oft 2.86753924011e-103 1.25361775592e-103 2.23996057441e-103 0.00153132674682 3.26892587163e-103
often 2.92808246648e-103 0.00120117351261 2.24037234719e-103 1.54512599659e-103 3.26675604013e-103
old 0.0086016767515 4.53384502105e-29 2.23940425446e-103 1.60222437036e-103 3.54056248222e-103
on 1.92660959024e-35 0.00186086843029 0.00825310861056 0.00576576463336 6.5851790011e-87
once 2.88611966665e-103 0.00120117351261 2.23929926616e-103 1.53132674682e-103 3.26675604013e-103
one 0.0107751622573 0.00509532420215 4.71412154136e-17 1.03027856264e-63 3.43396430733e-103
only 2.86722558383e-103 1.20117351261e-103 2.23967203786e-103 1.53132674682e-103 0.00326675604013
onward 2.86722558383e-103 7.18667805119e-20 2.25614001068e-103 0.00153132674682 3.2671065954e-103
or 1.72394838367e-34 0.0045482973888 2.30791715364e-103 0.0018495319111 0.0163522638387
other 2.86722558383e-103 1.20117351261e-103 0.00223929544658 1.53923041305e-103 7.26158797239e-97
others 2.92406744475e-103 0.00136912946162 2.41300484973e-103 0.0028485333567 1.43290087312e-64
our 2.86723023486e-103 1.20325482128e-103 2.23960170755e-103 0.00153132674682 1.45583168404e-86
out 0.0028907724817 0.00119130895567 2.2481775838e-103 8.06770627813e-98 3.27238155665e-103
outgoing 2.92518447788e-103 0.00120117351261 2.24002934951e-103 2.61524221609e-89 3.2697342924e-103
outright 2.86722720398e-103 2.18725297833e-36 5.44930803806e-78 0.00153132674682 3.30003376192e-103
outward 4.85839287236e-25 0.00240234702522 2.24508420304e-103 1.65169608099e-103 3.26675604013e-103
owe 0.00286722558383 1.20117351261e-103 2.23929544658e-103 1.53132674682e-103 3.26675604013e-103
owes 2.86839510407e-103 2.08765945871e-90 2.24015282361e-103 0.00153132674682 3.26875005655e-103
own 1.92584736754e-23 0.00120143100501 2.23931535408e-103 0.00153099848034 2.64979071447e-58
pain 0.00573445117399 1.20133875006e-103 0.00223929544164 1.53132674682e-103 3.26675604013e-103
painting 2.86722586752e-103 1.20215259873e-103 0.00226816600481 1.53132674682e-103 0.00322463874355
pale 2.86722558383e-103 1.20117351261e-103 0.00223929544658 1.53133045715e-103 3.26834688991e-103
part 0.00573445116767 1.20117351261e-103 2.23929544658e-103 1.53132674682e-103 3.26675604013e-103
pay 0.00286722558383 1.20117351261e-103 2.23929544658e-103 1.53132674682e-103 3.26675604013e-103
pays 2.86722558383e-103 1.20117351261e-103 0.00223929544658 1.54233681203e-103 3.99567436573e-103
pearl 2.8865070111e-103 0.00120117351261 2.24920975688e-103 2.0831015559e-102 3.26694844998e-103
pen 0.00286722558383 1.20117351261e-103 2.23929544658e-103 1.53132674682e-103 3.26675604013e-103
pent 2.90661829942e-103 0.00120117351261 2.24724212449e-103 7.33444963835e-20 3.26675604013e-103
perceivst 2.86817312911e-103 2.49940031089e-15 2.28464500997e-103 0.00153132674681 3.26704411714e-103
perforce 2.86722558383e-103 1.20117351261e-103 1.73933362319e-70 1.53132674682e-103 0.00326675604013
perjured 0.00286722558383 1.20117351261e-103 2.23929544658e-103 1.53132674682e-103 3.26675604013e-103
picture 2.91110282044e-103 0.00120117351261 2.65823819636e-103 6.77324069442e-30 3.26907291149e-103
pine 2.86722559209e-103 1.23214580193e-103 2.24198400478e-103 0.00153132674682 2.52716491887e-97
pity 2.86722558383e-103 1.20117351261e-103 0.00233950050259 1.53140101096e-103 0.00638732972972
plague 2.86869311919e-103 1.19774650159e-99 2.23961698323e-103 0.00306265349363 4.04280319122e-103
play 0.00286722558383 1.20117351261e-103 2.23929544658e-103 1.53132674682e-103 3.26675604013e-103
please 2.86722559018e-103 1.49909027185e-15 2.25124870279e-103 0.00153132674681 3.26677544915e-103
pleasure 0.00288517083575 2.37338401733e-38 0.00222528025325 1.53215566726e-103 3.26968767331e-103
poets 2.92507307138e-103 0.00240234702522 2.24946975312e-103 7.28065662624e-89 3.26848126504e-103
poison 2.86722558383e-103 1.20117351261e-103 2.23929544658e-103 0.00153132674682 1.68450808696e-59
poisoned 2.86722558383e-103 8.27202324726e-89 2.23929544658e-103 0.00153132674682 3.28654129129e-103
poor 2.86722664886e-103 1.20314969248e-103 2.23930444603e-103 0.00153132674682 3.26767747496e-103
praise 0.0132187677419 0.00174802729205 8.73079606482e-34 0.00143092463486 3.26698661686e-103
praises 7.94901180949e-21 0.00120117351261 2.23929585142e-103 1.53132674682e-103 3.26675604013e-103
praising 2.86722558383e-103 1.20117351261e-103 1.44729798839e-52 0.000855168703377 0.00470919370217
pray 2.867234595e-103 1.22134261287e-103 2.27788497837e-103 0.00153132674682 9.57773933125e-73
present 1.95441579276e-17 0.00120117351261 2.23929565007e-103 1.53132674682e-103 3.26675604013e-103
presume 2.86722558383e-103 1.20117351261e-103 7.39579466831e-14 1.53132674682e-103 0.00326675604003
preventst 2.86735846986e-103 1.3041024453e-17 2.28464646279e-103 0.00153132674682 3.26675604013e-103
pricked 2.878143939e-103 1.18868287511e-12 3.71698603621e-90 0.0015313267453 3.26868006364e-103
print 2.86722558625e-103 1.20135518088e-103 0.00223929544658 1.53132674682e-103 3.26675604015e-103
privilege 0.00286722558383 1.20117351261e-103 2.23929544658e-103 1.53132674682e-103 3.26675604013e-103
prize 1.5154470373e-68 0.00120117351261 2.24318108611e-103 2.89495636363e-57 3.26675648833e-103
proceeds 0.00286722558383 1.20117351261e-103 2.23929544658e-103 1.53132674682e-103 3.26675604013e-103
profit 2.86722582061e-103 1.2128122628e-103 7.80040751459e-80 0.00153132674682 2.94567786479e-76
prognosticate 0.00286722558383 1.20117351261e-103 2.23929544658e-103 1.53132674682e-103 3.26675604013e-103
proud 1.38049723793e-69 0.00120117351254 1.38980326331e-13 1.5324311648e-103 3.26675632057e-103
prove 0.0113698747069 0.00124265938834 2.23929748436e-103 1.53132674682e-103 3.26675604013e-103
proved 0.00286722558383 1.20117351261e-103 2.23929544658e-103 1.53132674682e-103 3.26675604013e-103
proves 2.86722558383e-103 1.20223615476e-103 2.23929544658e-103 0.00153132674682 3.26740443734e-103
pure 2.86723561799e-103 1.20433199945e-103 0.00223929544658 1.54102713436e-103 3.27480901071e-103
purpose 1.36222878906e-44 0.00240234702522 2.25395864165e-103 1.98916675316e-30 3.27326774525e-103
put 2.89064389456e-103 2.16519118926e-19 2.25305216629e-103 0.00153132674682 3.27344896391e-103
quiet 0.00286722558383 4.69079426946e-23 2.23929566207e-103 1.53132674682e-103 3.26675604013e-103
raised 2.86722558383e-103 1.86971623445e-28 2.24831117457e-103 0.00153132674682 3.26702866188e-103
ransom 2.0645678952e-42 0.00240234702522 2.24162337005e-103 9.80548339685e-92 3.28746806413e-103
ransoms 2.86722558383e-103 1.20117351261e-103 0.00223929544658 1.53132674683e-103 3.26675604114e-103
rare 0.00573445116767 1.20117351261e-103 2.23929544658e-103 1.53132674682e-103 3.26675604013e-103
read 2.91844379016e-103 0.00152347866058 1.83459859975e-22 0.00112043315938 5.5808810579e-90
rebuked 2.86722771693e-103 7.91480745513e-86 0.00223929544658 1.53132674682e-103 3.26675604013e-103
receiving 2.86722558383e-103 1.20117351261e-103 2.23929544658e-103 1.53132674682e-103 0.00326675604013
reign 0.00286722558383 1.20117351261e-103 2.23929544658e-103 1.53132674682e-103 3.26675604013e-103
remain 0.00286722558383 1.20117351261e-103 2.23929544658e-103 1.53132674682e-103 3.26675604013e-103
remains 0.00286722558383 1.20117351261e-103 2.23929544658e-103 1.53132674682e-103 3.26675604013e-103
remember 9.01155698273e-54 0.00120117351261 1.43280530899e-100 1.53132674682e-103 3.26675604013e-103
remembered 2.8977337272e-103 0.00235502787468 1.88125325347e-21 6.032524036e-05 3.26954705014e-103
remove 2.86722558383e-103 1.20117351261e-103 0.00223929544658 1.53142170736e-103 3.26769954786e-103
removed 0.00286722558383 1.20117351261e-103 2.23929544658e-103 1.53132674682e-103 3.26675604013e-103
replete 2.87680254326e-103 9.75200425332e-16 0.00223929544658 1.53176246438e-103 3.26675611028e-103
report 0.00573445116767 1.20117351261e-103 2.23929544658e-103 1.53132674682e-103 3.26675604013e-103
respect 0.00286722558383 1.20117351261e-103 2.23929544658e-103 1.53132674682e-103 3.26675604013e-103
restored 2.88651086296e-103 0.00120047418499 2.25669061541e-103 8.91544045696e-07 3.26817168191e-103
return 2.86722558383e-103 1.20117351261e-103 0.00223929544658 1.53953982165e-103 3.91210874898e-93
rhyme 0.00286722558383 1.20117351261e-103 2.23929544658e-103 1.53132674682e-103 3.26675604013e-103
rich 2.88654391549e-103 0.00112050140929 2.25655730103e-103 0.000102845549155 3.26817197144e-103
rid 2.92835001369e-103 0.00120117351261 2.24336467675e-103 1.53970515121e-103 3.2667562958e-103
right 2.9066919887e-103 0.00286637324866 2.45972325929e-103 0.000939758784552 3.27281201011e-103
rise 2.93221176295e-103 0.00120117351261 2.23930499453e-103 1.53549226342e-103 3.26675672042e-103
robs 2.92835886716e-103 0.00120117351261 2.23929544658e-103 1.53406538486e-103 3.26675604013e-103
rose 2.90868288791e-103 0.00120117351261 2.25470833541e-103 4.73463719251e-15 3.27455812025e-103
rude 5.49724107552e-28 0.00120117351261 2.23929721979e-103 1.53132674682e-103 3.26675604013e-103
run 2.91348555056e-103 0.00120117351261 2.23929544658e-103 1.53348946487e-103 3.71071244578e-95
sad 0.00286722558383 1.20117351261e-103 2.23929544658e-103 1.53132674682e-103 3.26675604013e-103
same 2.86722558383e-103 1.20241112215e-103 2.23929544658e-103 0.00153132674682 6.79531660258e-84
saucy 2.86722558383e-103 1.20117351261e-103 2.23929544658e-103 0.00153132674682 3.5774143983e-59
save 2.8782094001e-103 2.52806546432e-16 2.25528767051e-103 0.00153040320971 0.00980223828804
saved 2.86722580086e-103 1.21773316267e-103 4.59210954406e-62 0.00153132674682 1.10896503049e-101
say 0.00857370249428 1.08097222873e-05 0.00224099117171 1.53132683722e-103 3.26678755341e-103
saying 4.69943340428e-70 0.00120117351261 2.23929544658e-103 1.53393536296e-103 3.26675757059e-103
says 2.86722558383e-103 1.24647314504e-103 0.002239811097 0.00153097412283 3.2673717193e-103
scope 0.00286722558383 1.20117351261e-103 2.23929544658e-103 1.53132674682e-103 3.26675604013e-103
scorn 2.86722558383e-103 1.20145500414e-103 0.00223929544658 1.53747052639e-103 3.4749693442e-103
scythe 2.90768286508e-103 0.00360352053783 2.24429495278e-103 2.78430382192e-25 3.26805796864e-103
seal 2.92820723017e-103 0.00120117351261 2.26467162708e-103 1.53871187242e-103 3.27131508909e-103
seat 2.86722558383e-103 6.49981245656e-15 2.24956134622e-103 0.00153132674681 3.26675604013e-103
see 0.0028673319669 0.00120441772779 2.24055503459e-103 0.00612111425363 5.54740118157e-79
seeing 2.86927840165e-103 1.49624754378e-53 0.00223929544658 1.53145018663e-103 3.26698112562e-103
seek 2.86998806887e-103 4.21058043095e-74 2.23994110466e-103 0.00153132674682 8.54427425799e-102
seem 0.000165494197903 0.00353771669235 2.23929708649e-103 0.00152683028697 3.28028971865e-103
seemed 2.86722575397e-103 1.21361646726e-103 4.8285679663e-61 0.00153132674682 3.38368326435e-103
seeming 1.08555426716e-11 0.00120117350806 2.23929544658e-103 1.53132674682e-103 3.26675604013e-103
seen 0.00286722558383 1.20117351261e-103 2.23929544658e-103 1.53132674682e-103 3.26675604013e-103
self 6.42813165768e-55 0.0135432500159 4.85887736642e-77 0.00264151484789 5.83480054153e-70
sell 0.00286722558383 1.20117351261e-103 2.23929544658e-103 1.53132674682e-103 3.26675604013e-103
send 2.86722558383e-103 1.20117351261e-103 5.8697225857e-07 1.53132674682e-103 0.00326589974617
shadow 2.92473921356e-103 0.00120117351261 2.74492811197e-103 1.53803598914e-103 3.28336345641e-103
shall 8.81258073405e-57 0.00354331630455 0.00135002970982 0.00976462658527 0.00349758607014
shalt 1.51591752438e-99 0.00120117351261 2.2716411358e-103 4.43085637913e-77 3.27213782698e-103
shame 1.24463690882e-16 0.00120117351261 2.23929544658e-103 1.53132674682e-103 3.26675604013e-103
shamed 2.86722696041e-103 3.10576353145e-85 2.64962545791e-103 0.00153132674682 8.42726092286e-85
she 1.08585886722e-55 0.00323790436512 0.00601675609244 0.00553955235734 2.58030111604e-15
sheds 0.00286722558383 1.20117351261e-103 2.23929544658e-103 1.53132674682e-103 3.26675604013e-103
shine 0.00286722351314 8.67479419493e-10 2.23929548568e-103 1.53132674682e-103 3.26675604013e-103
should 3.34247308535e-36 0.00187961073279 2.25703673791e-103 0.00526039525686 1.30476147869e-81
shouldst 9.8463481334e-15 0.00120117351261 0.00223929544658 1.53989068426e-103 1.49150726728e-96
show 0.00879210326623 0.00297826726607 1.02899704124e-49 0.00528938702029 2.61824707539e-81
shows 0.0031746082096 0.00107591869949 2.23930893754e-103 0.00152684216489 3.26760367899e-103
shun 2.86722558391e-103 1.20117943967e-103 0.00223929544658 1.5406554771e-103 3.83599591969e-103
sick 2.86722558383e-103 4.23174001185e-12 2.24956278863e-103 0.00153132674142 3.26675607061e-103
sight 0.00286722558383 1.20117351261e-103 2.23929544658e-103 1.53132674682e-103 3.26675604013e-103
silent 2.89404647937e-103 0.00120117351261 2.25402648626e-103 1.4293442833e-67 3.26984495777e-103
sin 0.00573445116767 4.60700845706e-82 2.23929590468e-103 1.53132674682e-103 3.26675604013e-103
since 2.8672260206e-103 5.75789896755e-72 4.53192698851e-42 0.00511531509593 0.018488380529
sing 2.86722558383e-103 1.2031434897e-103 2.23929544658e-103 0.00153132674682 3.30601193435e-103
single 2.89416001783e-103 3.12347350738e-07 0.00223338017899 0.00153497366296 6.92080052362e-53
sings 2.86722558383e-103 1.20117351261e-103 2.24126786886e-103 1.53132674682e-103 0.00326675604013
sit 0.00286722558383 1.20117351261e-103 2.23929544658e-103 1.53132674682e-103 3.26675604013e-103
sits 0.00286722558383 1.20117351261e-103 2.23929544658e-103 1.53132674682e-103 3.26675604013e-103
skill 0.00286722558383 1.20117351261e-103 2.23929544658e-103 1.53132674682e-103 3.26675604013e-103
slain 0.00573445116767 1.20117351261e-103 2.23929544658e-103 1.53132674682e-103 3.26675604013e-103
slander 2.88332201601e-103 3.28120024225e-30 1.16087763652e-82 0.00153132674682 3.27731377921e-103
sleep 2.86748614262e-103 8.51005211393e-41 0.00254126771247 0.00132482509548 6.99728238419e-65
slight 2.86722558383e-103 1.20231394833e-103 2.23929544658e-103 0.00153132674682 5.89542787501e-98
slow 0.00573445116767 1.20117351261e-103 2.23929544658e-103 1.53132674682e-103 3.26675604013e-103
smell 2.86722558385e-103 0.00120117351261 2.23930151165e-103 1.53132677279e-103 3.26675613694e-103
so 0.0179067718727 0.00308794895696 0.00512402095413 0.0176630161735 0.0338475474064
soil 2.86722627726e-103 1.25568242486e-103 0.00223929544658 1.53132674682e-103 3.26675604013e-103
some 6.26924679855e-54 0.00120117093434 0.00447859569973 1.53559668688e-103 3.59342731848e-103
sometime 2.86722558383e-103 1.20117351261e-103 0.00223929544658 1.53133324196e-103 3.26942046799e-103
son 0.00573445116767 1.99003388917e-16 2.23941454971e-103 1.53133669787e-103 3.26675768069e-103
song 0.00286722558383 6.90109472838e-68 2.24243740159e-103 0.00153132674682 3.26720532942e-103
sorrows 2.31002103513e-24 0.00240234702522 2.23929687566e-103 1.53132674682e-103 3.26675604013e-103
sort 0.00573445116767 1.20117351261e-103 2.23929544658e-103 1.53132674682e-103 3.26675604013e-103
soul 0.00286722558383 1.20117351261e-103 2.23929544658e-103 1.53132674682e-103 3.26675604013e-103
sourest 2.86722558383e-103 9.80390100263e-71 2.24153327396e-103 0.00153132674682 3.26726256353e-103
sourly 2.92835886716e-103 0.00120117351261 2.23929544658e-103 1.53406538486e-103 3.26675604013e-103
speaking 2.86723277018e-103 7.10604408974e-32 0.00223929544658 1.53132674682e-103 3.26675604013e-103
speechless 2.86722558383e-103 1.20117351261e-103 2.23929686064e-103 0.00153132674682 6.22916123281e-62
spent 0.00573445116767 1.20117351261e-103 2.23929544658e-103 1.53132674682e-103 3.26675604013e-103
spites 2.86722558383e-103 1.21153834106e-103 2.23929544658e-103 0.00153132674682 3.27803403354e-103
stain 2.86722558383e-103 1.2013915735e-103 0.00223929544658 1.53132798133e-103 3.26711603314e-103
staineth 0.00286722558383 1.20117351261e-103 2.23929544658e-103 1.53132674682e-103 3.26675604013e-103
stand 0.00286722558383 1.20117351261e-103 2.23929544658e-103 1.53132674682e-103 3.26675604013e-103
stands 2.86722558383e-103 1.20223615476e-103 2.23929544658e-103 0.00153132674682 3.26740443734e-103
state 2.91743249916e-103 0.00120117351261 2.70038684652e-56 1.53358342342e-103 3.26675640303e-103
still 0.0106030729149 0.00715662082484 2.39817885614e-103 0.00205802729927 2.90009097053e-64
stoln 0.00283789212271 1.22887353995e-05 2.23929962855e-103 1.53132674682e-103 3.26675604013e-103
store 0.00286722558383 1.20117351261e-103 2.23929544658e-103 1.53132674682e-103 3.26675604013e-103
stores 2.86722593632e-103 1.67457849039e-90 6.43594729244e-96 0.00153132674682 3.26756496872e-103
straight 8.98284667763e-33 0.00120121058766 0.00223922632919 1.53139784764e-103 3.26746497213e-103
strains 2.86723039839e-103 3.50846636147e-46 0.00223929544658 1.53132674682e-103 3.26675604013e-103
strength 2.88966907967e-103 0.00120117351212 2.2809168991e-103 6.18939885742e-13 3.26675624532e-103
strive 2.87939394363e-103 5.73289031837e-38 0.00223929544658 1.531879999e-103 3.2667564773e-103
strong 0.00286722558383 1.20117351261e-103 2.23929544658e-103 1.53132674682e-103 3.26675604013e-103
stronger 0.00286722558383 1.20117351261e-103 2.23929544658e-103 1.53132674682e-103 3.26675604013e-103
strongly 2.87167478533e-103 7.32388092738e-29 2.24875409196e-103 0.00153132674682 3.26738338205e-103
style 2.9293639719e-103 0.00120117351261 2.51847016394e-103 1.59421530638e-103 3.26675604013e-103
subjects 2.86722562664e-103 1.20140220951e-103 2.23929632719e-103 0.00153132674682 3.10114083116e-60
suborned 2.86722558383e-103 6.09271031897e-21 2.24856402506e-103 0.00153132674682 3.28902268529e-103
substance 1.49849845567e-49 0.00120117351261 2.24013792891e-103 1.53423838794e-103 3.2667560402e-103
such 3.54674180145e-46 0.00678535601698 0.00302270814711 5.79286950653e-65 3.96274566914e-06
summer 2.86757396048e-103 0.00120117351261 3.7244153259e-90 1.53132674682e-103 3.26675604013e-103
summers 2.86722558383e-103 1.20117351261e-103 0.00223929544658 1.53989068443e-103 3.99347253369e-103
sun 2.86757406345e-103 0.00120046514397 0.00224061602739 1.54322005954e-103 3.2703912521e-103
suns 2.86722558383e-103 1.20117351261e-103 1.27465816294e-15 1.53132674682e-103 0.00326675604013
sure 2.86722558383e-103 1.20117351261e-103 1.25290449601e-92 1.53132674682e-103 0.00326675604013
surfeit 2.90709990666e-103 1.25410870143e-103 2.23929555008e-103 0.00153132674682 2.15872043512e-80
suspect 2.86723030009e-103 2.14100144398e-43 0.00223929544658 1.53132674682e-103 3.26675604013e-103
swear 2.86722564116e-103 1.20160277113e-103 2.23935541776e-103 0.00306265349363 6.75076648196e-64
sweet 0.00573444682374 3.90861682024e-09 0.00895717789227 2.19088102658e-51 7.16440595784e-35
sweetest 2.86722558383e-103 1.20117355159e-103 2.23940752582e-103 0.00153132674682 6.81557059772e-61
sworn 2.86722599354e-103 9.66370767321e-35 2.25919056617e-103 0.00306265349363 3.28682290317e-103
take 0.00286722558383 1.20117351261e-103 2.23929544658e-103 1.53132674682e-103 0.00326675604013
takes 2.92419087452e-103 9.0062478732e-09 2.24840493402e-103 0.00306264201194 3.28375339087e-103
teach 2.86722558383e-103 0.00120117351261 2.2484649589e-103 6.97798741077e-21 3.26675604013e-103
teachest 2.86815811652e-103 1.20972296018e-103 2.28628785252e-103 0.00153132674682 4.10237610163e-103
tears 2.86961333221e-103 5.86918243318e-12 6.72315472227e-33 0.00459398023296 3.49395642399e-103
telling 2.94453908895e-103 0.00120117351261 2.23931234349e-103 1.55011132682e-103 3.30910406806e-103
tempting 2.89370413806e-103 0.00120116001589 2.26133614848e-103 1.72064154343e-08 3.26956043579e-103
ten 2.86722558401e-103 1.20224094126e-103 2.23929544867e-103 0.00153132674682 3.27632608992e-103
th 2.86722558383e-103 1.20223615476e-103 2.23929544658e-103 0.00153132674682 3.26740443736e-103
than 2.87813591661e-103 0.00480448751696 4.54698924772e-15 1.53196415804e-103 0.00326731773625
thank 2.86722558383e-103 1.20120956716e-103 2.23929544658e-103 0.00153132674682 6.4992300303e-59
that 1.694256821e-74 0.0228406967074 0.0257205105185 0.0158530722371 0.0429453965432
the 3.29141824105e-63 0.00846072227693 0.04183875029 0.012667741444 1.57070548197e-16
thee 0.0448727581378 0.0145455968645 9.99540553251e-45 0.0202751873941 3.50857110808e-82
their 4.33469036505e-69 0.00929043186595 0.00229126405832 2.09842793158e-36 0.00405838776962
theirs 2.86722558383e-103 1.20117351261e-103 2.35746820202e-103 1.53132674682e-103 0.00326675604013
them 2.73647123347e-59 0.00119887244178 0.00672217612584 2.05112044679e-97 3.90152106896e-103
then 0.00286732205046 2.20843543967e-49 0.0098975227991 0.00342929942139 0.037047002758
thence 2.86722622072e-103 1.63066006836e-85 0.00252288533108 0.00286872250702 1.17584632516e-48
there 1.68973550655e-15 0.00120117351261 2.92517796686e-103 0.0010304751998 0.00433521502174
thereby 0.00286722558383 1.20117351261e-103 2.23929544658e-103 1.53132674682e-103 3.26675604013e-103
therefore 2.86722558383e-103 1.20117351261e-103 1.04304869885e-10 1.53132674682e-103 0.0065335119281
theres 0.00286722558383 2.59921065402e-76 2.23929544658e-103 1.53132674682e-103 3.26675604013e-103
these 2.90552472438e-103 0.00822168199157 2.24705822138e-103 0.000234682099713 0.00327341325805
they 2.87432438464e-103 0.00210891545159 0.00151773586027 0.012854759007 0.00382860430419
thief 2.86755682005e-103 1.84820150019e-29 0.00223929544658 1.53132674759e-103 3.26675604013e-103
thievish 2.86722558383e-103 1.04126987459e-50 2.24387918e-103 0.00153132674682 3.2671147508e-103
thine 2.89360287403e-103 0.00269240998925 0.010522247869 1.63438497912e-36 0.00346147747095
thing 2.86722558383e-103 2.46729331403e-81 2.24092979367e-103 0.00153132674682 3.26730079305e-103
things 2.91858295557e-103 0.000351227518489 2.50042118591e-103 0.00414621471146 4.74868799396e-97
think 3.88018489406e-94 0.00257653228774 0.00191512305112 1.53340374482e-103 0.00326594842994
thinks 2.87682375835e-103 0.00120117351261 2.25161122743e-103 1.34861983608e-28 3.26675654222e-103
this 0.0030935538877 0.0155694428548 0.0218779101132 0.0106472164694 0.020372375356
those 2.86722558383e-103 2.48990338455e-71 3.53330575651e-52 1.49976950331e-93 0.00653351208027
thou 2.90187335666e-103 0.0124950453956 5.40807332601e-10 0.0492687586922 0.0111844951381
though 2.87111408652e-103 6.92868287584e-54 0.00447807753198 0.00153125677143 0.00326765422533
thought 6.05078683829e-41 0.00124151007571 0.00216409774939 1.4983947729e-16 1.73324789559e-102
thoughts 2.86722558383e-103 1.20117351261e-103 0.00223929544658 1.53132674682e-103 3.26675604013e-103
three 2.86722558383e-103 1.20117351261e-103 2.23929544658e-103 0.00153132674682 1.00732748046e-59
threw 0.00286722558383 1.20117351261e-103 2.23929544658e-103 1.53132674682e-103 3.26675604013e-103
thrice 2.86722652363e-103 1.2762725563e-103 0.00447859089317 1.53132674682e-103 3.26675604013e-103
thrive 2.86764013102e-103 5.57041402146e-14 2.31466673547e-103 0.00153132674674 3.27458999677e-103
thus 2.86722558392e-103 1.2018237427e-103 1.90527097593e-62 0.00523145301921 0.00844035714464
thy 7.24610838664e-33 0.0320854585696 0.0263264592204 0.00914618107897 0.00509268235801
till 2.93457219746e-103 2.50433191542e-22 2.50333964749e-81 0.00431784380751 0.00712258972948
time 0.0114881890049 5.20993958872e-09 6.65914129716e-68 0.00305234623457 3.42846073021e-103
times 2.87413185935e-103 1.74188929397e-10 9.27905817219e-76 0.00459398001838 3.2750571526e-103
tired 2.86722558383e-103 1.20117351261e-103 2.27001727346e-103 1.53132674682e-103 0.00326675604013
tis 2.86722558383e-103 7.72837528026e-36 2.30854907779e-103 0.00306230224612 0.0032675053511
to 3.78228647503e-50 0.0191542749065 0.0379343168102 0.0194450182578 0.0470911260127
told 0.00286722558518 1.20127469124e-103 0.00223929544553 1.53970812314e-103 3.79547208176e-103
tombed 2.92757088834e-103 0.00120117351261 2.25878180503e-103 5.95156855342e-58 3.26675640065e-103
tombs 2.89101898268e-103 7.56983947059e-14 0.00223929544644 1.53240665281e-103 3.26746395464e-103
tongue 0.00286722558383 1.20223590984e-103 2.24010216878e-103 0.00153132674682 3.26742146007e-103
tongues 2.86723423681e-103 2.91016112441e-51 0.00223929544658 1.53132674682e-103 3.26675604013e-103
too 7.91699454019e-26 0.00240234702522 2.23929696179e-103 1.53132674682e-103 3.26675604013e-103
toward 2.91228749755e-103 0.00120117351261 7.31761560618e-31 1.54117426324e-103 3.29400469201e-103
towards 2.86722558383e-103 1.20117351261e-103 2.33631177495e-103 1.53132674682e-103 0.00326675604013
transferred 0.00286722558383 1.20117351261e-103 2.23929544658e-103 1.53132674682e-103 3.26675604013e-103
treasure 0.00286722558383 1.20117351261e-103 2.23929544658e-103 1.53132674682e-103 3.26675604013e-103
trespass 8.05889392607e-86 0.00120117351261 7.26707629746e-57 1.55375832684e-103 3.27707878287e-103
triumph 2.86724625858e-103 1.20575721206e-103 2.23931315186e-103 0.00153132674682 3.27493334516e-103
true 0.00295933276448 0.00410623432519 4.50481880281e-31 0.00390389852494 1.04384464052e-76
truth 0.00287079578796 1.4813602962e-101 2.24858486856e-103 0.00306074672037 1.45429233265e-71
truths 2.86722558383e-103 1.20206359232e-103 0.00223929544658 1.53132891137e-103 3.2678698546e-103
turn 2.86722558383e-103 8.31413143831e-45 2.31043916943e-103 0.00306265349363 3.27726072066e-103
twain 0.00286722558383 1.20117351261e-103 2.23929544658e-103 1.53132674682e-103 3.26675604013e-103
twice 2.87737331208e-103 2.16519216537e-21 2.24686440606e-103 0.00153132674682 3.26755733136e-103
tyrants 2.86722558383e-103 1.20117351261e-103 0.00223929544658 1.53804782745e-103 3.81072752548e-103
unbred 0.00286722558383 1.20117351261e-103 2.23929544658e-103 1.53132674682e-103 3.26675604013e-103
universe 0.00286722558383 4.81663512862e-31 2.23929544658e-103 1.53132674682e-103 3.26675604013e-103
unkind 2.86747315878e-103 9.16175514763e-103 0.00223929544658 1.53133878666e-103 3.26683416754e-103
unless 2.86722797928e-103 1.20682958205e-74 0.00671788633975 1.53500596703e-103 7.68724472506e-29
unlooked 2.86722558383e-103 1.20117351261e-103 2.6319643405e-13 1.53132674682e-103 0.00326675603975
unthrifts 2.86723083626e-103 6.67364615812e-26 0.00223929544658 2.76066806738e-100 3.26675604013e-103
untrue 0.00286722558383 1.20117351261e-103 2.23929544658e-103 1.53132674682e-103 3.26675604013e-103
unused 2.86722594285e-103 1.22932108828e-103 3.6140599966e-97 0.00153132674682 3.99528089321e-62
unworthiness 2.86722558383e-103 1.2031875474e-103 2.23929544658e-103 0.00153132674682 1.35084455717e-100
up 2.86723277018e-103 9.80131387331e-30 0.00223929544658 1.53132674682e-103 3.26675604013e-103
upon 6.12031097081e-26 0.00120117351261 2.96851067305e-103 1.53173120162e-103 3.26675653162e-103
use 2.86723276962e-103 5.89494013246e-33 0.00223929544658 1.53132674682e-103 3.26675604013e-103
used 0.00292828586915 0.00117146620497 2.23929544659e-103 0.00153658831854 1.23210388957e-59
verse 2.92241968287e-103 0.00480469405044 2.24173701593e-103 2.64690977739e-73 3.2667561474e-103
view 2.86722558383e-103 2.55402392982e-15 2.24956134622e-103 0.00153132674681 3.26675604013e-103
virtue 2.92117194742e-103 0.00163502583327 0.00366977891393 1.53374957114e-103 3.26703076661e-103
vow 3.64355337443e-32 0.00240234472176 1.50682381724e-40 2.93657933311e-09 3.2678962463e-103
wait 2.86722558383e-103 1.20542963269e-103 2.23929544658e-103 0.00153132674682 2.36722102482e-81
waiting 2.86722576843e-103 1.77573522986e-59 2.25794461716e-103 0.00153132674682 3.26750617004e-103
wake 1.51776371132e-23 0.00120117351261 2.23929618941e-103 1.53132674682e-103 3.26675604013e-103
waking 2.86722775801e-103 1.43115496553e-103 0.00223929544658 1.53132674682e-103 3.26675604013e-103
want 2.86722558627e-103 1.20208099218e-103 0.00447859089317 1.5315826091e-103 3.26706995767e-103
war 2.86811149812e-103 1.22975904408e-103 2.23960746091e-103 0.00153132674682 4.61845721955e-100
warm 2.86722558383e-103 1.20335450985e-103 2.24208141863e-103 0.00153132674682 3.26757400274e-103
was 2.90273606424e-103 0.00255068090114 0.00420205851094 1.35904150321e-34 3.26742905073e-103
wastes 0.00286722558383 3.84746744663e-100 2.23929546412e-103 1.53132674682e-103 3.26675604013e-103
watch 2.86722558383e-103 1.20223617801e-103 2.23929544658e-103 0.00153132674682 3.26740459435e-103
water 2.86722558383e-103 1.20117351261e-103 0.00447859089317 1.53132674682e-103 3.26675604013e-103
we 2.86829657762e-103 3.9256621299e-45 2.72075437566e-103 0.00459398024045 3.28479276374e-103
wealth 8.72103644228e-50 0.00240234702522 2.24553546389e-103 5.814406423e-40 3.26675644408e-103
weeds 0.00286722558383 1.20117351261e-103 2.23929544658e-103 1.53132674682e-103 3.26675604013e-103
weep 2.8672256189e-103 1.20386500656e-103 1.22612734674e-23 0.00153132674682 7.40377510464e-59
welcome 2.86722558383e-103 1.20117351261e-103 0.00447859089317 1.53182323177e-103 3.2687829005e-103
well 0.0106078439486 0.000994645600203 0.00553609615957 2.54056249326e-34 3.27371949343e-103
went 2.87525739995e-103 2.09840537925e-09 2.24959145581e-103 0.00153132407164 3.26675604013e-103
were 2.86722558383e-103 1.20118609898e-103 0.00895718178634 1.54682931539e-103 6.05403759322e-24
what 2.91629815034e-103 0.00229505502297 0.00219513927076 0.00782361179468 2.05746694139e-83
whats 2.86722558391e-103 1.20125452258e-103 0.00223929544658 3.85333308629e-98 3.71708307722e-85
when 2.88285736566e-103 6.46951013541e-42 0.00917767069307 0.00612782885125 0.00947323197532
where 2.86722558383e-103 1.8585505304e-73 1.30337053623e-44 0.00152995865455 0.0163366987311
which 2.91547880231e-103 0.0180004905552 7.78771801613e-38 2.54037296114e-24 0.00984680691466
while 2.86736154204e-103 5.05570658269e-62 0.00223929544658 4.449454033e-72 3.26704536799e-103
whilst 2.86722558383e-103 4.90783863835e-80 2.24083120244e-103 0.00153132674682 3.26731080146e-103
whit 0.00286722558383 2.99945679305e-22 2.23930138855e-103 1.53132674682e-103 3.26675604013e-103
who 2.86722558383e-103 2.51732736438e-34 2.24457083642e-103 0.00306249678334 0.00326709034782
whole 2.8672425836e-103 1.20644125229e-103 0.00223929544658 1.5313535046e-103 3.26755697513e-103
whom 2.89540085387e-103 1.26952008277e-27 2.24162235872e-103 0.00306265349363 3.27904202892e-103
whose 2.89490530204e-103 0.00240234595677 2.24858949085e-103 1.36212661871e-09 0.00326675604013
why 2.86722558383e-103 1.20117449425e-103 0.00447859082385 4.74045391487e-11 6.68451737981e-64
wide 0.00388123464411 0.000776372327932 2.23930088215e-103 1.53132674682e-103 3.26675604013e-103
wilful 2.86722786435e-103 0.00120117351261 2.23929932187e-103 1.53132674682e-103 3.26675604013e-103
will 0.0136284473044 0.00148007820022 4.57217571088e-86 0.00184534152844 0.00917815723932
willed 2.92441216761e-103 0.00120117351261 2.23929679239e-103 1.57834621603e-103 8.19627775589e-98
wilt 6.63238613151e-98 0.00373056252062 2.24839666025e-103 0.00136936614398 3.27633071462e-103
winter 1.50618425907e-60 0.00360352053783 2.24010293621e-103 1.09298590981e-82 3.26846925542e-103
winters 3.97192479749e-67 0.00120117351261 2.16880902567e-96 1.53132674682e-103 3.26675604013e-103
wise 2.86722558383e-103 1.20349412821e-103 3.41965073017e-69 0.00153132674682 3.26745934659e-103
wish 2.86931429731e-103 2.02108793989e-28 0.00224784575945 0.00152547967433 1.8123543971e-56
wished 2.8767965424e-103 1.04368966961e-39 0.00223929544658 1.53176219315e-103 3.26675645026e-103
wit 0.00286722558383 1.20117351261e-103 2.23929544658e-103 1.53132674682e-103 3.26675604013e-103
with 1.59954257946e-59 0.0121210861427 0.00491970845484 0.0164035318957 5.17613763683e-95
witness 2.86722558383e-103 1.20117401336e-103 0.00223929544658 1.53538578008e-103 3.3187644843e-103
wits 2.87816892799e-103 0.00120117351261 3.58678468534e-46 2.52101165772e-25 3.26711992855e-103
woe 0.00872100317082 0.00115118381698 7.51039150959e-21 1.53312037607e-103 3.26713064288e-103
womens 2.19496006311e-08 0.00120116431721 2.23929725062e-103 1.53132674682e-103 3.26675604013e-103
wonder 2.86722558383e-103 1.20231745434e-103 0.00223929544658 1.53132899107e-103 3.26778032488e-103
words 2.29054436796e-19 0.00120117351261 2.23930572998e-103 1.53132674682e-103 3.26675604013e-103
world 2.86723517746e-103 2.45466797997e-100 0.00448545392166 0.00458928700575 3.26941353476e-103
worlds 2.87181123546e-103 7.98576355294e-10 0.00223929395783 1.5315355379e-103 3.26675604013e-103
worms 2.90690836182e-103 1.22070927269e-27 0.00223929544658 1.53890556884e-103 3.26675908273e-103
worse 0.00286722856758 6.68777557057e-29 2.24601688781e-103 0.00306265190007 3.26697920435e-103
worst 3.25359087353e-33 0.00127643388125 0.0020989908203 1.53132674682e-103 3.26675604013e-103
worth 0.00286722973935 1.16634180668e-15 0.00447858764772 3.26731932694e-20 3.26675604013e-103
worthiness 2.92835883295e-103 0.00120117351261 2.24029102097e-103 1.53539028465e-103 3.26675604013e-103
worthy 2.86722559905e-103 1.20253573372e-103 0.00223929544658 1.53132674682e-103 3.26675604013e-103
would 2.27513739561e-35 0.00240355644782 0.00223704077273 1.9264681677e-102 4.46832549339e-103
wretchcd 2.86756564707e-103 0.00120117351261 2.24059277527e-103 1.53132674682e-103 3.26675604013e-103
wretched 2.86722558383e-103 1.20117351261e-103 2.24329745905e-103 1.53132674682e-103 0.00326675604013
writ 0.00286722558383 1.20117351261e-103 0.00223929544658 1.53989068443e-103 3.9934725337e-103
wrong 0.00573445116767 1.20117351261e-103 2.23929544658e-103 1.53132674682e-103 3.26675604013e-103
ye 0.00286722558383 1.20117351261e-103 2.23929544658e-103 1.53132674682e-103 3.26675604013e-103
yet 2.90405690302e-103 9.47739357014e-33 0.00470611502654 0.00567775843549 0.0267568773289
yore 0.00286722558383 1.20117351261e-103 2.23929544658e-103 1.53132674682e-103 3.26675604013e-103
you 0.0141564833437 0.00645045118803 5.59107884618e-15 0.0139886984017 0.0246885461464
young 0.00286722558383 1.20117351261e-103 2.23929544658e-103 1.53132674682e-103 3.26675604013e-103
your 3.1813556393e-64 0.0170136497531 0.00855563971195 3.27935660577e-30 0.00331617010528
yours 2.87927341032e-103 3.53844396043e-38 0.00671788633975 1.53256877331e-103 3.27031139464e-103
youth 0.00286722558383 1.20117351261e-103 2.23929544658e-103 1.53132674682e-103 3.26675604013e-103
