 0 1 2 3 4
abide 2.08772836288e-103 1.48374159105e-103 1.83414074566e-103 0.00281951234368 3.00162400493e-103
able 2.08772869343e-103 1.48374159105e-103 0.00183414074566 2.81951234368e-103 3.00302104597e-103
absence 0.00208772836288 1.48374159105e-103 1.83414074566e-103 2.81951242249e-103 3.00162400493e-103
abundance 0.00208772836288 1.48374159105e-103 1.83414074566e-103 2.81951234368e-103 3.00162400493e-103
abuse 7.85045627496e-23 1.48374159105e-103 1.83414074566e-103 0.00563902468736 3.00162400493e-103
accents 2.08772836288e-103 0.00148374159105 8.3598809985e-33 2.81951234368e-103 3.00162400495e-103
accident 2.08772836288e-103 1.48374159105e-103 1.83414074566e-103 0.00281951234368 3.00162400493e-103
accidents 2.08772836288e-103 1.48374159105e-103 1.83414074566e-103 0.00281951234368 3.00162400493e-103
accuse 0.00208772836288 1.48374159105e-103 1.83414074566e-103 2.81951234368e-103 3.00162400493e-103
acquainted 2.08772836288e-103 1.48374159105e-103 1.83414074566e-103 0.00281951234368 3.00162400493e-103
added 2.75034552555e-78 0.00148374159105 1.83414074566e-103 2.81951234368e-103 3.00162400493e-103
adjunct 0.00208772836288 1.48374159105e-103 1.83414074566e-103 2.81951234895e-103 3.00162400493e-103
admire 2.08772836288e-103 1.48374159105e-103 1.83414074566e-103 0.00281951234368 3.00162400493e-103
adonis 9.71107612025e-75 0.00148374159105 1.83414074566e-103 2.81951234368e-103 3.00164454195e-103
adore 0.00208772836288 1.48374159105e-103 3.25615076442e-73 2.81951234368e-103 3.00162400526e-103
adulterate 0.00208772836288 1.48374159105e-103 1.83414074566e-103 2.81951234368e-103 3.00162400493e-103
affords 2.08772836288e-103 1.48374159105e-103 1.83414074566e-103 0.00281951234368 3.00162400493e-103
afresh 2.08772836288e-103 6.87887141578e-41 0.00183414074566 2.81951234368e-103 3.00162409895e-103
after 1.06346932522e-20 0.00148374159105 1.10884801649e-29 2.81951234368e-103 3.00165692352e-103
again 2.08778890709e-103 0.0017410462187 0.00151607127556 2.81951234368e-103 3.00163837019e-103
against 2.08772836288e-103 1.48374159105e-103 1.83414074566e-103 2.81951234368e-103 0.00300162400493
age 1.76837067471e-77 0.00148374159105 1.83414074566e-103 2.81951234368e-103 3.0028022213e-103
ages 2.0877288271e-103 1.48374159105e-103 0.00183414074566 2.81951234368e-103 6.32327750707e-103
ah 2.08772836288e-103 1.48374159105e-103 1.83414074566e-103 2.81951234368e-103 0.00300162400493
alive 2.08772836288e-103 1.48374159105e-103 1.83414074566e-103 0.00281951234368 3.00162400493e-103
all 0.00818481817815 0.00775607736187 0.0051797169514 2.81951234368e-103 0.00308604169208
almost 3.78448831772e-21 1.48374159105e-103 0.00183414074566 2.81951234368e-103 3.00169317419e-103
alone 2.08772836288e-103 1.48374159105e-103 1.83414074566e-103 0.00563902468736 3.00162400493e-103
alter 2.08772836308e-103 0.00148374159105 7.78918264451e-32 2.81951234368e-103 3.00162400493e-103
although 6.49130497415e-37 0.00296748318209 8.20310706854e-34 2.81951234368e-103 3.00162400497e-103
am 2.60757158875e-15 1.48374159105e-103 1.83414074566e-103 0.00563902468736 3.00162400493e-103
amiss 2.08772836288e-103 1.48374159105e-103 1.83414074566e-103 0.00281951234368 3.00162400493e-103
an 0.00606294006708 1.36654356251e-08 2.07302859985e-33 2.81951234368e-103 0.00328949792491
and 0.0255907711685 1.27672077924e-06 0.0361834639747 9.48331769908e-66 0.0900897875979
anew 2.08772836288e-103 1.48374159105e-103 1.83414074566e-103 0.00281951234368 3.00162400493e-103
anon 2.08772836288e-103 1.48374159105e-103 1.83414074566e-103 0.00281951234368 0.00300162400493
another 2.08772950367e-103 1.48374159105e-103 1.83414074566e-103 0.00563902468736 0.00300162400493
answer 2.08772836288e-103 0.00148374159105 1.83414074566e-103 2.81951234368e-103 1.90684912682e-57
antique 0.00208772836351 2.4523950544e-47 0.0018341407451 2.81951234368e-103 3.00162400651e-103
any 8.15039845706e-33 0.00148374159105 1.74362907514e-31 2.81951234368e-103 3.001624005e-103
appear 2.08772836288e-103 1.48374159105e-103 1.83414074566e-103 0.00281951234368 3.00162400493e-103
approve 2.08772836288e-103 1.48374159105e-103 1.83414074566e-103 0.00563902468736 3.00162400493e-103
april 2.73706580212e-80 0.00148374159105 1.83414074566e-103 2.81951234368e-103 3.00162406463e-103
aprils 7.24179722051e-74 0.00148374159105 1.83414074566e-103 2.81951234368e-103 3.00162400493e-103
are 0.00134072497145 0.0132522386059 0.00192318370711 0.00946856840867 0.00305984048525
argument 2.08772836288e-103 1.48374159105e-103 1.83414074566e-103 0.00281951234368 3.00162400493e-103
art 5.88514656717e-33 0.00849447291319 0.000504324048425 2.81951234368e-103 2.91171683329e-95
as 0.014492668562 3.04386859571e-09 0.0147663021942 1.66718020182e-06 0.0180300629522
asked 2.08772836288e-103 0.00148374159105 1.16517048218e-35 2.81951234368e-103 3.00162429006e-103
assured 2.08772836288e-103 1.48374159105e-103 1.83414074566e-103 0.00281951234368 3.00162400493e-103
at 0.00208991316351 0.00148218897047 0.00183414060975 2.81951234368e-103 1.94238675056e-53
attainted 2.08772836288e-103 1.48374159105e-103 1.83414074566e-103 0.00281951234368 3.00162400493e-103
aught 2.08772843339e-103 1.48374159105e-103 0.00183414074566 2.81951234368e-103 3.00192144155e-103
autumn 0.00208772836288 1.48374159105e-103 1.83414074566e-103 2.81951234368e-103 3.00162400493e-103
away 2.08772836288e-103 1.48374159105e-103 1.83414074566e-103 0.00281951234368 3.00162400493e-103
backward 0.00208772836288 1.48374159105e-103 1.83414074566e-103 2.81951234368e-103 3.00162400493e-103
bad 2.08772836288e-103 1.48374159105e-103 0.00183414074566 2.81951234368e-103 3.00162400656e-103
bait 2.08772836288e-103 1.48374159105e-103 1.83414074566e-103 0.00281951234368 3.00162400493e-103
bark 2.08772836288e-103 1.48374159105e-103 0.00183414074566 0.00281951234368 3.00162400656e-103
barren 2.08772836288e-103 1.48374159105e-103 0.00183414074566 2.81951234368e-103 3.00162400664e-103
basest 0.00208772836288 4.35237707132e-25 1.05897923923e-51 2.81951234368e-103 3.00162400493e-103
bath 0.00208772836288 1.48374159105e-103 5.11447667293e-79 2.81951234368e-103 3.00166877918e-103
be 0.0159016388805 0.00769853598941 0.00402536204216 5.3167663898e-30 2.94822568619e-86
bear 0.00208772836288 1.07508652567e-34 8.86605953565e-59 2.81951234368e-103 3.00166500844e-103
bearing 2.08772836288e-103 1.48374159105e-103 1.83414074566e-103 2.81951234368e-103 0.00300162400493
bears 2.08772836288e-103 0.00148374159105 1.72022919839e-51 2.81951234368e-103 1.99574304562e-24
beast 2.08772871566e-103 0.00148374159105 0.00183414074566 2.81951234368e-103 4.78609229266e-49
beauteous 2.13202433624e-95 0.00445122477314 1.18587135227e-54 2.81951234368e-103 1.37640662652e-72
beauty 0.00936009527654 0.00264903508882 0.00849625103807 1.40419466401e-54 0.00329866129571
beautys 0.00208886235287 1.48374159105e-103 1.94268347725e-68 0.00281798087108 3.00162400493e-103
beck 2.08772836288e-103 1.48374159105e-103 1.83414074566e-103 0.00281951234368 3.00162400493e-103
becoming 2.08772850423e-103 0.00148374159105 7.57783345744e-26 2.81951234368e-103 3.00162400494e-103
been 0.00417545672576 1.48374159105e-103 1.08143963809e-90 2.81951234368e-103 3.00163147838e-103
before 2.08772836288e-103 1.48374159105e-103 0.00183414074566 2.81951234368e-103 0.00300162400493
behold 2.08772836288e-103 1.48374159105e-103 1.83414074566e-103 0.00281951234368 3.00162400493e-103
being 2.08774590512e-103 0.00584342418074 0.00194730145343 2.12626468185e-35 4.99334126741e-63
belongs 2.08772836288e-103 1.48374159105e-103 1.83414074566e-103 0.00281951234368 3.00162400493e-103
best 0.00209254015508 0.00296406345741 1.95686303639e-37 0.00563902468736 3.00175044918e-103
betray 2.08772836288e-103 1.48374159105e-103 1.83414074566e-103 0.00281951234368 3.00162400493e-103
betraying 2.08774691815e-103 1.48374159105e-103 0.00183414074566 2.82001376609e-103 3.00162672478e-103
better 2.08772836312e-103 0.00148374159105 0.00183414074566 2.81951234368e-103 2.71112883683e-51
bettring 0.00208772834592 1.20500615867e-11 1.45109038699e-16 2.81951234368e-103 3.0016293638e-103
bide 2.08772836288e-103 1.48374159105e-103 0.00183414074566 2.81951234368e-103 3.00162400493e-103
birds 0.00208772836288 1.48374159105e-103 1.42360632165e-71 2.81951234368e-103 3.47960033345e-15
birth 0.00208772836288 4.19805191995e-31 2.58541582516e-55 2.81951234368e-103 3.00176413377e-103
bitterness 0.00208772836288 7.2818080744e-24 9.47912868015e-51 2.81951234368e-103 3.0016289135e-103
black 0.00208772836288 9.97142920037e-78 1.16822382031e-30 2.81951234368e-103 3.00162400493e-103
blame 2.08772836288e-103 1.48374159105e-103 1.83414074566e-103 2.81951234368e-103 0.00300162400493
blamed 5.93405239578e-41 0.00148374159105 6.37311874727e-16 2.81951234368e-103 4.44801495884e-29
blazon 0.00208772836288 7.92995439895e-25 7.15708147344e-46 2.81951234368e-103 3.00162905689e-103
blenches 2.08772836288e-103 0.00148374159105 1.83414074566e-103 2.81951234368e-103 1.15066221908e-53
blooms 2.08772836288e-103 0.00148374159105 2.41309801242e-28 2.81951234368e-103 3.00162479586e-103
blow 2.08798907047e-103 0.00148374159105 8.5696982099e-34 2.81951234368e-103 3.00162403863e-103
blunt 0.00197458271788 1.52012735384e-29 0.00193354306321 2.81951234368e-103 3.00194736167e-103
body 4.18209590483e-62 0.00148374159105 1.34514822013e-29 2.81951234368e-103 3.00162622774e-103
bold 2.08772836288e-103 1.48374159105e-103 1.83414074566e-103 0.00281951234368 3.00162400493e-103
bonds 0.00208772836288 1.48374159105e-103 3.67465223568e-70 2.81951234368e-103 5.30497279457e-73
book 2.08772836288e-103 1.48374159105e-103 1.83414074566e-103 0.00281951234368 3.00162400493e-103
born 0.00208772836288 0.00148374159105 1.24255432609e-27 2.81951234368e-103 3.00162400497e-103
borrowed 2.08772836363e-103 0.00148374159105 1.83414074566e-103 2.81951234368e-103 8.3134606354e-62
bosoms 1.86093406221e-07 0.00148360933508 8.28663330143e-36 2.81951234368e-103 3.00162400493e-103
both 0.00208772836288 1.48374159105e-103 1.17435242833e-78 2.81951234368e-103 3.00162400493e-103
bower 2.08772836288e-103 1.48374159105e-103 1.83414074566e-103 0.00281951234368 3.00162400493e-103
boy 2.08773026847e-103 8.99409585035e-12 0.00183414073454 2.81951234368e-103 5.30197315027e-98
brain 2.08772842431e-103 1.48374159105e-103 0.00183414074566 2.81951234368e-103 3.00192986181e-103
brand 2.08772836288e-103 1.48374159105e-103 1.83414074566e-103 0.00281951234368 3.00162400493e-103
breach 2.08772894434e-103 0.00148374159105 2.91955494881e-33 2.81951234368e-103 3.00162400495e-103
break 2.08772836288e-103 1.48374159105e-103 1.83414074566e-103 0.00281951234368 3.00162400493e-103
breast 8.29702114793e-28 1.42290742118e-32 0.00183414074566 2.81951234368e-103 2.68284454692e-61
breath 2.08772836288e-103 1.48374159105e-103 0.00183414074566 2.81951234368e-103 3.00162400493e-103
breed 0.00208772836288 1.48374159105e-103 1.83414074566e-103 2.81951244729e-103 3.00162400493e-103
brief 4.15878570908e-26 0.00112340893111 0.00227956926069 2.81951234368e-103 3.00191205471e-103
bright 0.00417545672576 1.48374159105e-103 4.112055175e-91 0.00281951234368 3.00162400493e-103
buds 2.08772836288e-103 1.48374159105e-103 0.00183414074566 2.81951234368e-103 3.00162400493e-103
builded 0.00208772836288 1.48626331982e-103 3.07423720864e-53 2.81951234368e-103 3.00162400493e-103
burden 2.08772836288e-103 0.00148374159105 2.92981649512e-31 2.81951234368e-103 3.00162400494e-103
buried 2.08772836288e-103 1.48374159105e-103 1.83414074566e-103 0.00281951234368 3.00162400493e-103
burn 2.08772836288e-103 1.48374159105e-103 1.83414074566e-103 0.00281951234368 3.00162400493e-103
burned 2.08772836288e-103 1.48374159105e-103 1.83414074566e-103 0.00281951234368 3.00162400493e-103
but 0.0062595730211 0.00596780933208 0.00929415536285 2.81951234368e-103 0.0357562075002
by 0.00209028422374 0.00832960439711 0.0080424453448 2.81951234368e-103 5.71829960056e-58
call 2.08772890929e-103 1.48374159105e-103 0.00183414074566 2.81951234368e-103 8.58357951241e-100
can 0.00836564539987 0.00740823800863 1.04423535176e-41 6.59386253957e-58 1.95685153267e-102
cancelled 2.08772950367e-103 1.48374159105e-103 1.83414074566e-103 0.00281951234368 3.00162400493e-103
canker 2.08772836288e-103 0.00296748318209 1.83414074566e-103 2.81951234368e-103 8.09925491456e-57
cannot 2.31600940364e-05 0.00146728178939 2.40392110204e-28 2.81951234368e-103 0.00300162400493
canst 1.20238350108e-100 0.00148374159105 1.83414074566e-103 2.81951234368e-103 1.36020514107e-59
care 2.08772836288e-103 1.48374159105e-103 1.83414074566e-103 0.00281951234368 3.00162400493e-103
cars 7.20451610969e-16 0.00148374159105 9.58479293819e-30 2.81951234368e-103 3.00199129993e-103
case 0.00208772836288 1.48374159105e-103 1.83414074566e-103 2.81951234368e-103 3.00162400493e-103
cause 3.35510149649e-74 0.00148374159105 1.83414074566e-103 2.81951234368e-103 3.00561450029e-103
cease 2.08772836288e-103 1.48374159105e-103 1.83414074566e-103 0.00281951234368 3.00162400493e-103
chase 2.08772836288e-103 1.48374159105e-103 1.83414074566e-103 0.00281951234368 3.00162400493e-103
check 2.08772836288e-103 1.48374159105e-103 1.83414074566e-103 0.00281951234368 3.00162400493e-103
checked 3.62833763018e-76 0.00148374159105 1.83414074566e-103 2.81951234368e-103 3.0016276159e-103
cheek 2.08772836288e-103 0.00148374159105 2.70811589072e-31 0.00281951234368 3.00162478995e-103
chide 2.0877283629e-103 0.00296748318209 7.20647200194e-32 2.81951234368e-103 3.00162403554e-103
child 0.00208772836288 1.48374159105e-103 6.08895101693e-77 2.81951234368e-103 3.00162400493e-103
clear 2.08772836292e-103 1.48374159105e-103 0.00183414074566 2.81951234368e-103 3.00163248722e-103
clearer 2.08772836288e-103 1.48374159105e-103 1.83414074566e-103 0.00281951234368 3.00162400493e-103
climbed 2.08772836288e-103 0.00148303450387 8.74072277714e-07 2.81951234368e-103 3.00162460045e-103
cloud 2.08772912336e-103 1.48374159105e-103 0.00183414074566 2.81951234368e-103 8.22185625899e-93
clouds 2.08772836288e-103 1.48374159105e-103 0.00183414074566 2.81951234368e-103 3.00162400493e-103
cloying 2.08772950367e-103 1.48374159105e-103 1.83414074566e-103 0.00281951234368 3.00162400493e-103
come 0.00203478168169 3.05382693697e-43 0.00188065621532 0.00281951234368 3.50149511796e-98
comes 2.08772836301e-103 0.00148374159105 1.83414074566e-103 2.81951234368e-103 2.27569978096e-50
committed 2.08772836288e-103 1.48374159105e-103 1.83414074566e-103 0.00281951234368 3.00162400493e-103
common 0.00208772836288 1.48374159105e-103 1.83414074566e-103 1.76802951552e-94 3.00162400493e-103
compare 2.08772836288e-103 1.48374159105e-103 1.83414074566e-103 0.00281951234368 0.00300162400493
compeers 2.08772849317e-103 1.48374159105e-103 0.00183414074566 2.81951234368e-103 3.00217362956e-103
complain 2.08772836288e-103 1.48374159105e-103 1.83414074566e-103 0.00281951234368 3.00162400493e-103
compound 2.08772836555e-103 0.00148374159105 1.83414074566e-103 2.81951234368e-103 2.65593515328e-52
concealed 2.08772836288e-103 1.48374159105e-103 0.00183414074566 2.81951234368e-103 3.00162400656e-103
conceit 2.08772836288e-103 1.48374159105e-103 0.00183414074566 2.81951234368e-103 3.00162400493e-103
concord 2.08772836288e-103 4.47321272182e-24 0.00183414074566 2.81951234368e-103 3.0016240588e-103
confined 2.08772836288e-103 1.48374159105e-103 1.83414074566e-103 0.00281951234368 3.00162400493e-103
confound 2.08772836288e-103 1.48374159105e-103 1.83414074566e-103 0.00281951234368 3.00162400493e-103
confounds 2.08772836288e-103 1.48374159105e-103 1.83414074566e-103 0.00281951234368 3.00162400493e-103
constancy 0.00208772836288 1.48374159105e-103 1.83414074566e-103 2.81951234368e-103 3.00162400493e-103
contracted 2.0878130354e-103 0.00148374159105 5.1503214998e-25 2.81951234368e-103 3.00162957376e-103
controlling 2.08772836288e-103 1.48374159105e-103 1.83414074566e-103 0.00281951234368 3.00162400493e-103
converted 2.08772836317e-103 0.00148374159105 1.40567857887e-20 2.81951234368e-103 3.00162457074e-103
corrupt 2.08772836324e-103 0.00296748318209 3.23585921956e-34 2.81951234368e-103 3.00162439898e-103
corrupting 2.08772836367e-103 0.00148374159105 1.75757183625e-34 2.81951234368e-103 3.00162400493e-103
cost 0.00208772836288 1.48374159105e-103 6.46312380259e-74 2.81951234368e-103 3.00162400493e-103
could 2.25477279205e-103 0.00294499868519 2.52206412392e-38 2.81951234368e-103 0.00304711036594
counterfeit 2.08772836288e-103 1.48374159105e-103 1.83414074566e-103 0.00281951234368 3.00162400493e-103
counting 2.08772836417e-103 0.00141117539001 1.83414074566e-103 2.81951234368e-103 0.0031484261518
couplement 3.36903053546e-74 0.00148374159105 1.83414074566e-103 2.81951234368e-103 3.00162519067e-103
cover 0.00208772817412 1.48374159105e-103 1.83414074566e-103 2.54920291752e-10 3.00162400493e-103
creating 2.08772836288e-103 1.48374159105e-103 1.83414074566e-103 2.81951234368e-103 0.00300162400493
credit 8.60421891801e-94 0.00148374159105 1.83414074566e-103 2.81951234368e-103 1.81006341682e-57
crooked 2.08772836288e-103 1.48374159105e-103 1.83414074566e-103 2.81951234368e-103 0.00300162400493
crown 2.08772836306e-103 1.48374159105e-103 0.00183414074566 2.81951234368e-103 3.00166462923e-103
crowned 0.00199250305451 1.48374159105e-103 1.83414074566e-103 0.0029481157277 3.00162400493e-103
cruel 0.00208772836288 1.35210899399e-25 7.10053679205e-50 2.81951234368e-103 3.00162400493e-103
cunning 0.00208772836288 1.48374163974e-103 5.31269082671e-70 2.81951234368e-103 3.00189370018e-103
damasked 0.00208772836288 1.48374159105e-103 4.63624722518e-83 2.81951234368e-103 3.00162400493e-103
dare 2.0877285026e-103 0.00148374159105 0.00183414074566 2.81951234368e-103 3.32929452611e-48
dates 2.08777659958e-103 0.00148374159105 1.83414074566e-103 2.81951234368e-103 3.49427110131e-55
day 0.00208772836288 1.48374159105e-103 1.03795182675e-77 0.00281951234368 3.00163895187e-103
days 2.08772836288e-103 1.48374159105e-103 1.83414074566e-103 0.00281951234368 3.00162400493e-103
dead 0.00208772836288 5.41335659922e-17 4.90543830061e-22 0.00281951234368 3.00167513446e-103
dearest 0.00208772836288 1.83038176729e-63 4.09405401041e-18 2.81951234368e-103 6.84455813681e-84
deaths 2.08772836288e-103 1.48374159105e-103 0.00183414074566 2.81951234368e-103 3.00162400521e-103
decay 2.08772836288e-103 1.48374159105e-103 1.83414074566e-103 0.00281951234368 3.00162400493e-103
decease 2.08772836288e-103 1.48374159105e-103 1.83414074566e-103 0.00281951234368 3.00162400493e-103
deceased 2.08772836288e-103 1.48374159105e-103 1.83414074566e-103 0.00281951234368 3.00162400493e-103
deceivest 2.08772836288e-103 1.48374159105e-103 1.83414074566e-103 0.00281951234368 3.00162400493e-103
declines 2.08772836288e-103 1.48374159105e-103 1.83414074566e-103 0.00281951234368 3.00162400493e-103
decrease 2.08772836288e-103 1.48374159105e-103 1.83414074566e-103 0.00281951234368 3.00162400493e-103
deep 0.00417545672576 1.48374159105e-103 1.83414074566e-103 5.860771277e-66 3.00162400493e-103
defendant 2.08774365503e-103 1.02628801433e-37 0.00183414074566 2.81951234368e-103 3.00163239584e-103
define 2.08772836288e-103 1.48374159105e-103 1.83414074566e-103 0.00281951234368 3.00162400493e-103
delight 2.08772836288e-103 1.48374159105e-103 1.83414074566e-103 0.00281951234368 3.00162400493e-103
delighted 2.08772836288e-103 1.48374159105e-103 1.83414074566e-103 0.00281951234368 3.00162400493e-103
delivers 0.00208772836288 8.88624534465e-63 2.00501956412e-38 2.81951234368e-103 3.00165123159e-103
denote 2.08772836288e-103 1.48374159105e-103 1.83414074566e-103 0.00281951234368 3.00162400493e-103
deny 2.08772836288e-103 1.48374159105e-103 1.83414074566e-103 0.00281951234368 3.00162400493e-103
describe 2.08772836288e-103 1.48374159105e-103 1.83414074566e-103 2.81951234368e-103 0.00300162400493
desire 2.08773155356e-103 1.48374159105e-103 0.00183414074566 0.00563902468736 3.00162400493e-103
desiring 2.08772836288e-103 1.48374159105e-103 1.83414074566e-103 2.81951234368e-103 0.00300162400493
desperate 2.08772996425e-103 1.48374159105e-103 0.00183414074566 2.81951234368e-103 3.98086820584e-78
despised 0.00208772836288 1.48374159105e-103 1.83414074566e-103 2.81951234368e-103 3.00162400493e-103
devil 2.08772836288e-103 1.48374159105e-103 1.83414074566e-103 0.00281951234368 3.00162400493e-103
devise 0.00208772836288 7.37534346249e-35 7.81054802385e-58 2.81951234368e-103 3.00162400493e-103
dials 2.08772836288e-103 0.000696873987788 1.83414074566e-103 2.81951234368e-103 0.00159184099232
did 2.08772950367e-103 1.48374159105e-103 0.00183414074566 0.00563902468736 3.00162400515e-103
discontent 2.08772836288e-103 1.48374159105e-103 1.83414074566e-103 0.00281951234368 3.00162400493e-103
disgrace 2.08772845753e-103 0.00222328600618 0.000919946149239 2.81951234368e-103 3.00162429442e-103
disgraced 2.08772836288e-103 1.48374159105e-103 1.83414074566e-103 0.00281951234368 3.00162400493e-103
dispraise 1.17684413927e-79 0.00148374159105 1.83414074566e-103 2.81951234368e-103 6.21022357696e-76
divided 0.00208772836288 1.48374159105e-103 1.83414074566e-103 2.81951234368e-103 3.00162400493e-103
divine 2.08772836288e-103 1.48374159105e-103 1.83414074566e-103 0.00281951234368 3.00162400493e-103
do 4.24135395048e-25 0.00695191872122 0.0114429835138 0.00581022590033 0.00304665708879
doom 2.08772836288e-103 1.48374159105e-103 1.83414074566e-103 0.00281951234368 3.00162400493e-103
dost 0.00417545672576 1.48374159105e-103 0.00366828149132 2.81951266501e-103 3.00162400664e-103
dote 2.08772836288e-103 1.48374159105e-103 1.83414074566e-103 0.00281951234368 3.00162400493e-103
doth 0.0228529068423 2.49519759526e-37 0.0129374734262 3.06516818814e-57 1.24478586497e-80
drooping 5.93064508776e-07 0.00148332010208 1.22195379356e-37 2.81951234368e-103 3.00162400493e-103
drown 2.08772836288e-103 4.33924792696e-69 0.00183414074566 2.81951234368e-103 3.00162401493e-103
due 2.08772836288e-103 1.48374159105e-103 1.83414074566e-103 0.00281951234368 3.00162400493e-103
dumb 5.77062182536e-39 0.00296748299159 2.35488173541e-10 2.81951234368e-103 4.22277245146e-24
duty 2.08772836288e-103 1.48374159105e-103 1.83414074566e-103 2.81951234368e-103 0.00300162400493
dwell 2.08772836288e-103 1.48374159105e-103 1.83414074566e-103 0.00281951234368 3.00162400493e-103
dwellers 2.08772836288e-103 0.00148374159105 5.45996926087e-24 2.81951234368e-103 3.00162468798e-103
dye 2.08772836288e-103 1.48374159105e-103 1.83414074566e-103 0.00281951234368 3.00162400493e-103
dyers 0.00208772836288 1.48374159105e-103 1.83414074566e-103 1.54597727216e-31 3.00162400493e-103
each 0.00209386070139 0.00444686654059 1.83414074566e-103 2.81951234368e-103 3.00174472481e-103
ear 0.00208772836286 1.46764230625e-14 3.05626153492e-38 2.81951234368e-103 3.13070387666e-49
earth 1.67546562992e-06 0.0044500340253 2.64676580458e-51 2.81951234368e-103 2.60376612594e-57
eclipse 0.00208772836288 1.48374159105e-103 1.83414074566e-103 2.81951282194e-103 3.00162400493e-103
eclipses 1.11844165532e-75 0.00148374159105 1.83414074566e-103 2.81951234368e-103 3.00162400493e-103
effect 2.08772836288e-103 1.48374159105e-103 1.83414074566e-103 0.00281951234368 3.00162400493e-103
eithers 0.00208772836288 1.48374159105e-103 1.83414074566e-103 2.81951249586e-103 3.00162400493e-103
elements 0.00208772836288 1.48374159105e-103 1.52439792334e-39 2.81951234368e-103 3.0283542485e-103
else 7.74128781609e-80 0.00148374159105 1.83414074566e-103 2.81951234368e-103 6.1918068775e-83
elsewhere 2.08772836288e-103 4.34911343016e-11 0.0018341406919 2.81951234368e-103 3.00162448775e-103
end 0.00208772836288 1.48374159105e-103 1.83414074566e-103 2.81951234368e-103 3.00162400493e-103
endured 2.08772836288e-103 1.48374159105e-103 1.83414074566e-103 0.00281951234368 3.00162400493e-103
enemies 0.00208772836288 1.09318163787e-29 4.23993026507e-57 2.81951234368e-103 3.0016512316e-103
enforced 1.81870234577e-30 0.0014837415908 2.99806247678e-13 2.81951234368e-103 3.00166818548e-103
enjoyed 2.08772836288e-103 1.48374159105e-103 1.83414074566e-103 2.81951234368e-103 0.00300162400493
enjoyer 2.08772836297e-103 1.48374159105e-103 0.00183414074566 2.81951234368e-103 3.00164512954e-103
enough 2.08772836288e-103 0.00148374159105 1.61426995052e-21 2.81951234368e-103 3.00162480393e-103
entitled 2.08772836288e-103 1.48374159105e-103 1.83414074566e-103 2.81951234368e-103 0.00300162400493
envy 2.08772836288e-103 0.00148374159105 1.83414074566e-103 2.81951234368e-103 1.314238551e-50
err 0.00208772836288 1.48374200529e-103 2.79699028889e-80 2.81951234368e-103 5.07442317614e-34
errors 2.08772836288e-103 0.00296748318209 1.42383797928e-18 2.81951234368e-103 3.00162456314e-103
esteem 2.08772836288e-103 1.48374159105e-103 1.83414074566e-103 0.00281951234368 3.00162400493e-103
even 2.08772867457e-103 3.2204082591e-27 0.00366660724761 0.00281951234368 0.00600598795779
ever 2.08772836293e-103 1.48374159105e-103 0.00366828149132 2.81951234368e-103 3.00163456751e-103
every 0.00209386220849 0.00889809024264 1.83414074566e-103 2.81951243494e-103 2.07054900589e-62
evil 2.08772836288e-103 1.48374159105e-103 1.83414074566e-103 0.00281951234368 3.00162400493e-103
excess 2.08772836288e-103 1.48374159105e-103 1.83414074566e-103 0.00281951234368 3.00162400493e-103
exchanged 2.08772836288e-103 1.48374159105e-103 1.83414074566e-103 0.00281951234368 3.00162400493e-103
excuse 0.00208854608755 0.00148316043685 1.83414074566e-103 2.81951234368e-103 2.33031049426e-60
expressed 2.08772836288e-103 1.48374159105e-103 1.83414074566e-103 0.00281951234368 3.00162400493e-103
eye 3.56872987994e-17 0.00191372618219 0.00863917434112 0.00281951234368 1.16178599098e-69
eyelids 2.08772836288e-103 1.48374159105e-103 0.00183414074566 2.81951234368e-103 3.00162400656e-103
eyes 0.00220619508882 0.0058507724568 7.76568287846e-62 0.0112780493747 1.46627587098e-51
face 2.08772836291e-103 1.67632173996e-14 0.00183414074564 0.00281951234368 4.41114600818e-92
faces 2.08772836288e-103 1.48374159105e-103 1.83414074566e-103 0.00281951234368 3.00162400493e-103
fading 0.00208772836288 1.48374159105e-103 1.83414074566e-103 1.32918836062e-88 3.00162400493e-103
fair 4.70495943544e-60 7.38816435317e-39 0.0128389852196 1.93072235119e-70 4.50686997866e-30
fairest 4.02361060928e-72 0.00148374159105 1.83414074566e-103 2.81951234368e-103 3.00162400493e-103
faith 2.0877283629e-103 0.00148374159105 2.16170623031e-33 2.81951234368e-103 3.00162400494e-103
false 2.08774368865e-103 1.48374159105e-103 0.0128389852196 2.81978568224e-103 3.00227122913e-103
falsehood 2.08772836288e-103 0.00148374159105 1.83414074566e-103 2.81951234368e-103 3.00162478351e-103
famine 6.88305657893e-75 0.00148374159105 1.83414074566e-103 2.81951234368e-103 3.00162400499e-103
far 6.81782823376e-59 0.00148374159105 0.00550242223698 2.81951234368e-103 3.00164820266e-103
faults 4.90873774852e-70 0.00174129025845 0.00151576960359 2.81951234368e-103 3.00162400663e-103
favour 2.08772836288e-103 1.48374159105e-103 1.83414074566e-103 0.00281951234368 3.00162400493e-103
favourites 2.08772836294e-103 1.75723049564e-39 0.00183414074566 2.81951234368e-103 3.00279314948e-103
fear 2.4772920925e-29 0.00136973985016 0.00197506504089 2.81951234368e-103 4.80821960406e-35
feast 2.08772836288e-103 1.48374159105e-103 1.83414074566e-103 0.00281951234368 3.00162400493e-103
feasts 2.08772836288e-103 0.00148374159105 1.06892229564e-20 2.81951234368e-103 2.3839805425e-94
feathers 2.08772836288e-103 1.99158434194e-30 0.00183414074566 2.81951234368e-103 3.00162404916e-103
female 0.00208772836288 1.48374159105e-103 1.83414074566e-103 2.2114377732e-43 3.00162400493e-103
fight 2.08772836288e-103 1.48374159105e-103 1.83414074566e-103 0.00281951234368 3.00162400493e-103
fill 2.08772836288e-103 1.48374159105e-103 1.83414074566e-103 0.00281951234368 3.00162400493e-103
find 6.74517524791e-72 0.00148374159105 1.83414074566e-103 0.00281951234368 3.00162400493e-103
finger 0.00208772836288 1.69388764223e-24 8.26185380671e-52 2.81951234368e-103 3.00162891312e-103
fire 2.08772836288e-103 1.48374159105e-103 0.00366828149132 0.00281951234368 3.00162400737e-103
firm 2.08772836288e-103 0.00148374159105 1.83414074566e-103 2.81951234368e-103 4.87713885679e-84
first 2.08772836288e-103 7.68522500938e-21 0.00183414074566 2.81951234368e-103 3.00162437592e-103
fitted 2.08772836288e-103 1.48374159105e-103 1.83414074566e-103 0.00281951234368 3.00162400493e-103
fixed 0.00208772836288 1.48374159105e-103 1.83414074566e-103 2.81951234368e-103 3.00162400493e-103
fleetst 2.08772836288e-103 1.48374159105e-103 1.83414074566e-103 0.00281951234368 3.00162400493e-103
flies 0.00208772836288 7.95705778397e-42 1.36518178715e-77 2.81951234368e-103 3.00168125166e-103
flow 2.08772836288e-103 1.48374159105e-103 1.83414074566e-103 0.00281951234368 3.00162400493e-103
flowers 2.08772844798e-103 1.48374159105e-103 0.00183414074566 0.00281951234368 3.00162400493e-103
follow 2.08868060937e-103 0.00148374159105 1.83414074566e-103 2.81951234368e-103 4.90128546064e-51
fond 2.08780388712e-103 0.00148374159105 2.44558896901e-45 2.81951234368e-103 7.81024151303e-77
foot 0.00208772836288 1.48374159105e-103 1.83414074566e-103 2.81951234368e-103 3.00162400493e-103
for 0.00208894813042 0.00948580223883 0.00185682233364 2.75365709201e-52 0.0648167270194
forbidden 0.00208772836288 1.48374159105e-103 1.83414074566e-103 8.12203383279e-64 3.00162400493e-103
forged 0.00208772836288 1.48374159105e-103 1.83414074566e-103 2.81951234368e-103 3.00162400493e-103
forget 2.08772836288e-103 1.48374159105e-103 0.00183414074566 2.81951234368e-103 3.00162400493e-103
forgetful 2.08772836288e-103 0.00148374159105 1.83414074566e-103 2.81951234368e-103 3.8740573047e-60
forgoing 2.08772836288e-103 1.48374159105e-103 0.00183414074566 2.81951234368e-103 3.00162400658e-103
forgot 2.08772836288e-103 1.48374159105e-103 1.83414074566e-103 0.00281951234368 3.00162400493e-103
forlorn 2.08772912551e-103 6.37002363805e-38 0.00183414074566 2.81951234368e-103 1.64647024553e-38
form 2.08772864205e-103 1.58289603533e-67 0.00366828149132 2.81951234368e-103 3.31066197255e-49
forsaken 2.08772836288e-103 1.48374159105e-103 1.83414074566e-103 0.00281951234368 3.00162400493e-103
fortune 2.08772836313e-103 6.73028624605e-33 0.00183414074566 2.81951234368e-103 3.00162404901e-103
found 1.06225913453e-76 0.00148374159105 1.83414074566e-103 2.81951234368e-103 3.00163077573e-103
four 0.00208772836288 5.15379399619e-63 1.51148281658e-71 2.81951234368e-103 3.00163895187e-103
frailer 0.00208772836288 1.48374159105e-103 1.83414074566e-103 2.81951234418e-103 3.00162400493e-103
frailties 2.08772836288e-103 0.00148374159105 1.83421721305e-103 2.81951234368e-103 1.43632359812e-32
free 2.08772836288e-103 1.48374159105e-103 1.83414074566e-103 0.00281951234368 3.00162400493e-103
frequent 2.0877283629e-103 1.48374159105e-103 0.00183414074566 2.81951234368e-103 3.00162871012e-103
friend 2.08772836288e-103 1.48374159105e-103 1.83414074566e-103 0.00281951234368 3.00162400493e-103
from 0.00833176750221 0.00700992599314 0.00235628067996 2.81951234368e-103 1.47863224162e-30
front 2.08772887291e-103 1.48374159105e-103 0.00183414074566 2.81951234368e-103 5.24747074802e-98
frost 0.00208772836288 1.48374163974e-103 4.44518518e-68 2.81951234368e-103 3.00170901566e-103
fulfil 2.08780739836e-103 0.00148374159105 1.07580035081e-28 2.81951234368e-103 3.00162404921e-103
full 1.52905524233e-40 0.00400194502241 0.000555381275271 2.81951234368e-103 7.58085611291e-72
gain 2.08772836288e-103 1.48374159105e-103 1.83414074566e-103 0.00281951234368 3.00162400493e-103
gainst 2.08772836288e-103 1.48374159105e-103 0.00183414074566 2.81951234368e-103 3.00162400656e-103
gave 2.08772836288e-103 0.00148374159105 2.78198314001e-16 2.81951234368e-103 3.00162400548e-103
general 0.00208772836288 1.74558699693e-25 4.56538383928e-52 2.81951234368e-103 3.00162891332e-103
gentle 0.00208772836288 1.48374159105e-103 1.83414074566e-103 2.81951234368e-103 0.00300162400493
gift 4.70672127131e-17 1.48374159105e-103 1.56701718759e-14 2.81951234368e-103 0.00300162400491
gilded 2.08774266355e-103 1.48374159108e-103 1.83414074566e-103 2.81951234368e-103 0.00300162400493
girded 2.94620590672e-20 6.59192719343e-24 0.00183414074566 2.81951234368e-103 3.00162400507e-103
give 2.08772836288e-103 1.48374159105e-103 1.83414074566e-103 0.00281951234368 0.00600324800987
giving 2.08772850598e-103 1.48374159105e-103 0.00183414074566 2.81951234368e-103 3.00222770348e-103
glad 6.92454775389e-74 0.00148374159105 1.83414074566e-103 2.81951234368e-103 3.00164454195e-103
glass 1.13633007046e-08 3.14070496786e-29 0.00183413076261 2.81951234368e-103 3.0016404481e-103
glory 2.07509936852e-21 1.48374159105e-103 1.83414074566e-103 0.00281951234368 3.00162400493e-103
go 0.00208772836288 1.48374159105e-103 1.83414074566e-103 2.81951353628e-103 3.00162400493e-103
goes 2.08772836316e-103 2.08392504164e-06 0.00183156468265 2.81951234368e-103 3.00162517118e-103
golden 2.08772836288e-103 0.00148374159105 1.83414074566e-103 2.81951234368e-103 3.25840967868e-82
gone 2.08772836288e-103 1.48374159105e-103 1.83414074566e-103 0.00563902468736 3.00162400493e-103
good 0.0041815700863 0.00444688002817 2.67621630651e-75 2.81951234368e-103 3.28597929488e-48
graces 2.08772836288e-103 1.48374159105e-103 1.83414074566e-103 0.00281951234368 3.00162400493e-103
gracious 6.95886805828e-82 1.43907812957e-09 0.00183411874119 0.00281954343516 3.0016273268e-103
grant 2.08772836288e-103 1.48374159105e-103 1.83414074566e-103 2.81951234368e-103 0.00300162400493
granting 2.08772836288e-103 1.48374159105e-103 1.83414074566e-103 0.00281951234368 3.00162400493e-103
grave 2.08772836288e-103 1.48374159105e-103 1.83414074566e-103 0.00281951234368 3.00162400493e-103
great 2.08796381254e-103 0.00159017898752 3.9299371171e-26 2.81951234368e-103 0.00578792409754
green 2.08772836301e-103 3.23823360243e-17 0.00183414074566 2.81951234368e-103 3.00162449203e-103
grew 7.94807277112e-73 0.00148374159105 1.83414074566e-103 2.81951234368e-103 3.00162400493e-103
guest 2.08772836288e-103 1.48374159105e-103 1.83414074566e-103 0.00281951234368 3.00162400493e-103
half 2.08772841885e-103 1.48374159105e-103 0.00183414074566 2.81951234368e-103 3.00186425009e-103
hand 2.08772836288e-103 0.00148374159105 2.41171219323e-31 0.00281951234368 3.00162479387e-103
hang 1.03512464009e-73 0.00148370286968 1.83414074566e-103 2.81951234368e-103 0.00300170233863
hanging 2.39153042807e-42 1.48374159105e-103 1.83414074566e-103 0.00281951234368 3.00162400493e-103
haply 0.00208772836288 1.48374159105e-103 1.83414074566e-103 8.0330390085e-71 3.00162400493e-103
happy 0.00208772836288 1.48374159105e-103 1.83414074566e-103 2.81951242249e-103 3.00162400493e-103
harvest 0.00208772836288 1.48374159105e-103 1.83414074566e-103 2.81951234871e-103 3.00162400493e-103
hast 2.08772836288e-103 0.00296748318209 1.06321138523e-42 2.81951234368e-103 3.28534857838e-65
hate 2.08772836288e-103 1.48374159105e-103 1.83414074566e-103 0.00281951234368 3.00162400493e-103
hated 2.08772836288e-103 0.00148374159105 5.26500301973e-28 2.81951234368e-103 3.00162400499e-103
hateth 6.05881672912e-75 0.00148374159105 1.83414074566e-103 2.81951234368e-103 3.001652775e-103
hath 0.0020912305568 0.0103832925021 8.36838925681e-26 6.3999776638e-89 0.00600407671089
hatred 3.03242099881e-47 1.09076575952e-30 0.00183414074566 2.81951234368e-103 3.00227911053e-103
have 0.00469777498982 0.012935403121 1.78690936064e-27 0.00281951234368 0.00910007759121
having 2.0877327358e-103 0.00148374159105 0.00183414074566 2.81951234368e-103 9.25507432939e-47
he 0.00219257424693 0.00539116388742 0.00215538733995 2.81951234368e-103 0.00342527075422
head 2.08772836288e-103 1.48374159105e-103 1.83414074566e-103 0.00281951234368 3.00162400493e-103
heart 0.00599435392473 0.00315854059445 2.3567678775e-21 0.00563902468749 4.90262428611e-56
hearts 0.00417545672576 1.48374159105e-103 1.83414074566e-103 9.31887078112e-83 3.00162400493e-103
heaven 0.00024548297691 1.48374159105e-103 1.83414074566e-103 0.00530749578932 3.00162400493e-103
heavenly 1.95555751085e-11 1.48374159105e-103 1.83414074566e-103 0.00281951231727 3.00162400493e-103
heavens 0.00208772836288 1.48374159105e-103 1.83414074566e-103 2.81951234368e-103 3.00162400493e-103
height 3.55438146017e-26 1.48374159105e-103 1.83414074566e-103 0.00281951234368 3.00162400493e-103
helens 2.08772836288e-103 0.00148374159105 1.83414074566e-103 2.81951234368e-103 6.40612680587e-62
hell 0.00207228094009 3.43693659065e-07 1.31462290013e-05 2.81951234368e-103 3.00166782739e-103
hence 0.0020877260028 1.67730115488e-09 1.53428179804e-40 2.81951234368e-103 3.00162400493e-103
her 0.00209274615865 0.00271811032923 0.0076404192116 2.81951234368e-103 3.39651166477e-94
herein 2.08772836288e-103 1.48374159105e-103 1.83414074566e-103 2.81951234368e-103 0.00300162400493
hide 2.08772836288e-103 1.48374159105e-103 1.83414074566e-103 0.00281951234368 3.00162400493e-103
high 2.0877287575e-103 1.48374159105e-103 0.00183414074566 2.81951234368e-103 3.00484907554e-103
hill 2.08772836288e-103 1.48374159105e-103 1.83414074566e-103 0.00281951234368 3.00162400493e-103
him 9.03749236315e-102 0.00148374159105 0.00183414074566 2.81951234368e-103 9.82431959793e-49
his 0.00852502325174 0.00265323247526 0.00798894552714 0.0106372051509 9.4313887251e-91
history 2.08772836288e-103 1.48374159105e-103 1.83414074566e-103 0.00281951234368 3.00162400493e-103
hoisted 2.0877283629e-103 1.48374159105e-103 0.00183414074566 2.81951234368e-103 3.00162871012e-103
hold 0.00399378545371 3.17909884388e-33 0.00199374516945 2.81951234368e-103 3.00194289744e-103
holds 2.08773156052e-103 1.48374159105e-103 0.00183414074566 2.81951234368e-103 3.00162400493e-103
holy 0.0020877285337 0.00296748306069 6.37244346133e-21 2.81951237074e-103 3.00162400499e-103
home 7.39418932113e-09 0.00148373633602 3.28202064047e-30 2.81951234368e-103 3.43829984239e-79
honey 0.00208772836288 2.52344619996e-27 9.6472546825e-55 2.81951234368e-103 3.00162400493e-103
honour 0.00208772836288 1.48374159105e-103 1.83414074566e-103 2.81951234368e-103 3.00162400493e-103
hooks 2.08772836288e-103 1.48374159105e-103 1.83414074566e-103 0.00281951234368 3.00162400493e-103
hope 2.08796293552e-103 0.00148374159105 2.29550811881e-34 0.00281951234368 3.00162400664e-103
hot 0.00417545672694 0.00146438067682 2.39331702645e-05 2.81951238309e-103 3.00162461139e-103
hour 2.08772836288e-103 1.48374159105e-103 1.83414074566e-103 0.00281951234368 3.00162400493e-103
hours 2.08772836288e-103 1.48374159105e-103 0.00183414074566 0.00281951234368 3.00162400493e-103
how 2.31861146218e-77 0.00146681061115 1.83414074566e-103 2.81951234368e-103 0.0120407475606
hue 2.08773528227e-103 1.02694279051e-15 0.00183414074566 0.00281951234368 3.01272233678e-98
hues 2.38922706312e-55 1.35684754108e-58 0.00183414074566 2.81951234368e-103 3.00178560297e-103
humour 2.08772836288e-103 0.00148374156786 2.8663129936e-11 2.81951234368e-103 3.001624784e-103
hungry 2.08772912336e-103 1.48374159105e-103 0.00183414074566 2.81951234368e-103 1.59886352439e-94
hymn 2.08772836293e-103 0.00148374159105 1.19211704613e-33 2.81951234368e-103 3.00162470327e-103
idle 0.00208772836288 1.48374159105e-103 1.0500879576e-77 2.81951234368e-103 3.00162400493e-103
if 1.71245714304e-38 0.0152857444413 0.00225856044616 7.9152546226e-70 0.0224114439311
ill 2.08785591896e-103 0.00148374159105 1.83414074566e-103 0.00563902468736 3.60575084106e-54
image 7.27315016368e-34 1.14116390168e-94 1.33037250997e-14 2.81951234368e-103 0.00300162400491
imitate 2.08772850206e-103 1.48374159105e-103 0.00183414074566 2.08419224491e-55 3.00162400493e-103
immortal 2.08773156052e-103 1.48375049721e-103 0.00183414074566 2.81951234368e-103 3.00162400493e-103
impregnable 2.08772836288e-103 0.00148374159105 8.19675487775e-17 2.81951234368e-103 3.00162476701e-103
in 0.0317739914034 0.0293784993162 0.00903014909941 4.96031878821e-25 0.0151790426175
incertainties 2.08772836288e-103 1.48374159105e-103 1.83414074566e-103 2.81951234368e-103 0.00300162400493
increase 2.08772836288e-103 1.48374159105e-103 1.83414074566e-103 0.00563902468736 3.00162400493e-103
indigest 2.08772836288e-103 1.48374159105e-103 1.83414074566e-103 0.00281951234368 3.00162400493e-103
indirectly 0.00208772836288 1.48374159105e-103 1.83414074566e-103 8.27756260839e-44 3.00162400493e-103
inferior 0.00208772836288 1.48374159105e-103 1.16761187616e-65 2.81951234368e-103 3.00162400493e-103
inherit 2.08772900478e-103 1.48374159105e-103 0.00183414074566 2.81951234368e-103 3.49036065206e-95
inheritors 2.08772836288e-103 0.00148374158377 8.99898410514e-12 2.81951234368e-103 3.00162400505e-103
instinct 0.00208772836288 1.48374200446e-103 1.10545167587e-74 2.81951234368e-103 3.00164527036e-103
intents 2.08772836288e-103 1.48374159105e-103 1.83414074566e-103 0.00281951234368 3.00162400493e-103
interest 8.41411298973e-82 0.00148374159105 1.83414074566e-103 2.81951234368e-103 2.27195834557e-75
invent 2.08772836288e-103 1.48374159105e-103 1.83414074566e-103 0.00281951234368 3.00162400493e-103
invention 0.00208772836288 1.48374159105e-103 1.83414074566e-103 1.50960687911e-54 3.00162400493e-103
invited 2.08772836288e-103 1.48374159105e-103 1.83414074566e-103 0.00281951234368 3.00162400493e-103
is 0.0150969699251 0.0123992440796 0.00431489420939 0.00292936509476 0.00306305086929
it 0.00418179487202 0.017788818277 4.02384398394e-48 1.61747827204e-38 0.00302504300769
jacks 2.08772836288e-103 0.00148374159105 6.05042839054e-29 2.81951234368e-103 3.001624005e-103
jewels 2.0877283629e-103 1.48374159105e-103 0.00183414074566 2.81951234368e-103 3.00162756486e-103
jump 2.08772836288e-103 1.48374159105e-103 0.00183414074566 2.81951234368e-103 3.00162400493e-103
junes 2.09142380982e-103 1.48374159105e-103 1.83414074566e-103 0.00281951234368 3.00162400493e-103
just 2.08772836288e-103 1.48374159105e-103 1.83414074566e-103 2.81951234368e-103 0.00300162400493
keep 2.08773096954e-103 0.00148374159105 1.83414074566e-103 0.00281951234368 6.53559597461e-52
kill 2.08772836288e-103 1.48374159105e-103 1.83414074566e-103 0.00281951234368 3.00162400493e-103
kind 2.08772839278e-103 1.48374159105e-103 0.00366820073956 0.00281951234368 0.0030017561575
know 2.08772836288e-103 1.48374159105e-103 1.83414074566e-103 0.00563902468736 3.00162400493e-103
knowing 2.08772859481e-103 1.48374159105e-103 0.00183414074566 2.81951234368e-103 3.00260253973e-103
knowledge 6.63750976248e-30 1.59728388325e-18 0.00183414074566 2.81951234368e-103 3.00164082393e-103
land 2.08772836288e-103 1.48374159105e-103 1.83414074566e-103 0.00281951234368 3.00162400493e-103
large 2.08772840545e-103 1.48374159105e-103 0.00366828149132 2.81951234368e-103 3.00180962608e-103
lay 2.08772836288e-103 1.48374159105e-103 1.83414074566e-103 0.00281951234368 3.00162400493e-103
lays 0.00417545672576 9.0318579779e-32 3.90808017741e-59 2.73681660088e-67 3.00162646049e-103
leads 0.00208772836288 1.48374159105e-103 1.83414074566e-103 2.81951234368e-103 3.00162400493e-103
lean 2.08772836288e-103 1.48374159105e-103 1.83414074566e-103 2.81951234368e-103 0.00300162400493
leap 2.08772836288e-103 1.48374159105e-103 1.83414074566e-103 0.00281951234368 3.00162400493e-103
learned 1.49740817101e-75 0.00148374159105 1.83414074566e-103 2.81951234368e-103 3.00165579289e-103
learneds 0.00208772836288 1.48374159105e-103 1.83414074566e-103 2.76616488776e-66 3.00162400493e-103
lease 2.08772836288e-103 1.48374159105e-103 1.83414074566e-103 0.00563902468736 3.00162400493e-103
least 2.08772912591e-103 2.24045430176e-21 0.00183414074566 2.81951234368e-103 1.18476290949e-20
leaves 0.00208772893328 1.48374159105e-103 1.83414074566e-103 0.00563902391703 3.00162400493e-103
left 1.70528297114e-95 0.00148374159105 1.83414074566e-103 2.81951234368e-103 1.07520861283e-58
leisure 0.00208772836288 1.48374159105e-103 1.83414074566e-103 2.81951234382e-103 3.00162400493e-103
less 4.39394508593e-75 0.00148374159105 1.83414074566e-103 2.81951234368e-103 3.00162400493e-103
let 2.08772836324e-103 0.00148374159105 3.57161021257e-21 2.81951234368e-103 0.00300162400493
lie 2.08772836288e-103 1.48374159105e-103 1.83414074566e-103 0.00563902468736 3.00162400493e-103
lies 0.00208772836288 1.48374159105e-103 1.83414074566e-103 0.00845853703104 3.00162400493e-103
life 2.0877312713e-103 0.00282158588816 0.00201449302067 2.81951234368e-103 3.92571601875e-48
light 2.08772836288e-103 1.48374159105e-103 1.83414074566e-103 0.00563902468736 3.00162400493e-103
like 2.58543176504e-31 0.00214661302161 0.00468270007431 2.81951234368e-103 0.00300212736478
line 2.08772836288e-103 1.48374159105e-103 0.00183414074566 2.81951234368e-103 3.00162400493e-103
lips 5.73049701844e-36 8.44255009259e-21 0.00366828149132 2.81951234368e-103 7.63110207695e-79
live 2.14094673223e-53 0.00273896260958 0.00211662854259 0.00281951234368 3.17657049097e-48
lives 2.08772836288e-103 0.00148374159105 1.83414074566e-103 2.81951234368e-103 3.93987026069e-73
living 0.00208772836288 1.48374159105e-103 1.83414074566e-103 2.81951251364e-103 3.00162400493e-103
lofty 2.08772836288e-103 0.00148374159105 1.83414074566e-103 2.81951234368e-103 7.50427992295e-58
long 2.08777801095e-103 8.93554280681e-76 0.00366828149132 2.81951234368e-103 3.00163919244e-103
look 2.08772836288e-103 1.48374159105e-103 1.83414074566e-103 0.00281951234368 3.00162400493e-103
looked 2.08785742515e-103 1.48374159105e-103 0.00183414074566 2.18081719227e-72 3.00164293527e-103
looks 2.08772836288e-103 3.49422486254e-20 0.00366828149132 0.00281951234368 3.00162422007e-103
lords 0.00208772836288 3.48296617562e-25 7.11164466975e-53 2.81951234368e-103 3.00170901659e-103
lourst 1.80228156335e-48 0.00148374159105 4.83017301136e-38 2.81951235389e-103 6.83643652605e-57
love 0.00711321311249 0.0126465851716 2.11318551837e-16 0.0114737337874 5.75462703742e-37
lovely 0.00208772836288 1.48374159105e-103 1.83414074566e-103 2.81951234369e-103 3.00162400493e-103
loves 0.00834998906566 0.001484398549 1.06832603365e-28 2.81951234368e-103 6.07509268342e-71
loving 2.08772836288e-103 1.48374159105e-103 1.83414074566e-103 2.81951234368e-103 0.00300162400493
lovst 1.64163079615e-26 0.00148374159105 1.58431131969e-33 2.81951234368e-103 3.00162400894e-103
lusty 0.00208772836288 1.48374159105e-103 4.81515218926e-25 2.81951246923e-103 1.15150039343e-91
made 1.70745634544e-15 0.00148374159104 6.91641103891e-34 2.81951234368e-103 3.00162679468e-103
main 2.08772895455e-103 1.48374159105e-103 0.00183414074566 0.00281951234368 6.47451120162e-96
make 0.00209003645499 0.0058988640989 1.92732552914e-103 2.81951234368e-103 0.00607296480063
making 2.08772836288e-103 1.48374159105e-103 1.83414074566e-103 2.81951234368e-103 0.00600324800987
man 2.08774794483e-103 2.31430125617e-42 0.00183413685053 2.81951234368e-103 0.00300163037942
mans 0.0020877283635 0.00148374159061 2.02880992356e-48 2.38488074183e-32 3.00162460019e-103
many 2.0877283642e-103 0.00148374159105 1.83414074566e-103 2.81951234368e-103 2.51803675358e-57
manys 7.79993617609e-76 0.00148374159105 1.83414074566e-103 2.81951234368e-103 3.00162400493e-103
mark 2.08772836288e-103 1.48374159105e-103 1.83414074566e-103 0.00281951234368 3.00162400493e-103
mars 7.13096610362e-97 0.00148374159105 1.83414074566e-103 2.81951234368e-103 9.41958583593e-59
matter 2.08772836288e-103 0.00148374159105 1.83414074566e-103 2.81951234368e-103 5.7238913549e-55
may 0.0041022561236 1.48374159105e-103 1.83414074566e-103 0.00291837099072 3.00162400493e-103
mayst 0.00208772836288 1.48374159105e-103 1.83414074566e-103 2.81951234368e-103 3.00162400493e-103
me 0.0120951649938 0.0157233028556 0.00290683912195 0.0140981336346 0.00307494306178
measure 2.08772836288e-103 1.48374159105e-103 1.83414074566e-103 0.00281951234368 3.00162400493e-103
meetness 2.08772836288e-103 1.48374159105e-103 1.83414074566e-103 0.00281951234368 3.00162400493e-103
men 0.00295076814875 0.00383786527303 4.90540559691e-26 2.81951234368e-103 1.04718671842e-74
mercy 0.00208772836288 1.48374159105e-103 1.83414074566e-103 2.6454779057e-33 3.00162400493e-103
methinks 2.08772836288e-103 1.48374159105e-103 1.83414074566e-103 2.81951234368e-103 0.00300162400493
might 2.08772836288e-103 0.00148374159105 1.83414074566e-103 0.00281951234368 5.78047751641e-59
millioned 2.08772950367e-103 1.48374159105e-103 1.83414074566e-103 0.00281951234368 3.00162400493e-103
mind 2.08772912336e-103 1.48374159105e-103 0.00183414074566 2.81951234368e-103 6.88642262905e-92
minded 2.08772836288e-103 2.49863296061e-05 0.00180325366566 2.81951234368e-103 3.00162507579e-103
minds 2.08772836288e-103 1.48374159105e-103 1.83414074566e-103 0.00281951234368 3.00162400493e-103
mine 9.99987393551e-54 0.00865316245019 0.00214229927074 0.0112780493747 1.62767699213e-71
minutes 0.00208772836288 1.48374159105e-103 1.83414074566e-103 2.81951234368e-103 3.00162400493e-103
misplaced 2.08772836288e-103 1.48374159105e-103 1.83414074566e-103 0.00281951234368 3.00162400493e-103
misuse 0.00208772836288 1.48374159105e-103 1.83414074566e-103 8.44728551569e-19 3.00162400493e-103
modern 2.08772836288e-103 3.715682089e-11 0.00183414069973 2.81951234368e-103 3.00162400493e-103
monsters 0.00208772836288 4.68297647997e-62 1.68808677534e-69 2.81951234368e-103 3.00170901658e-103
moon 2.08772836288e-103 0.00148125971954 3.0679881761e-06 2.81951234368e-103 3.00162478705e-103
more 0.00208778383114 2.1485411401e-42 0.00733651425188 2.81951234368e-103 3.00175895627e-103
morning 0.00208772836288 2.3387223836e-20 8.91148683492e-38 2.81951234368e-103 3.00162400493e-103
morrow 2.08772836288e-103 1.48374159105e-103 1.83414074566e-103 0.00281951234368 3.00162400493e-103
mortal 2.81618648418e-75 0.00296748318209 1.83414074566e-103 2.81951234368e-103 3.07296889755e-103
most 2.08772836288e-103 1.48374159105e-103 1.83414074566e-103 2.81951234368e-103 0.00300162400493
mounted 0.00208772836288 6.48674048577e-26 1.91632363591e-53 2.81951234368e-103 3.00163629388e-103
much 4.57941637046e-21 1.48374159105e-103 1.83414074566e-103 0.00281951234368 3.00162400493e-103
murdrous 0.00208772836288 1.48374159105e-103 1.83414074566e-103 2.81951234368e-103 3.00162400493e-103
muse 2.08772836288e-103 0.00296748318209 7.26484436385e-19 2.81951234368e-103 3.00162440342e-103
must 0.00417545672576 1.48374159105e-103 1.20330692995e-88 2.81951240306e-103 3.00164836737e-103
my 0.0152344535772 0.035008903983 0.0163206682415 4.08796073711e-54 0.0186388194935
name 0.00221310033327 0.00256121563421 2.63627986598e-44 0.00342221415984 3.00164800884e-103
nativity 2.08772836288e-103 1.48374159105e-103 1.83414074566e-103 2.81951234368e-103 0.00300162400493
natures 0.00208772836288 1.48374159105e-103 1.83414074566e-103 2.81951234368e-103 3.00162400493e-103
nay 2.08772836288e-103 1.48374159105e-103 1.83414074566e-103 2.81951234368e-103 0.00600324800987
near 2.08772836288e-103 1.48374159105e-103 1.83414074566e-103 0.00281951234368 3.00162400493e-103
need 8.90518730987e-80 0.00148374159105 1.83414074566e-103 2.81951234368e-103 3.91550635019e-86
needst 2.08772836288e-103 0.00148374159105 1.83414074566e-103 2.81951234368e-103 5.16807015352e-57
neer 0.00208772437968 1.48374159105e-103 1.83414074566e-103 5.37937413109e-09 3.00162400493e-103
neglected 2.08772836288e-103 1.48374159105e-103 0.00183414074566 2.81951234368e-103 3.00162400655e-103
neither 2.08863361471e-103 0.00148374159105 1.83414074566e-103 2.81951234368e-103 1.02475935028e-56
never 2.08772836288e-103 0.00148374159105 1.83414074566e-103 2.81951234368e-103 4.63774933938e-57
new 0.00208772836288 1.48374171256e-103 1.27912508737e-52 2.81951234368e-103 8.62529643862e-85
niggard 2.08772836288e-103 0.00148374159105 1.83414074612e-103 2.81951234368e-103 3.00162478351e-103
night 2.08772836288e-103 1.48374159105e-103 0.00366828149132 0.00563902468736 3.00162400575e-103
nimble 0.0020969449548 0.00147719138988 1.83414074566e-103 2.81951234368e-103 3.00162400493e-103
no 0.0024668036659 0.0124444908725 0.00441911007513 2.81951234368e-103 0.0120720164763
none 0.000188030270894 1.48374159105e-103 1.83414074566e-103 0.0025655742935 0.00300162400493
nor 5.38135220371e-44 0.00192905552956 0.00732612041021 2.81951234368e-103 0.0261308310847
not 0.00763361932485 0.0124638427042 0.0182096970069 0.00286211017263 1.61401123877e-39
nothing 2.08772836288e-103 1.48374159105e-103 1.83414074566e-103 2.81951234368e-103 0.00300162400493
now 0.00419388994242 0.00147064116539 1.83414074566e-103 2.81951234368e-103 0.0090048720148
oaths 8.6673423628e-64 0.00296748313275 6.09920495545e-11 2.81951234368e-103 1.93387807202e-39
objects 2.08772836288e-103 0.00148374159105 3.01307824949e-20 2.81951234368e-103 2.01814325217e-28
oblivion 8.75736573698e-76 0.00148374159105 1.83414074566e-103 2.81951234368e-103 3.00162400493e-103
obsequious 0.00208772836288 1.48374159105e-103 1.83414074566e-103 2.81951234368e-103 3.00162400493e-103
ocean 0.00417545672576 1.48374159105e-103 1.83414074566e-103 1.37352488552e-84 3.00162400493e-103
of 0.0285402977163 0.00299865247602 0.0646018192651 3.70950512738e-85 0.0092649487259
offenders 2.08772836288e-103 0.00148374159105 1.83414074566e-103 2.81951234368e-103 9.55884359327e-71
oft 2.08814770905e-103 1.48374159105e-103 0.00183414074566 2.81951234784e-103 5.22721012119e-73
old 2.08773769288e-103 1.07489734017e-54 0.00366828149132 2.81951234368e-103 3.0017427084e-103
on 0.00241861566336 0.00918976204617 0.00849668202581 0.00281951234368 0.00304771179594
once 2.09891234104e-103 0.00148374159105 1.83414074566e-103 2.81951234368e-103 6.98526569107e-60
one 0.00543653917222 0.00207123591898 2.10681083501e-10 1.97699535806e-95 3.09255205529e-103
only 0.00208772836288 1.48374159105e-103 1.83414074566e-103 2.81951354645e-103 3.00162400493e-103
open 0.00208772836288 1.48374159105e-103 1.83414074566e-103 2.81951234368e-103 3.00162400493e-103
or 2.08772950367e-103 1.48374159105e-103 0.00366828148884 0.00281951234368 0.0150081200287
other 3.56304053137e-72 0.00296748318209 0.00183414074566 2.81951234368e-103 3.75233503311e-46
others 5.13767653965e-32 0.00296748318209 1.51832715495e-31 2.81951234368e-103 3.00162400493e-103
our 0.00209694500715 0.00147620616046 1.83414074566e-103 2.81951234368e-103 0.00600524106352
out 2.08772843103e-103 0.000647674020263 0.00470179406989 0.00281951234368 3.00162401415e-103
outward 0.00208772829549 0.00148374163894 2.83811572233e-72 2.81951234368e-103 2.29603986939e-61
over 0.00209693193869 0.00147720064038 1.83414074566e-103 2.81951234368e-103 3.00182097063e-103
overturn 2.08772836288e-103 1.48374159105e-103 1.83414074566e-103 0.00281951234368 3.00162400493e-103
own 1.08348826535e-86 1.62853100522e-50 0.0091707037283 1.28994289929e-83 4.69327486131e-80
owners 0.00208772836288 1.48374159105e-103 4.63617631146e-77 2.81951234368e-103 3.00162891304e-103
painter 2.08772912336e-103 1.48374159105e-103 0.00183414074566 2.81951234368e-103 3.17301014069e-93
painting 0.00208772836288 1.48374159105e-103 1.72361172662e-77 2.81951234368e-103 3.00162400493e-103
part 2.08772836288e-103 1.48374159105e-103 1.83414074566e-103 0.00563902468736 3.00162400493e-103
partial 2.08772950367e-103 1.48374159105e-103 1.83414074566e-103 0.00281951234368 3.00162400493e-103
particulars 2.08773303496e-103 0.00148374159105 5.70321723653e-25 2.81951234368e-103 9.81061366079e-85
parts 0.00208772836288 4.04632937968e-27 5.25204024472e-52 2.81951400543e-103 3.00163270255e-103
pass 2.08772836288e-103 1.48374159105e-103 1.83414074566e-103 0.00281951234368 3.00162400493e-103
past 2.08772836288e-103 1.48374159105e-103 1.83414074566e-103 2.81951234368e-103 0.00300162400493
patience 1.4473793172e-91 0.00148374159105 1.83414074566e-103 2.81951234368e-103 3.14806741708e-103
pen 0.00205196823698 1.48374159105e-103 0.0018655572389 2.81951234368e-103 3.00401192079e-103
pencil 2.08772836291e-103 1.48374159105e-103 0.00183414074566 2.81951234368e-103 3.00163049645e-103
penury 2.36474169501e-103 0.00148374159105 1.83414074566e-103 2.81951234368e-103 6.28916155528e-63
perceive 2.33305253543e-94 0.00148374159105 1.83414074566e-103 2.81951234368e-103 1.99614584253e-65
perfect 0.00208772836288 1.48374159105e-103 1.83414074566e-103 2.81951234368e-103 3.00162400493e-103
perfection 2.08772836288e-103 1.48374159105e-103 0.00183414074566 2.81951234368e-103 3.00162400655e-103
perfumes 2.20123358761e-41 2.06552434304e-17 0.00366824919619 2.81951234368e-103 5.28519020732e-08
permit 1.56561815513e-75 0.00148374159105 1.83414074566e-103 2.81951234368e-103 3.00162914235e-103
philomel 2.09190903673e-103 0.00148374159105 1.83414074566e-103 2.81951234368e-103 4.75116196441e-56
physician 0.00208772836288 7.15479777429e-24 1.7699525136e-48 2.81951234368e-103 3.0016512316e-103
picture 2.08772836288e-103 4.16180652398e-21 0.00183414074566 2.81951234368e-103 3.00162447464e-103
placed 2.08772950367e-103 1.48374159105e-103 1.83414074566e-103 0.00281951234368 3.00162400493e-103
plants 0.00208772836288 1.48374159105e-103 1.83414074566e-103 2.81952140267e-103 3.00162400493e-103
play 2.08773904095e-103 1.48374159105e-103 0.00183414074566 2.81953689367e-103 5.53009006144e-103
plea 0.00208772836288 1.48374159105e-103 1.83414074566e-103 1.42292955524e-92 3.00162400493e-103
plead 2.28762775779e-25 1.48374159105e-103 4.82796484082e-30 2.81951234368e-103 0.00300162400493
pleasure 2.08772836288e-103 1.48374159105e-103 1.83414074566e-103 0.00281951234368 3.00162400493e-103
poet 2.08772920353e-103 1.48374159105e-103 0.00183414074566 0.00281951234368 4.16499512824e-99
poor 6.0046633762e-30 0.00404793268871 0.0023326739464 2.81951243886e-103 3.00163042636e-103
possessed 2.08782542277e-103 0.00148374159105 8.25284264322e-30 2.81951234368e-103 3.00162404312e-103
power 2.08772836288e-103 1.48374159105e-103 1.83414074566e-103 0.00281951234368 3.00162400493e-103
praise 0.00208767446045 1.48374159105e-103 0.00176308452845 0.00574832785854 3.00162400493e-103
prayers 0.00208772836288 1.48374159105e-103 1.83414074566e-103 2.81951234368e-103 3.00162400493e-103
pride 2.08772881533e-103 1.48374159105e-103 0.00183414074566 2.23223793858e-22 3.00162400493e-103
prime 2.08772836288e-103 1.48374159105e-103 1.83414074566e-103 0.00281951234368 3.00162400493e-103
princes 1.41011397682e-13 0.00148374184525 3.79904361822e-32 2.81951234368e-103 0.00300162349047
private 2.08772836288e-103 1.48374159105e-103 0.00183414074566 2.81951234368e-103 3.00162400656e-103
profitless 2.08772836288e-103 1.48374159105e-103 1.83414074566e-103 2.81951234368e-103 0.00300162400493
proud 0.0020969449548 0.00147719138988 1.83414074566e-103 2.81951234368e-103 3.00163411845e-103
prove 2.08772836288e-103 1.48374159105e-103 1.83414074566e-103 0.00563902468736 3.00162400493e-103
put 2.08772836356e-103 0.00148374159105 1.10802206221e-36 2.81951234368e-103 3.00162400495e-103
queen 2.08772836288e-103 1.48374159105e-103 1.83414074566e-103 0.00281951234368 3.00162400493e-103
quick 2.08772836288e-103 0.00296748300303 2.21343940209e-10 2.81951234368e-103 3.00162439422e-103
quicker 2.08772836288e-103 1.48374159105e-103 0.00183414074566 2.81951234368e-103 3.00162515079e-103
quill 3.08671465271e-11 1.48374159316e-103 0.00183414071854 2.81951234368e-103 4.74156475819e-49
quite 2.08772836288e-103 1.48374159105e-103 1.83414074566e-103 0.00563902468736 3.00162400493e-103
rainy 0.00208772836288 1.48374159105e-103 1.83414074566e-103 2.81951234368e-103 3.00162400493e-103
ranged 2.08772836288e-103 1.48374159105e-103 1.83414074566e-103 0.00281951234368 3.00162400493e-103
rare 2.08772836288e-103 1.48374159105e-103 1.83414074566e-103 0.00563902468736 3.00162400493e-103
rather 2.08772836288e-103 0.00148374159105 1.83414074566e-103 2.81951234368e-103 1.67683270333e-58
razed 2.08772836288e-103 5.74586361849e-30 1.83414074566e-103 2.81951234368e-103 0.00300162400493
read 2.0877286536e-103 2.37789515067e-20 0.00183414074566 2.81951234368e-103 2.55098726795e-35
reap 2.08772836288e-103 1.48374159105e-103 1.83414074566e-103 0.00281951234368 3.00162400493e-103
reason 1.19418554951e-86 0.00296748318209 1.83414074566e-103 2.81951234368e-103 2.51697084613e-72
receipt 5.03766960052e-78 0.00148374159105 1.18421276266e-83 2.81951234368e-103 3.00162735683e-103
receives 2.08772925982e-103 1.48374159105e-103 1.83414074566e-103 0.00281951234368 3.00162400493e-103
receivest 2.08772836288e-103 1.48374159105e-103 1.83414074566e-103 0.00281951234368 3.00162400493e-103
reckoning 2.02648878633e-74 0.00148374159105 1.83414074566e-103 2.81951234368e-103 3.00162400493e-103
record 2.08772836288e-103 0.00148374159105 1.83414074566e-103 2.81951234368e-103 2.03629836367e-55
red 2.08772836288e-103 1.48374159105e-103 0.00183414074566 2.81951234368e-103 3.00162400493e-103
redeem 2.08772836288e-103 1.48374159105e-103 1.83414074566e-103 0.00281951234368 3.00162400493e-103
reign 2.08772836288e-103 1.48374159105e-103 1.83414074566e-103 0.00281951234368 3.00162400493e-103
remember 0.00208772836288 1.48374159105e-103 1.83414074566e-103 2.81951234368e-103 3.00162400493e-103
removed 0.00208772836288 2.62986368152e-39 4.05531822592e-61 2.81951234368e-103 3.00166137135e-103
report 2.08772836288e-103 1.48374159105e-103 1.83414074566e-103 0.00281951234368 3.00162400493e-103
reserve 2.08772836288e-103 1.48374159105e-103 1.83414074566e-103 2.81951234368e-103 0.00300162400493
respect 2.08772836288e-103 1.48374159105e-103 1.83414074566e-103 0.00281951234368 3.00162400493e-103
resting 2.08772836288e-103 0.00148374159105 7.72682983191e-34 2.81951234368e-103 3.00162400493e-103
return 2.08772836288e-103 1.48374159105e-103 1.83414074566e-103 2.81951234368e-103 0.00300162400493
review 2.08772836288e-103 1.48374159105e-103 1.83414074566e-103 0.00281951234368 3.00162400493e-103
reviewest 2.08772836289e-103 9.86880451611e-22 0.00183414074566 2.81951234368e-103 3.80635624807e-103
rhyme 2.08772836288e-103 1.48374159105e-103 1.83414074566e-103 0.00281951234368 3.00162400493e-103
rich 2.08773156052e-103 1.48374159105e-103 0.00183414074566 2.81951234368e-103 1.40186760315e-68
ride 2.08772836288e-103 1.48374159105e-103 1.83414074566e-103 0.00281951234368 3.00162400493e-103
right 0.0020969449548 0.00147719138988 1.83414074566e-103 2.81951234368e-103 3.00162400493e-103
rightly 9.06416515149e-99 0.00148374159105 1.83414074566e-103 2.81951234368e-103 4.7115489132e-62
rocks 2.08772836288e-103 0.00148374159105 1.83414074566e-103 2.81951234368e-103 3.14807142476e-103
rolling 2.08772836288e-103 1.48374159105e-103 1.83414074566e-103 0.00281951234368 3.00162400493e-103
roof 2.08772836288e-103 1.48374159105e-103 0.00183414074566 2.81951234368e-103 3.00162400656e-103
roses 2.08772836288e-103 1.48374159105e-103 0.00183414074566 2.81951234368e-103 3.00162400656e-103
ruinate 2.08772836288e-103 1.48374159105e-103 1.83414074566e-103 0.00281951234368 3.00162400493e-103
sacred 5.18465021358e-77 0.00148374159105 1.83414074566e-103 2.81951234368e-103 3.00677372848e-103
sail 0.00208772836288 1.48374159105e-103 2.78192808306e-19 2.81951234368e-103 4.21804541059e-44
saint 1.40652583441e-08 0.00148373159491 7.51877633076e-35 2.81951234368e-103 3.00164564246e-103
sake 2.34690446045e-16 0.00148374159102 3.27905968857e-14 2.81951234368e-103 3.55552056828e-94
salve 2.08772836288e-103 1.48374159105e-103 0.00183414074566 2.81951234368e-103 3.00162400494e-103
salving 2.08772836288e-103 1.48374159105e-103 0.00183414074566 2.81951234368e-103 3.00162400656e-103
same 2.08772836288e-103 1.48374159105e-103 1.83414074566e-103 0.00281951234368 3.00162400493e-103
sap 2.08772836288e-103 1.48374159105e-103 0.00183414074467 2.81951234368e-103 0.00300162400656
saucy 9.37907472692e-72 0.00148374159105 1.83414074566e-103 2.81951234368e-103 3.00162400493e-103
savour 2.08772836288e-103 1.48374159105e-103 1.83414074566e-103 0.00281951234368 3.00162400493e-103
say 0.0041936836348 0.00443827085978 1.35784309555e-10 0.00563902468736 3.12124842806e-77
scaped 2.08772836294e-103 1.48374159105e-103 0.00183414074566 2.81951234581e-103 3.00162400658e-103
scope 2.08772836288e-103 1.48374159105e-103 1.83414074566e-103 0.00281951234368 3.00162400493e-103
sea 2.08772836288e-103 1.48374159105e-103 0.00183414074566 2.81951234368e-103 3.00162400493e-103
sealed 1.47654872009e-72 0.00148374159105 1.83414074566e-103 2.81951234368e-103 3.00162400493e-103
seasons 2.08773154984e-103 1.48374159105e-103 0.00183414074566 2.81951234368e-103 3.00162400493e-103
second 0.00208772836288 0.00148374159105 7.83966614787e-65 1.57640915999e-53 3.00162470695e-103
see 0.00208424310524 0.00295323100974 5.83761761085e-13 2.81951251333e-103 0.00603709121216
seek 0.00208772836265 1.48374159105e-103 1.83414074566e-103 0.00281951234399 3.00162400493e-103
seeking 2.08772836288e-103 1.48374159105e-103 1.83414074566e-103 2.81951234368e-103 0.00300162400493
seem 2.0877299617e-103 1.48374159105e-103 0.00366828149132 2.81951234368e-103 2.14245624696e-85
seen 2.99589635233e-93 0.00445122477314 2.56677786782e-17 0.00281951234368 1.40151582963e-100
seest 2.85450160361e-28 0.00148374159105 1.63495180969e-33 2.81951234368e-103 3.00162902946e-103
seeting 2.08772836288e-103 1.48374159105e-103 0.00183414074566 2.81951234368e-103 3.00162400656e-103
self 0.00435503426655 0.0102585659774 1.53233441751e-30 4.83532879356e-66 2.21081304077e-47
selfs 0.00208772836288 1.48374159105e-103 1.83414074566e-103 2.81951234368e-103 3.00162400493e-103
sendst 2.08772837998e-103 1.48374159105e-103 0.00183414074566 2.81951234368e-103 3.00172718091e-103
separation 2.08772836288e-103 1.48374159105e-103 0.00183414074566 2.8195393754e-103 3.00162400656e-103
set 2.08772836288e-103 1.48374159105e-103 1.83414074566e-103 0.00281951234368 3.00162400493e-103
shadow 2.08772836288e-103 0.00148374159105 1.83414074566e-103 2.81951234368e-103 3.00162478351e-103
shadows 2.08772836288e-103 0.00148374159105 5.73906565001e-31 2.81951234368e-103 3.00162400493e-103
shady 2.09260353966e-103 0.00148374159105 6.1067464276e-34 2.81951234368e-103 3.00162400493e-103
shaken 2.08772836288e-103 1.48374159105e-103 1.83414074566e-103 0.00281951234368 3.00162400493e-103
shall 0.00629083496324 0.00146409091725 0.0018341406983 2.81951234368e-103 0.00600324808746
shalt 2.08772837493e-103 1.48374159105e-103 0.00183414074566 2.81951234368e-103 3.00168119126e-103
shamefully 2.08772950367e-103 1.48374159105e-103 1.83414074566e-103 0.00281951234368 3.00162400493e-103
shames 0.00208772836288 2.13689485702e-53 7.31035522181e-69 2.81951234368e-103 3.00170901567e-103
sharpst 0.00208772836288 1.48374159105e-103 1.83414074566e-103 2.88370864666e-55 3.00162400493e-103
she 0.00399494185794 6.86723132108e-06 0.00198424023795 2.81978042693e-103 6.2450796075e-56
sheaves 2.08772836288e-103 1.48374159105e-103 1.83414074566e-103 0.00281951234368 3.00162400493e-103
shines 2.08772836288e-103 1.48374159105e-103 1.83414074566e-103 0.00281951234368 3.00162400493e-103
shop 2.08772836288e-103 1.48374159105e-103 0.00183414074566 2.81951711961e-103 3.00162400656e-103
short 2.53154901175e-103 1.48374159105e-103 1.83414074566e-103 0.00563902468736 3.00162400493e-103
should 0.00249168989883 0.0086153554287 2.17207125358e-100 2.81951234368e-103 8.89075856993e-65
show 2.08772836288e-103 1.48374159105e-103 1.83414074566e-103 0.00281951234368 0.00300162400493
sick 6.93864967773e-86 0.00296748318209 2.62607770141e-15 2.81951234368e-103 3.00165698423e-103
sight 2.08772836288e-103 1.48374159105e-103 1.83414074566e-103 0.00563902468736 3.00162400493e-103
simple 0.00208772836288 1.48374159105e-103 1.83414074566e-103 2.81951234368e-103 3.00162400493e-103
simply 2.08772836288e-103 1.48374159105e-103 1.83414074566e-103 2.81951234368e-103 0.00300162400493
since 0.00209232142438 0.00296421890859 1.83414074566e-103 2.81951234368e-103 1.24590139688e-64
sing 2.08772836288e-103 1.48374159105e-103 1.83414074566e-103 0.00563902468736 0.00300162400493
sit 2.08772836288e-103 1.48374159105e-103 1.83414074566e-103 0.00281951234368 3.00162400493e-103
skill 2.08772836288e-103 1.48374159105e-103 1.83414074566e-103 0.00563902468736 3.00162400493e-103
slander 2.08772871926e-103 0.00148374159105 7.7175086764e-17 2.81951234368e-103 3.00162400493e-103
slept 2.08773556413e-103 0.00148374159105 3.00886594506e-25 2.81951234368e-103 3.00162401592e-103
smell 0.00208772836288 5.30107727642e-31 6.22685331229e-60 0.00281951234368 3.00162400493e-103
so 0.0203443028812 0.0131514551586 4.0929288613e-31 1.39178360743e-62 0.0161835025676
soil 2.08772836288e-103 0.00148374159105 3.80007320396e-42 2.81951234368e-103 3.00162432976e-103
sole 2.08772950367e-103 1.48374159105e-103 1.83414074566e-103 0.00281951234368 3.00162400493e-103
solemn 2.08772836433e-103 0.00148374159105 5.20824461044e-35 2.81951234368e-103 3.00162400505e-103
some 2.08782457537e-103 6.74522147802e-09 0.0110048361358 2.81951234368e-103 3.00190647691e-103
sometime 0.00208772836288 1.48374159105e-103 1.83414074566e-103 2.81951234368e-103 0.00300162400493
son 2.08772836288e-103 1.48374159105e-103 1.83414074566e-103 0.00281951234368 3.00162400493e-103
soon 7.88114537794e-50 6.88932523497e-07 0.00183328911542 2.81951234368e-103 1.4442801095e-79
sooner 2.0879286047e-103 0.00148374159105 6.1130902533e-29 2.81951234368e-103 3.00162469872e-103
sorrow 2.08772836288e-103 1.48374159105e-103 1.83414074566e-103 0.00281951234368 3.00162400493e-103
sorry 0.00208772836288 1.48488555494e-103 1.85331366872e-77 2.81951234368e-103 3.00162400493e-103
soul 1.39364217792e-78 0.00148374159105 1.83414074566e-103 2.81951234368e-103 3.00174767542e-103
sounds 2.08772836288e-103 1.48374159105e-103 1.83414074566e-103 0.00281951234368 3.00162400493e-103
sour 2.08772836288e-103 1.48374159105e-103 1.83414074566e-103 0.00281951234368 3.00162400493e-103
spacious 2.08772836288e-103 1.48374159105e-103 1.83414074566e-103 0.00281951234368 3.00162400493e-103
speak 2.08772836288e-103 1.48374159105e-103 1.83414074566e-103 0.00281951234368 3.00162400493e-103
speaking 0.00208772836288 1.48374159105e-103 1.83414074566e-103 2.81951234368e-103 3.00162400493e-103
spend 2.08772836288e-103 1.48374159105e-103 1.83414074566e-103 0.00281951234368 3.00162400493e-103
spheres 2.08772836288e-103 1.48374159105e-103 0.00183414074566 2.81951234368e-103 3.00162400497e-103
spies 2.08772836288e-103 1.48374159105e-103 1.83414074566e-103 0.00281951234368 3.00162400493e-103
spirit 0.00626318508864 4.54972526959e-22 2.79934221174e-41 2.81951234368e-103 4.37135392912e-33
spirits 0.00208772836288 1.48374159105e-103 7.4325809497e-78 2.81951234368e-103 3.00162400493e-103
spread 2.08772836288e-103 1.48374159105e-103 1.83414074566e-103 0.00281951234368 3.00162400493e-103
spring 2.08772836288e-103 1.48374159105e-103 1.83414074566e-103 0.00281951234368 3.00162400493e-103
springs 2.08772836288e-103 2.29909433339e-31 0.00183414074566 2.81951234368e-103 3.00162404916e-103
spur 2.08772836343e-103 0.00148374159105 4.99301831107e-33 2.81951234368e-103 3.00162400493e-103
stand 8.34713208711e-103 0.00148374159105 1.83414074566e-103 0.00281951234368 5.78017446267e-63
star 0.00125571727352 0.00207504909993 7.15534262517e-24 2.81951234368e-103 3.4443882556e-52
state 2.08772836288e-103 0.00148374159077 3.45784909916e-13 2.81951234368e-103 3.00162400553e-103
statues 1.42622766711e-38 1.48374159105e-103 1.83414074566e-103 0.00281951234368 3.00162400493e-103
stealth 2.08772836288e-103 1.48374159105e-103 0.00183414074566 2.81951234368e-103 3.00162400656e-103
steep 2.08772939933e-103 1.48374164727e-103 0.00183414074566 2.81951234368e-103 2.80873750128e-93
steepy 0.00208772836288 1.48374159105e-103 1.83414074566e-103 2.81951234368e-103 3.00162400493e-103
still 0.00208772817694 0.00148374159105 1.40768708178e-30 0.00563902493847 3.00162425635e-103
stones 4.53120247764e-75 0.00148374159105 1.83414074566e-103 2.81951234368e-103 3.00162519067e-103
story 0.00417545672576 5.22633245413e-37 2.10766298476e-64 2.81951234368e-103 3.00162645899e-103
stout 2.08772836288e-103 1.48374159105e-103 1.83414074566e-103 0.00281951234368 3.00162400493e-103
straight 0.00208772836288 1.48374159105e-103 1.83414074566e-103 0.00281951234368 0.00300162400493
strangely 0.00208772836288 1.48374159105e-103 1.83414074566e-103 2.81951234368e-103 3.00162400493e-103
strength 2.0877299617e-103 6.94174801747e-39 0.00366828149132 2.81951234368e-103 3.00162400574e-103
strive 2.08772836288e-103 1.48374159105e-103 1.83414074566e-103 0.00281951234368 3.00162400493e-103
such 0.00417248243009 0.00296959700411 1.29987635651e-34 2.81951238311e-103 3.00162400493e-103
suffer 2.0877303506e-103 0.00148374159105 4.17176797105e-72 2.81951234368e-103 1.23778406413e-94
sufferance 0.00208772836287 6.66730926401e-15 9.38644360157e-21 2.81951234368e-103 3.00162400493e-103
summer 2.08772950367e-103 1.48374159105e-103 1.83414074566e-103 0.00281951234368 3.00162400493e-103
summers 0.00260607757503 0.00236243278358 0.00396083257323 3.92970512437e-65 3.00163653674e-103
sun 2.08772836288e-103 1.48374159105e-103 0.00183414074566 2.81951234368e-103 3.00162400493e-103
sunken 2.08772950367e-103 1.48374159105e-103 1.83414074566e-103 0.00281951234368 3.00162400493e-103
surety 0.00208772836288 6.94344268066e-17 6.57287986815e-50 2.81951234368e-103 1.28688648902e-64
swallowed 0.00208772836288 1.48374159105e-103 1.83414074566e-103 2.81951234368e-103 3.00162400493e-103
sweet 0.0062710439768 0.00442162723357 3.63652766552e-24 1.52093831528e-20 0.00305020103362
sweetest 0.00208772836288 1.55815349578e-23 3.25923267048e-51 2.81951234368e-103 3.00162400493e-103
sweetly 2.08772836288e-103 0.00148374158337 1.83414074566e-103 2.81951234368e-103 1.55276700889e-11
sweetness 2.08772836288e-103 1.48374159105e-103 1.83414074566e-103 0.00281951234368 3.00162400493e-103
sweets 2.08772836288e-103 1.48374159105e-103 1.83414074566e-103 0.00281951234368 3.00162400493e-103
sword 2.08772836288e-103 4.2327821544e-24 0.00183414074566 2.81951234368e-103 3.38977721718e-20
take 6.23139903847e-28 1.48374159105e-103 1.83414074566e-103 0.00281951234368 3.00162400493e-103
taken 2.08772836288e-103 1.48374159105e-103 1.83414074566e-103 0.00563902468736 3.00162400493e-103
tame 2.08772836288e-103 0.00148371099218 3.78250697001e-08 2.81951234368e-103 3.00162400497e-103
tan 2.08772836288e-103 1.48374159105e-103 1.83414074566e-103 2.81951234368e-103 0.00300162400493
taste 1.02886280413e-75 0.00148374159105 1.83414074566e-103 2.81951234368e-103 3.00165358517e-103
taught 2.08772838829e-103 0.000892148146437 0.00256544439595 2.81951234368e-103 3.57357944327e-24
teach 2.08772836288e-103 0.00148374159105 2.53063695852e-29 2.81951234368e-103 3.00162400493e-103
tear 2.08772836288e-103 1.48374159105e-103 1.83414074566e-103 0.00281951234368 3.00162400493e-103
tell 2.08773148237e-103 1.48374159105e-103 0.00186306270533 0.00845853703104 0.00595591639226
tells 5.42192693592e-06 0.00147988824564 7.03138099643e-31 2.81951234368e-103 3.00165142923e-103
testy 2.08772836288e-103 0.00148374159105 1.83414074566e-103 2.81951234368e-103 1.87349348567e-56
than 2.08772836288e-103 1.48374159105e-103 0.00183414074566 2.81951234368e-103 3.00162400493e-103
thanks 2.46125195423e-41 0.00148355637536 9.04350573513e-78 2.81951234368e-103 3.74693169122e-07
that 0.00320750334466 0.0289536484898 0.0219042906116 1.26007305012e-65 0.0330393600299
thats 2.08772836288e-103 1.48374159105e-103 1.83414074566e-103 2.81951234368e-103 0.00300162400493
the 0.0322635243522 0.0273961049618 0.0559304000453 1.06597181235e-22 0.0347823584272
thee 0.00499937145871 1.84092612111e-12 0.00982093007483 0.0176243224905 1.05886115284e-43
their 0.0121494224527 0.00323537867395 3.74858270828e-46 3.51958616807e-47 3.00240148949e-103
theirs 2.08772836288e-103 1.48374159105e-103 1.83414074566e-103 2.81951234368e-103 0.00300162400493
them 7.19416768903e-91 0.00445122477314 1.20913219824e-16 2.81951234368e-103 6.70287494728e-58
themselves 0.00208772836289 1.20571886028e-37 0.00183414074565 2.81951234368e-103 3.001921472e-103
then 0.00241336220418 0.00310125335238 1.14588748136e-29 2.81951234368e-103 0.032279066775
thence 2.08772836288e-103 1.48374159105e-103 1.83414074566e-103 2.81951234368e-103 0.00300162400493
there 2.08772838076e-103 0.00141151574141 0.00366799740377 2.81951234368e-103 0.00314820253498
therefore 0.00415050610137 0.00284002159791 5.4447142802e-74 2.05787240359e-44 0.00629697673436
these 2.08848633723e-103 0.00293258160461 6.00587896814e-52 2.81951234368e-103 0.00307223024353
they 2.08772836288e-103 1.48374159105e-103 0.00366828149033 2.81951234368e-103 0.00600324801149
thine 0.00417771794848 1.71070014232e-31 0.00193393855085 0.0111213103061 0.00300191377515
thing 0.00205196848392 1.48374159105e-103 0.00186555702195 2.81951234368e-103 1.86056454874e-100
things 0.00628881825624 0.00146552418425 1.83414074566e-103 1.13089996387e-52 9.89995430619e-102
think 3.6022620592e-76 0.00148373905156 1.83414074566e-103 2.81951234368e-103 0.00300162914235
thinking 2.08772836288e-103 0.00148374159101 3.87204807511e-14 2.81951234368e-103 3.00162406561e-103
thinks 6.47629985948e-33 1.48374159105e-103 0.00183414074566 2.86877961952e-74 3.00279269974e-103
thinly 0.00208772836288 1.48374159105e-103 1.83414074566e-103 2.81951234368e-103 3.00162400493e-103
this 0.0124713495286 0.00894155506422 4.29781152067e-22 0.00563901988678 1.27257214841e-50
thorns 2.08772836288e-103 6.0201952947e-24 0.00183414074566 2.81951234368e-103 3.00162400655e-103
those 5.72612688175e-10 0.00445122436618 1.42331913243e-31 2.81951234368e-103 3.01356886594e-103
thou 0.0150824490312 0.0302496437304 0.00419933607908 4.41214852129e-26 0.0123028144796
though 2.08772836288e-103 0.00148374159105 0.00366828149132 2.81951234368e-103 2.02312351141e-47
thought 2.08772836288e-103 3.77442380061e-17 0.00183414074566 2.81951234368e-103 3.00162446476e-103
thoughts 7.41476864629e-66 1.94158431091e-15 0.00550242223698 2.81951234368e-103 3.3288642749e-76
thralled 0.00208772836288 1.48374159105e-103 1.83414074566e-103 2.81951234368e-103 3.00162400493e-103
three 2.08772838028e-103 1.48374159105e-103 0.0018340288018 2.81951234368e-103 0.00600343120921
throned 0.00208772836288 1.48374159105e-103 1.83414074566e-103 2.81951242249e-103 3.00162400493e-103
through 1.25145781985e-37 0.00296748318209 2.13247803582e-15 2.81951234368e-103 6.60246503207e-42
thus 2.0877283642e-103 0.00296748318099 7.11781092952e-24 2.81951234368e-103 0.00300162400716
thy 0.020258993197 0.00348051578901 0.0182145321399 3.88769633102e-99 0.00306033389726
tibey 2.08772836288e-103 1.48374159105e-103 1.83414074566e-103 2.81951234368e-103 0.00300162400493
till 2.08772836288e-103 1.48374159105e-103 1.83414074566e-103 2.81951234368e-103 0.00300162400493
time 1.9964718351e-19 0.00220961475126 0.00827340897875 0.00845853703104 7.57222030192e-36
times 2.08773071809e-103 1.48374159105e-103 0.00183414074566 2.81951234368e-103 9.11324891784e-73
tired 6.00030683308e-33 0.00148374159105 5.3006967228e-31 2.81951234368e-103 3.0016286846e-103
tis 2.08772836288e-103 1.48374159105e-103 1.83414074566e-103 2.81951234368e-103 0.00300162400493
to 0.0364272176611 0.00303080272166 0.0425653821733 1.81807614671e-72 0.0339237796128
today 2.08772836288e-103 1.48374159105e-103 0.00366828149132 2.81951234368e-103 3.00162400636e-103
toil 5.33237668601e-06 1.91770971956e-05 0.00180575012624 2.81951234368e-103 2.10109216477e-19
tomb 2.08772836288e-103 1.48374159105e-103 1.83414074566e-103 0.00281951234368 3.00162400493e-103
tomorrow 0.00208772836288 1.48374159105e-103 1.83414074566e-103 2.81951234368e-103 0.00300162400493
tongue 2.08775219372e-103 0.00148374159105 1.83414074566e-103 0.00281951234368 5.67480141038e-53
tongues 2.08772841627e-103 1.48374159105e-103 0.00183414074566 2.81951234368e-103 3.00185487775e-103
too 0.00208784758599 0.00148365685958 1.83414074566e-103 5.92065462011e-58 9.34581448435e-54
took 0.00208772836288 1.48374159105e-103 1.25198606688e-69 2.81951234368e-103 3.00162400511e-103
top 0.00208772836288 7.05613304427e-25 3.0267595592e-44 2.81951234368e-103 3.00162896443e-103
travelled 2.71969296098e-81 0.00148374159105 1.83414074566e-103 2.81951234368e-103 5.0049367798e-80
treasure 0.00208772836288 1.38278575712e-23 9.43327481614e-49 2.81951234368e-103 3.00162891304e-103
trees 2.08772836288e-103 0.00148374159105 2.60943163209e-17 2.81951234368e-103 3.00162478522e-103
tresses 2.08772836288e-103 0.00148374159105 1.32613829235e-31 2.81951234368e-103 3.00162400494e-103
trifles 0.00208772836288 1.48374159105e-103 1.83414074566e-103 2.81951234368e-103 3.00162400493e-103
true 2.0878587085e-103 0.00296748318209 1.35600604056e-47 2.81951234368e-103 8.91354001811e-66
truly 0.00208940110597 0.0014825527781 1.83414074566e-103 2.81951291836e-103 2.16953971633e-52
trust 0.00208772836288 7.78727206528e-60 5.30996120157e-62 2.81951234368e-103 3.00162400493e-103
truth 2.08772836288e-103 1.48374159105e-103 0.00183414074566 0.00281951234368 3.00162400493e-103
tune 0.00208772836288 1.48374159105e-103 1.83414074566e-103 2.81951234368e-103 3.00162400493e-103
tuned 0.00208772836288 1.48374159105e-103 1.83414074566e-103 1.57520878878e-33 3.00162400493e-103
turned 2.08772836288e-103 1.48374159105e-103 1.83414074566e-103 0.00281951234368 3.00162400493e-103
twilight 0.00208772836288 5.67024646483e-26 6.50047019202e-53 2.81951234368e-103 3.00162891304e-103
two 0.002087728363 6.018887595e-10 0.00183292246046 2.81951234368e-103 0.00300361654586
tyrant 2.08772836356e-103 0.00148374159105 1.83414074566e-103 2.81951234368e-103 9.03551631986e-48
under 2.08772836288e-103 1.48374159105e-103 1.83414074566e-103 2.81951234368e-103 0.00300162400493
uneared 2.08772950367e-103 1.48374159105e-103 1.83414074566e-103 0.00281951234368 3.00162400493e-103
unkindness 0.00208772836288 1.48374159105e-103 1.83414074566e-103 3.98005056676e-28 3.00162400493e-103
unknown 0.00208772836288 1.48374159105e-103 1.83414074566e-103 2.81951234368e-103 3.00162400493e-103
unless 2.08772836288e-103 1.48374159105e-103 1.83414074566e-103 2.81951234368e-103 0.00300162400493
unused 2.08773125385e-103 1.48374159105e-103 0.00183414074566 2.81951234368e-103 1.09064421819e-88
up 0.00208772994214 1.48374159105e-103 0.00366828010388 2.81951234368e-103 1.01724534209e-80
upon 5.91731895702e-23 1.48374159105e-103 1.83414074566e-103 0.00281951234368 3.00162400493e-103
us 2.08772836288e-103 1.48374159105e-103 0.00183414074566 2.81951234368e-103 3.00162400663e-103
use 2.08819115779e-103 0.00148374159105 1.83414074566e-103 0.00281951234368 3.44567024161e-53
used 2.08813909711e-103 0.00148374159105 1.83414074566e-103 2.81951234368e-103 1.28425759007e-51
ushers 9.94926463405e-10 0.00148374088395 1.61009036268e-24 2.81951234368e-103 3.00170542953e-103
usurer 2.08772836288e-103 0.00148374159105 1.83414074566e-103 2.81951234368e-103 4.74126962163e-56
usury 2.08772836288e-103 1.48374159105e-103 1.83414074566e-103 0.00281951234368 3.00162400493e-103
vainly 2.08772836288e-103 0.00148374159105 1.83414074566e-103 2.81951234368e-103 3.14807142476e-103
vanished 0.00208772836288 1.4837420475e-103 2.76346625702e-78 2.81951234368e-103 3.00162400493e-103
vanishing 6.80664388095e-75 0.00148374159105 1.83414074566e-103 2.81951234368e-103 3.00165785698e-103
vaunt 2.08772836288e-103 1.48374159105e-103 1.83414074566e-103 2.81951234368e-103 0.00300162400493
verse 2.08783932202e-103 0.00148374159105 2.19647134331e-34 2.81951234368e-103 3.0016240845e-103
vice 2.08772836288e-103 0.00148374159105 9.79697983095e-31 2.81951234368e-103 3.00162400496e-103
virtuous 0.00208772836288 0.00148374159105 1.83414074566e-103 2.81951234368e-103 5.26056119569e-57
visage 0.00208772836288 1.48374159105e-103 1.83414074566e-103 2.00265870594e-45 3.00162400493e-103
votary 2.08772836288e-103 1.48374159105e-103 0.00183414074566 2.81951234368e-103 3.00162400656e-103
vows 2.08772836407e-103 0.00148374159105 5.1810974885e-51 2.81951234368e-103 2.37434007819e-32
wandring 2.08772950367e-103 1.48374159105e-103 1.83414074566e-103 0.00281951234368 3.00162400493e-103
wanting 2.08772836288e-103 1.48374159105e-103 1.83414074566e-103 0.00281951234368 3.00162400493e-103
wanton 2.08772836288e-103 0.00148374159105 1.83414074566e-103 2.81951234368e-103 7.30660146955e-83
wantonly 2.08772836288e-103 1.48374159105e-103 1.83414074566e-103 0.00281951234368 3.00162400493e-103
war 2.08772836288e-103 1.48374159105e-103 0.00183414074566 2.81951234368e-103 3.00162400656e-103
warrantise 2.08772844843e-103 1.48374159105e-103 0.00183414074566 2.81951234368e-103 3.00211670676e-103
wars 2.08159438055e-71 0.00148374159105 1.83414074733e-103 2.81951234368e-103 5.80864491556e-40
was 2.08772836288e-103 1.48374159105e-103 0.00550242177231 0.00281951234368 0.00600324877031
wasteful 5.15070259359e-74 0.00148374159105 1.83414074566e-103 2.81951234368e-103 3.00162400493e-103
watery 0.00208772836288 1.48374159105e-103 1.83414074566e-103 9.50779883979e-21 3.00162400493e-103
we 3.20290541381e-92 1.48374159105e-103 1.83414074566e-103 0.00563902468736 3.00162400493e-103
weakness 0.00208772836288 1.48374159105e-103 2.37676701677e-74 2.81951234368e-103 3.00162400493e-103
wealth 0.00208772836288 1.48374159105e-103 1.83414074566e-103 7.28081158682e-70 3.00162400493e-103
weep 1.66127627321e-71 0.00148374159105 1.83414074566e-103 0.00281951234368 3.00162400493e-103
welfare 2.08772836288e-103 3.55689665965e-39 1.83414074566e-103 2.81951234368e-103 0.00300162400493
well 0.0041378194403 1.50991795395e-103 0.00363703796884 0.00291837088751 1.0012121191e-90
were 1.09954614231e-39 0.00296748318209 8.50842919319e-25 0.00281951234368 2.31672592789e-41
what 2.78048636237e-91 0.00284422086914 0.0018341407426 2.81951234368e-103 0.00925423290562
when 1.16148487211e-84 0.00342387115833 0.00368829649342 2.81951234368e-103 0.0290602075057
whence 2.08772836288e-103 1.48374159105e-103 1.83414074566e-103 2.81951234368e-103 0.00300162400493
where 0.00208806592719 0.00202671404753 0.00299678455865 2.81951234368e-103 4.52226083737e-51
wherein 0.00208772836288 1.48374159105e-103 1.83414074566e-103 2.81951234368e-103 3.00162400493e-103
whereon 1.14519542613e-22 1.48374159105e-103 3.52381088471e-29 2.81951234368e-103 0.00300162400493
whether 2.44807176639e-75 0.00148374159105 1.83414074566e-103 2.81951234368e-103 3.0016272156e-103
which 2.31261726537e-74 2.23604058687e-30 0.0128658099763 2.81951778312e-103 0.017965844545
whilst 1.28410956038e-58 1.48374159105e-103 8.15298119088e-78 2.81951234368e-103 0.0090048720148
white 2.08772836288e-103 1.48374159105e-103 1.83414074566e-103 0.00281951234368 3.00162400493e-103
who 0.00208806534715 0.00141347125415 1.83414074566e-103 2.81951234368e-103 0.00314329709787
whom 7.23943407358e-24 6.55623933598e-25 1.33402902347e-21 2.81951234368e-103 0.00300162400493
whos 2.08772836288e-103 0.00148374159105 1.83414074566e-103 2.81951234368e-103 1.0038610029e-56
whose 0.00417550175204 0.00296745118207 7.65585689637e-44 2.81951234368e-103 5.78236920677e-94
why 2.15649675564e-103 0.00735157617026 2.47866584682e-38 2.81951234368e-103 0.0151439282938
wide 2.08772839356e-103 9.15644230576e-49 0.00366828149132 0.00281951234368 3.0019068817e-103
widow 0.00417545672576 3.90351677513e-42 1.17434193158e-33 2.81951234368e-103 3.00222056184e-103
will 1.04544178118e-45 0.00809495211095 0.00646646008937 0.00281951234368 0.00305752372121
wilt 2.08775735495e-103 0.0029673812056 1.82100231264e-15 2.81951234368e-103 0.00300183030439
win 2.08790351941e-103 0.002102767141 0.0010689266473 2.81951234368e-103 3.40313368574e-54
wind 2.08772836288e-103 1.48374159105e-103 1.83414074566e-103 0.00281951234368 3.00162400493e-103
winds 2.08772836288e-103 1.48374159105e-103 1.83414074566e-103 0.00281951234368 3.00162400493e-103
windy 2.08772836403e-103 0.00148374159105 7.85657920034e-30 2.81951234368e-103 3.00162400493e-103
wing 2.08772836288e-103 1.48374159105e-103 1.83414074566e-103 0.00281951234368 3.00162400493e-103
wisdom 2.08772836288e-103 0.00148374159105 3.24179985694e-25 2.81951234368e-103 3.00162400495e-103
wish 2.08772836553e-103 0.00148374159105 1.37053158152e-26 2.81951234368e-103 3.00162400493e-103
wishing 2.08772836288e-103 1.48374159105e-103 1.83414074566e-103 2.81951234368e-103 0.00300162400493
wit 0.00208773176963 1.41578232575e-85 1.05705679259e-09 0.00281951234368 0.00300161737698
with 2.08772838108e-103 3.9435138416e-17 0.0275119231032 2.81951234368e-103 0.0120068038209
within 2.08772836295e-103 0.00125660337638 0.00211491972829 2.81951234368e-103 3.0016246766e-103
without 2.08772836288e-103 1.48374159105e-103 0.00183414074566 2.81951234368e-103 3.00162400506e-103
woe 2.08772836288e-103 1.48374159105e-103 1.83414074566e-103 0.00563902468736 3.00162400493e-103
woman 2.08772836288e-103 0.00148374159105 1.83414074566e-103 2.81951234368e-103 3.58201000085e-69
womans 0.00208772836288 1.48374159105e-103 1.83414074566e-103 2.81951234368e-103 3.00162400493e-103
womb 2.08772836288e-103 1.48374159105e-103 1.83414074566e-103 0.00281951234368 3.00162400493e-103
won 2.08772836288e-103 1.48374159105e-103 1.83414074566e-103 0.00281951234368 3.00162400493e-103
woos 2.08772836288e-103 0.00148374159105 8.42704663832e-28 2.81951234368e-103 3.00162400517e-103
word 2.08772836291e-103 2.27286798221e-38 0.00183414074566 2.81951234368e-103 3.00162400654e-103
words 2.08772836288e-103 1.48374159105e-103 1.83414074566e-103 0.00281951234368 3.00162400493e-103
works 2.08772839194e-103 0.001483741591 5.37981365112e-14 2.81951234368e-103 3.00167311652e-103
world 0.00809891371872 0.00166283696147 1.63645868735e-52 2.81951234368e-103 2.14869819262e-70
worms 2.08772836292e-103 0.00148374159105 1.83414074566e-103 2.81951234368e-103 3.14807142388e-103
worst 2.0877285208e-103 1.48374159105e-103 0.00183414074566 2.81951234368e-103 3.0023312213e-103
worth 0.00626318508864 6.13726222779e-78 6.45895393197e-78 2.81951234368e-103 3.00164268802e-103
would 2.22727873246e-52 0.00148374159105 0.0091707037283 8.9798458064e-74 1.72825615417e-43
wound 1.33631280215e-28 0.00148374159105 5.13576006199e-33 2.81951234368e-103 3.00162754397e-103
wretch 0.00208772836288 1.48374159105e-103 1.83414074566e-103 2.81951244657e-103 3.00162400493e-103
wretched 2.08772836288e-103 0.00148374159105 1.83414074566e-103 2.81951234368e-103 3.90586415347e-56
wrinkles 4.99640186018e-75 0.00148374159105 1.83414074566e-103 2.81951234368e-103 3.00229744478e-103
write 2.08780061093e-103 0.00245138867535 0.00614039718432 0.00563902468736 3.52349484832e-54
writes 2.66398430281e-10 0.00148374140172 4.40109978523e-21 2.81951234368e-103 1.12489398906e-53
wrongfully 0.00208772836288 1.48374159105e-103 1.83414074566e-103 2.81951234368e-103 3.00162400493e-103
wrongs 2.08772836288e-103 1.48374159105e-103 1.83414074566e-103 0.00281951234368 3.00162400493e-103
ye 2.08772836288e-103 1.48374159105e-103 1.83414074566e-103 0.00281951234368 3.00162400493e-103
yellow 2.08772843346e-103 1.48374159105e-103 0.00183414074566 2.81951234368e-103 3.00195674114e-103
yet 1.45585306251e-35 0.0041256943675 0.00196663247315 2.81951234368e-103 0.012448220753
yield 2.08772836288e-103 3.19487447228e-19 0.00366828149132 2.81951234368e-103 3.00162434398e-103
you 0.00396581538814 0.00616307065091 0.00417793663664 2.81951234368e-103 0.00500913657081
young 2.08772836288e-103 1.48374159105e-103 1.83414074566e-103 0.00281951234368 3.00162400493e-103
your 0.00626319014888 1.84474995726e-33 0.00916863805566 2.08703179378e-36 0.00600662126713
youth 2.08772836288e-103 1.48374159105e-103 1.83414074566e-103 0.00281951234368 3.00162400493e-103
youthful 2.08772836296e-103 0.00148374159105 1.44899776435e-18 2.81951234368e-103 3.00162400501e-103
