9.153712339321186981e-42 6.448170831531899334e-103 1.200001372533447457e-68 1.063588190338212925e-79 1.924953823675323514e-02 1.254172605597237600e-91 8.323080959687005898e-01 1.484423657945461439e-01 6.436184323028020504e-103 2.045300320644617750e-102 6.358890973593102408e-103 6.363505537050301616e-103
4.563718912431172746e-03 2.483601619441568042e-02 4.607444924705043382e-103 2.312908637488009901e-66 9.706002648931530974e-01 4.560252590788293593e-45 6.955466900352841055e-88 1.113907999505618452e-72 2.409933104402917110e-52 6.329719338948192261e-64 4.559869710869866357e-103 3.912098295643706909e-76
6.792818418004635000e-103 3.815352623655873127e-78 7.026144549926519174e-103 6.951490384953114415e-103 6.878606991775458985e-103 1.727317200287638854e-01 7.143841491153451731e-103 7.094002719356734038e-103 8.136718687928951565e-26 8.272682799712360868e-01 6.627958438805049540e-103 6.627958438805049540e-103
2.954065097881186341e-103 3.669844348813752026e-44 1.808372369489566753e-82 2.834405992102200573e-53 1.454911514050238452e-55 2.064738229224577781e-01 4.409188506952209460e-54 2.074879846479029582e-68 7.935261770775311474e-01 1.109789415748309215e-14 2.906426502218827334e-103 3.202251247682598524e-103
5.767260080612638280e-33 9.842912955622591664e-02 1.467777421792453146e-71 1.302567548629371685e-01 2.886254845375458075e-20 5.981571433644282938e-56 3.461890018860518802e-61 3.001656877630312723e-03 2.061481517299756751e-60 1.928759731468859825e-23 2.824958880311678128e-103 7.683124587032065245e-01
4.683908937990761382e-94 2.800985507779832906e-01 1.116233704369755799e-101 4.114078880920125636e-01 6.151870530998857553e-20 2.799723502048269697e-01 1.175305904359206432e-67 2.852121092517723860e-02 3.320489917448837039e-34 4.078365029243335068e-41 2.856962772536755265e-103 1.695152010597044096e-69
1.290524395867842858e-02 1.675083567825267979e-41 6.388666039887077458e-03 6.301875831269609168e-103 5.623762643315727429e-61 9.098753407345391286e-01 6.110697908705388298e-69 1.904247406720533600e-57 7.083074858806964746e-02 6.788258089942265128e-10 6.153760454307594812e-103 6.158470181128815095e-103
1.101001371569479066e-59 4.389117400265317791e-60 1.303568311339876134e-56 6.901252165428622885e-80 1.156044998833218518e-96 5.781300637726652641e-37 2.170213443173757140e-01 1.448169537637540027e-01 3.049839777644687138e-28 6.381617019188702278e-01 6.864855961513893587e-103 9.668432614616366851e-102
3.527199398132225434e-103 2.685288430571817209e-01 2.794436798116002654e-96 2.184970822602275708e-01 4.004147677368382063e-01 3.951101562025348156e-21 3.676530148419022069e-103 5.597655665027662056e-40 6.003511938260851729e-08 2.995729686946114687e-41 3.514507878833331976e-103 1.125592469106332372e-01
4.533677656901002367e-80 2.097867462774269040e-02 1.293093258034090425e-93 4.214565016844018519e-01 1.109904653918869777e-01 3.245158286752639065e-02 1.141313456151432635e-57 4.141114442148062791e-01 3.983578596055396014e-32 1.133121363574132371e-05 4.591829981792165248e-103 4.702463984186485537e-103
5.071123393957885916e-01 1.249982881442162666e-31 4.928876606042114084e-01 3.432242713957565522e-103 3.290710713844824344e-103 3.395874695074571540e-103 3.528201970808266628e-103 1.015465321059429264e-82 3.607093747157719835e-103 3.452946639357544684e-103 3.289473684210526616e-103 3.289473684210526616e-103
0.000000000000000000e+00 0.000000000000000000e+00 0.000000000000000000e+00 0.000000000000000000e+00 0.000000000000000000e+00 0.000000000000000000e+00 0.000000000000000000e+00 0.000000000000000000e+00 0.000000000000000000e+00 0.000000000000000000e+00 0.000000000000000000e+00 0.000000000000000000e+00
