9.749510088264245112e-27 4.229441069348431661e-41 4.534302401252565885e-48 2.808672548705722611e-103 9.575534078086231315e-28 5.155337959699867190e-01 5.701392763615655749e-29 4.794029633529477974e-01 5.063240677065395171e-03 1.902268906704575978e-32 2.779641272044087817e-103 7.780541811948407355e-34
8.935800852113754411e-01 3.939403994473478701e-45 4.764216026435455764e-58 5.251683390514482702e-78 5.882615235757719663e-02 2.091069313819713224e-39 4.759376243104748716e-02 2.837261044847200014e-25 7.310159685179077471e-47 1.081583404015139762e-31 7.774262549399419713e-103 1.828791174485037097e-78
3.220765258193804913e-54 1.356643940202450493e-01 5.067822971189869241e-01 1.262029020592545545e-57 5.417904661452752230e-21 3.060722291304394054e-40 3.575533088607680265e-01 1.936440773418015581e-31 5.998812293391061660e-44 5.078755553140085180e-24 2.926154734322648545e-103 1.242368587450341669e-70
9.441125892012499608e-54 6.299191891556822626e-70 6.540684912472394252e-01 4.783776537798458766e-45 1.814978163009070625e-56 1.891544407701186799e-87 3.459315087527605193e-01 6.954257849279106514e-77 1.946195126866230773e-48 1.333650096752134064e-25 4.189938232028456472e-103 4.190236246075182782e-103
1.982960318790069188e-51 4.626530622698998356e-59 6.290449766795193933e-50 7.274269220726560345e-103 2.106034317700336833e-01 2.229336443592411233e-53 1.696757397627244308e-68 3.975966470725190817e-52 1.747047922316998042e-36 7.893965682299662889e-01 6.962288249255457526e-103 3.943537223096376947e-89
2.125292462534574708e-11 1.008443057709310919e-01 6.671919987590756884e-55 1.060275220992216820e-02 3.801128962795290289e-14 3.241458750036196749e-28 1.836773131261430899e-36 4.040616948887636142e-27 2.236031217984116927e-39 3.288406639990233657e-47 3.526497675033687170e-103 8.885529419978559496e-01
2.409819545867910637e-41 9.216584200014802487e-52 8.923446130329185439e-39 6.049573976923803489e-60 2.971984078210358066e-02 8.640185902864344625e-02 2.539638530357723226e-42 5.094177271970402987e-23 8.321644522632117846e-01 5.171384792604120928e-02 3.471393303703192873e-103 5.410566400346077801e-22
2.306960840439234994e-01 4.141058834063750014e-26 2.262733774602806062e-47 7.968346781361306992e-27 2.081290433621390060e-02 3.582056339456399230e-01 8.120880315408361445e-55 2.124173097124036265e-14 1.356845636900839147e-01 4.978283686849981379e-22 4.892848362130826941e-103 2.546008139841175466e-01
5.290817799515181719e-01 1.245017330734428246e-01 1.375298181346743743e-29 3.619143932518265402e-83 1.663960291644041301e-01 4.071237519546699622e-38 1.800204578106348041e-01 2.072616144132490846e-26 3.565973412282492259e-61 2.386059068589847559e-29 3.713698552377895326e-103 2.579623984199067918e-33
4.303167913548991974e-01 4.660547912333030142e-49 9.705669979964802463e-02 7.820984247382278660e-103 4.465568688930035287e-84 9.332174715298807664e-21 2.238672762997164223e-01 2.487592325457363418e-01 1.239022153342521918e-47 8.890527980377473971e-20 7.795513390741492433e-103 3.965002800483856317e-55
3.346351720350360614e-103 6.626880388158545854e-02 1.026587478125369559e-64 7.751987082577268540e-01 1.585324878606876042e-01 3.290505914148284813e-103 3.296024540512405963e-103 3.307381241454223107e-103 2.728205808076395835e-60 3.622458120394248705e-35 3.289473684210526616e-103 3.289473684210526616e-103
0.000000000000000000e+00 0.000000000000000000e+00 0.000000000000000000e+00 0.000000000000000000e+00 0.000000000000000000e+00 0.000000000000000000e+00 0.000000000000000000e+00 0.000000000000000000e+00 0.000000000000000000e+00 0.000000000000000000e+00 0.000000000000000000e+00 0.000000000000000000e+00
