3.568968898443285810e-11 4.072573210905806001e-27 3.636919703181028777e-94 2.179140694511870757e-01 8.623164002021187487e-47 6.657178349997474565e-66 6.617893390062328795e-85 7.820859305131232508e-01 4.794217104060277837e-83 3.111337532709955301e-66 5.254952541950546076e-103 1.083958809643407048e-70
1.198366836274483427e-01 2.760843526235427346e-49 2.215266890960155151e-83 1.599690483438426603e-38 2.550849624612126429e-02 9.605880818094641495e-58 8.413995909712788223e-75 3.770387613607350099e-63 2.140963041385736654e-65 8.546548201264303479e-01 5.100766360568631689e-103 2.960905861189940432e-23
9.431591808501941899e-86 5.952428122024579635e-100 5.292551472105279494e-103 5.037960339689088529e-103 7.084441192401626586e-91 3.255435015946822413e-30 7.549173310823236172e-01 5.141397320688735147e-103 6.991797739580095798e-81 2.450826689176764384e-01 4.882745626761598640e-103 5.038194621589969989e-103
3.724389130233835595e-44 5.525381799565127865e-03 4.767162598830270256e-58 9.215872898781372197e-03 4.288224373121609785e-103 1.898979477666430693e-61 2.778912707644821021e-55 9.268212984177277569e-01 2.233489292728501191e-39 5.843744688392576991e-02 4.098474088060843954e-103 1.946518970761039113e-23
2.466342036436617105e-02 7.038421376427894746e-37 8.314171847408059924e-94 5.986808275907312196e-103 5.787438969825614654e-103 6.073634333069010809e-103 4.109301738577696766e-92 5.985213193858696320e-103 9.753365796356339157e-01 3.994004937536483925e-78 5.787204778570381357e-103 5.790028540984221259e-103
5.742108660813832754e-01 4.162592624514904194e-01 4.320126072099415290e-103 7.361304093868358535e-39 5.476336920598057099e-76 3.049543283480023378e-54 3.197904527186589772e-75 1.437107242607447280e-30 5.443338338195083507e-54 1.177631401866599579e-24 3.913090741292680089e-103 9.529871467126251397e-03
7.500595415944001643e-02 2.292781085189395662e-01 1.089130352745939646e-47 4.281749355965972609e-44 5.544100273635306951e-62 2.873149266526038303e-01 2.589916634026191433e-01 1.019607056006323995e-61 1.494093472663974298e-01 1.046403822670492017e-42 4.747183102379989351e-103 4.752584316374556622e-103
2.299357877948438862e-71 7.561193632709881096e-02 2.754456038000649366e-103 1.200656900292309814e-01 2.671904918384633213e-103 2.104792035363926908e-47 3.809535121765935078e-11 1.932196747346781250e-24 4.852732077107638664e-65 7.819347727733926110e-05 2.666904976939806199e-103 8.042441801282974589e-01
2.231672174509088146e-72 5.780658366858747871e-02 3.145942607870503838e-01 3.384258553240766104e-02 2.504825341381927695e-02 1.931481599758432255e-01 1.929176523848325250e-29 7.931747674857165796e-46 9.711196096070111999e-03 3.658489605262218447e-01 4.951282113880838675e-103 2.989385373721362575e-61
1.492004993521280952e-59 1.707887004075456640e-41 1.254742302722163407e-99 4.851531571773362028e-01 3.445170671086554465e-103 5.099922677106398794e-01 4.854575112023942068e-03 1.937969399216046359e-32 6.238766184643898292e-40 1.936294380920936590e-76 3.268772659326607670e-103 3.515830802203824561e-103
3.300865548468124273e-103 3.426724187961460449e-103 4.646870589897929005e-01 3.308093147026973774e-103 5.353129410102070995e-01 3.404476150237740865e-103 3.461105621862998168e-103 3.296375588565429579e-103 3.371184202201455926e-103 4.023149378856808838e-103 3.289473684210526616e-103 3.289473684210526616e-103
0.000000000000000000e+00 0.000000000000000000e+00 0.000000000000000000e+00 0.000000000000000000e+00 0.000000000000000000e+00 0.000000000000000000e+00 0.000000000000000000e+00 0.000000000000000000e+00 0.000000000000000000e+00 0.000000000000000000e+00 0.000000000000000000e+00 0.000000000000000000e+00
